Track	Start_Time	Pitch	Duration	Dynamic
0.0	0.98	67	0.4	70
0.0	1.98	67	0.42	70
0.0	2.98	67	0.4	70
0.0	3.98	67	0.36	70
0.0	4.98	67	0.43	70
0.0	5.98	67	0.5	70
0.0	6.48	68	0.39	70
0.0	6.98	67	0.48	70
0.0	7.48	60	0.42	70
0.0	7.98	67	0.53	70
0.0	8.98	67	0.4	70
0.0	9.98	67	0.42	41
0.0	10.98	67	0.4	70
0.0	11.98	67	0.36	70
0.0	12.98	67	0.43	70
0.0	13.98	67	0.5	70
0.0	14.48	68	0.39	70
0.0	14.98	67	0.48	70
0.0	15.48	60	0.42	70
0.0	15.98	67	0.53	70
0.0	16.98	67	0.4	70
0.0	17.98	67	0.42	75
0.0	18.98	67	0.4	79
0.0	19.98	67	0.36	83
0.0	20.98	67	0.43	87
0.0	21.98	67	0.5	91
0.0	22.48	68	0.39	93
0.0	22.98	67	0.48	95
0.0	23.48	60	0.42	97
0.0	23.98	67	0.53	72
0.0	24.98	67	0.4	70
0.0	25.98	67	0.42	70
0.0	26.98	67	0.4	86
0.0	27.98	67	0.36	80
0.0	28.98	67	0.43	78
0.0	29.98	67	0.5	68
0.0	30.48	68	0.39	83
0.0	30.98	67	0.48	70
0.0	31.48	60	0.42	75
0.0	31.98	67	0.53	72
0.0	32.98	67	0.4	70
0.0	33.98	67	0.42	70
0.0	34.98	67	0.4	86
0.0	35.98	67	0.36	80
0.0	36.98	67	0.43	78
0.0	37.98	67	0.5	68
0.0	38.48	68	0.39	83
0.0	38.98	67	0.48	70
0.0	39.48	60	0.42	75
0.0	39.98	67	0.53	72
0.0	40.98	67	0.4	70
0.0	41.98	67	0.42	70
0.0	42.98	67	0.4	86
0.0	43.98	67	0.36	80
0.0	44.98	67	0.43	78
0.0	45.98	67	0.5	68
0.0	46.48	68	0.39	83
0.0	46.98	67	0.48	70
0.0	47.48	60	0.42	75
0.0	47.98	60	0.91	83
0.0	48.98	67	0.4	70
0.0	49.48	58	2.98	63
0.0	52.98	67	0.43	78
0.0	53.48	55	0.53	78
0.0	54.48	68	0.39	83
0.0	54.98	64	4.21	83
0.0	59.98	67	0.36	80
0.0	60.98	67	0.43	78
0.0	61.98	67	0.5	68
0.0	62.48	68	0.39	83
0.0	62.98	67	0.48	70
0.0	63.48	60	0.42	75
0.0	63.98	67	0.53	72
0.0	64.98	67	0.4	70
0.0	65.48	58	2.98	63
0.0	68.98	67	0.43	78
0.0	69.48	55	0.53	78
0.0	70.48	68	0.39	83
0.0	70.98	67	0.48	70
0.0	71.48	60	0.42	75
0.0	71.98	67	0.53	72
0.0	72.98	67	0.4	70
0.0	73.98	67	0.42	70
0.0	74.98	67	0.4	86
0.0	75.98	67	0.36	80
0.0	76.98	67	0.43	78
0.0	77.98	67	0.5	68
0.0	78.48	68	0.39	83
0.0	78.98	67	0.48	70
0.0	79.48	60	0.42	75
0.0	79.98	67	0.53	72
0.0	80.98	67	0.4	70
0.0	81.98	67	0.42	70
0.0	82.98	67	0.4	86
0.0	83.98	67	0.36	80
0.0	84.98	67	0.43	78
0.0	85.98	67	0.5	68
0.0	86.48	68	0.39	83
0.0	86.98	67	0.48	70
0.0	87.48	60	0.42	75
0.0	87.98	67	0.53	72
0.0	88.98	67	0.4	70
0.0	89.98	67	0.42	70
0.0	90.98	67	0.4	86
0.0	91.98	67	0.36	80
0.0	92.98	67	0.43	78
0.0	93.98	67	0.5	68
0.0	94.48	68	0.39	83
0.0	94.98	67	0.48	70
0.0	95.48	60	0.42	75
0.0	95.98	67	0.53	72
0.0	96.98	67	0.4	70
0.0	97.98	67	0.42	70
0.0	98.98	67	0.4	86
0.0	99.98	67	0.36	80
0.0	100.98	67	0.43	78
0.0	101.98	67	0.5	68
0.0	102.48	68	0.39	83
0.0	102.98	67	0.48	70
0.0	103.48	60	0.42	75
0.0	103.98	67	0.53	72
0.0	104.98	67	0.4	70
0.0	105.98	67	0.42	70
0.0	106.98	67	0.4	86
0.0	107.98	67	0.36	80
0.0	108.98	67	0.43	78
0.0	109.98	67	0.5	68
0.0	110.48	68	0.39	83
0.0	110.98	67	0.48	70
0.0	111.48	60	0.42	75
0.0	111.98	67	0.53	72
0.0	112.98	67	0.4	70
0.0	113.98	67	0.42	70
0.0	114.98	67	0.4	86
0.0	115.98	67	0.36	80
0.0	116.98	67	0.43	78
0.0	117.98	67	0.5	68
0.0	118.48	68	0.39	83
0.0	118.98	67	0.48	70
0.0	119.48	60	0.42	75
0.0	119.98	67	0.53	72
0.0	120.98	67	0.4	70
0.0	121.98	67	0.42	70
0.0	122.98	67	0.4	86
0.0	123.98	67	0.36	80
0.0	124.98	67	0.43	78
0.0	125.98	67	0.5	68
0.0	126.48	68	0.39	83
0.0	126.98	67	0.48	70
0.0	127.48	60	0.42	75
0.0	127.98	67	0.53	72
0.0	128.98	67	0.4	70
0.0	129.98	67	0.42	70
0.0	130.98	67	0.4	86
0.0	131.98	67	0.36	80
0.0	132.98	67	0.43	78
0.0	133.98	67	0.5	68
0.0	134.48	68	0.39	83
0.0	134.98	67	0.48	70
0.0	135.48	60	0.42	75
0.0	135.98	67	0.53	72
0.0	136.98	67	0.4	70
0.0	137.98	67	0.42	70
0.0	138.98	67	0.4	86
0.0	139.98	67	0.36	80
0.0	140.98	67	0.43	78
0.0	141.98	67	0.5	68
0.0	142.48	68	0.39	83
0.0	142.98	67	0.48	70
0.0	143.48	60	0.42	75
0.0	143.98	67	0.53	72
0.0	144.98	67	0.4	70
0.0	145.98	67	0.42	70
0.0	146.98	67	0.4	86
0.0	147.98	67	0.36	80
0.0	148.98	67	0.43	78
0.0	149.98	67	0.5	68
0.0	150.48	68	0.39	83
0.0	150.98	67	0.48	70
0.0	151.48	60	0.42	75
0.0	151.98	67	0.53	72
0.0	152.98	67	0.4	70
0.0	153.98	67	0.42	70
0.0	154.98	67	0.4	86
0.0	155.98	67	0.36	80
0.0	156.98	67	0.43	78
0.0	157.98	67	0.5	68
0.0	158.48	68	0.39	83
0.0	158.98	67	0.48	70
0.0	159.48	60	0.42	75
0.0	159.98	67	0.53	72
0.0	160.98	67	0.4	70
0.0	161.98	67	0.42	70
0.0	162.98	67	0.4	86
0.0	163.98	67	0.36	80
0.0	164.98	67	0.43	78
0.0	165.98	67	0.5	68
0.0	166.48	68	0.39	83
0.0	166.98	67	0.48	70
0.0	167.48	60	0.42	75
0.0	167.98	67	0.53	72
0.0	168.98	67	0.4	70
0.0	169.98	67	0.42	70
0.0	170.98	67	0.4	86
0.0	171.98	67	0.36	80
0.0	172.98	67	0.43	78
0.0	173.98	67	0.5	68
0.0	174.48	68	0.39	83
0.0	174.98	67	0.48	70
0.0	175.48	60	0.42	75
0.0	175.98	67	0.53	72
0.0	176.98	67	0.4	70
0.0	177.98	67	0.42	70
0.0	178.98	67	0.4	86
0.0	179.98	67	0.36	80
0.0	180.98	67	0.43	78
0.0	181.98	67	0.5	68
0.0	182.48	68	0.39	83
0.0	182.98	67	0.48	70
0.0	183.48	60	0.42	75
0.0	183.98	67	0.53	72
0.0	184.98	67	0.4	70
0.0	185.98	67	0.42	70
0.0	186.98	67	0.4	86
0.0	187.98	67	0.36	80
0.0	188.98	67	0.43	78
0.0	189.98	67	0.5	68
0.0	190.48	68	0.39	83
0.0	190.98	67	0.48	70
0.0	191.48	60	0.42	75
0.0	191.98	67	0.53	72
0.0	192.98	67	0.4	70
0.0	193.98	67	0.42	70
0.0	194.98	67	0.4	86
0.0	195.98	67	0.36	80
0.0	196.98	67	0.43	78
0.0	197.98	67	0.5	68
0.0	198.48	68	0.39	83
0.0	198.98	67	0.48	70
0.0	199.48	60	0.42	75
0.0	199.98	67	0.53	72
0.0	200.98	67	0.4	70
0.0	201.98	67	0.42	70
0.0	202.98	67	0.4	86
0.0	203.98	67	0.36	80
0.0	204.98	67	0.43	78
0.0	205.98	67	0.5	68
0.0	206.48	68	0.39	83
0.0	206.98	67	0.48	70
0.0	207.48	60	0.42	75
0.0	207.98	67	0.53	72
0.0	208.98	67	0.4	70
0.0	209.98	67	0.42	70
0.0	210.98	67	0.4	86
0.0	211.98	67	0.36	80
0.0	212.98	67	0.43	78
0.0	213.98	67	0.5	68
0.0	214.48	68	0.39	83
0.0	214.98	67	0.48	70
0.0	215.48	60	0.42	75
0.0	215.98	67	0.53	72
0.0	216.98	67	0.4	70
0.0	217.98	67	0.42	70
0.0	218.98	67	0.4	86
0.0	219.98	67	0.36	80
0.0	220.98	67	0.43	78
0.0	221.98	67	0.5	68
0.0	222.48	68	0.39	83
0.0	222.98	67	0.48	70
0.0	223.48	60	0.42	75
0.0	223.98	67	0.53	72
0.0	224.98	67	0.4	70
0.0	225.98	67	0.42	70
0.0	226.98	67	0.4	86
0.0	227.98	67	0.36	80
0.0	228.98	67	0.43	78
0.0	229.98	67	0.5	68
0.0	230.48	68	0.39	83
0.0	230.98	67	0.48	70
0.0	231.48	60	0.42	75
0.0	231.98	67	0.53	72
0.0	232.98	67	0.4	70
0.0	233.98	67	0.42	70
0.0	234.98	67	0.4	86
0.0	235.98	67	0.36	80
0.0	236.98	67	0.43	78
0.0	237.98	67	0.5	68
0.0	238.48	68	0.39	83
0.0	238.98	67	0.48	70
0.0	239.48	60	0.42	75
0.0	239.98	67	0.53	72
0.0	240.98	67	0.4	70
0.0	241.98	67	0.42	70
0.0	242.98	67	0.4	86
0.0	243.98	67	0.36	80
0.0	244.98	67	0.43	78
0.0	245.98	67	0.5	68
0.0	246.48	68	0.39	83
0.0	246.98	67	0.48	70
0.0	247.48	60	0.42	75
0.0	247.98	67	0.53	72
0.0	248.98	67	0.4	70
0.0	249.98	67	0.42	70
0.0	250.98	67	0.4	86
0.0	251.98	67	0.36	80
0.0	252.98	67	0.43	78
0.0	253.98	67	0.5	68
0.0	254.48	68	0.39	83
0.0	254.98	67	0.48	70
0.0	255.48	60	0.42	75
0.0	255.98	67	0.53	72
0.0	256.98	67	0.4	70
0.0	257.98	67	0.42	70
0.0	258.98	67	0.4	86
0.0	259.98	67	0.36	80
0.0	260.98	67	0.43	78
0.0	261.98	67	0.5	68
0.0	262.48	68	0.39	83
0.0	262.98	67	0.48	70
0.0	263.48	60	0.42	75
0.0	263.98	67	0.53	72
0.0	264.98	67	0.4	70
0.0	265.98	67	0.42	70
0.0	266.98	67	0.4	86
0.0	267.98	67	0.36	80
0.0	268.98	67	0.43	78
0.0	269.98	67	0.5	68
0.0	270.48	68	0.39	83
0.0	270.98	67	0.48	70
0.0	271.48	60	0.42	75
0.0	271.98	67	0.53	72
0.0	272.98	67	0.4	70
0.0	273.98	67	0.42	70
0.0	274.98	67	0.4	86
0.0	275.98	67	0.36	80
0.0	276.98	67	0.43	78
0.0	277.98	67	0.5	68
0.0	278.48	68	0.39	83
0.0	278.98	67	0.48	70
0.0	279.48	60	0.42	75
0.0	279.98	67	0.53	72
0.0	280.98	67	0.4	70
0.0	281.98	67	0.42	70
0.0	282.98	67	0.4	86
0.0	283.98	67	0.36	80
0.0	284.98	67	0.43	78
0.0	285.98	67	0.5	68
0.0	286.48	68	0.39	83
0.0	286.98	67	0.48	70
0.0	287.48	60	0.42	75
0.0	287.98	67	0.53	72
0.0	288.98	67	0.4	70
0.0	289.98	67	0.42	70
0.0	290.98	67	0.4	86
0.0	291.98	67	0.36	80
0.0	292.98	67	0.43	78
0.0	293.98	67	0.5	68
0.0	294.48	68	0.39	83
0.0	294.98	67	0.48	70
0.0	295.48	60	0.42	75
0.0	295.98	67	0.53	72
0.0	296.98	67	0.4	70
0.0	297.98	67	0.42	70
0.0	298.98	67	0.4	86
0.0	299.98	67	0.36	80
0.0	300.98	67	0.43	78
0.0	301.98	67	0.5	68
0.0	302.48	68	0.39	83
0.0	302.98	67	0.48	70
0.0	303.48	60	0.42	75
0.0	303.98	67	0.53	72
0.0	304.98	67	0.4	70
0.0	305.98	67	0.42	70
0.0	306.98	67	0.4	86
0.0	307.98	67	0.36	80
0.0	308.98	67	0.43	78
0.0	309.98	67	0.5	68
0.0	310.48	68	0.39	83
0.0	310.98	67	0.48	70
0.0	311.48	60	0.42	75
0.0	311.98	67	0.53	72
0.0	312.98	67	0.4	70
0.0	313.98	67	0.42	70
0.0	314.98	67	0.4	86
0.0	315.98	67	0.36	80
0.0	316.98	67	0.43	78
0.0	317.98	67	0.5	68
0.0	318.48	68	0.39	83
0.0	318.98	67	0.48	70
0.0	319.48	60	0.42	75
0.0	319.98	67	0.53	72
0.0	320.98	67	0.4	70
0.0	321.98	67	0.42	70
0.0	322.98	67	0.4	86
0.0	323.98	67	0.36	80
0.0	324.98	67	0.43	78
0.0	325.98	67	0.5	68
0.0	326.48	68	0.39	83
0.0	326.98	67	0.48	70
0.0	327.48	60	0.42	75
0.0	327.98	67	0.53	72
0.0	328.98	67	0.4	70
0.0	329.98	67	0.42	70
0.0	330.98	67	0.4	86
0.0	331.98	67	0.36	80
0.0	332.98	67	0.43	78
0.0	333.98	67	0.5	68
0.0	334.48	68	0.39	83
0.0	334.98	67	0.48	70
0.0	335.48	60	0.42	75
0.0	335.98	67	0.53	72
0.0	336.98	67	0.4	70
0.0	337.98	67	0.42	70
0.0	338.98	67	0.4	86
0.0	339.98	67	0.36	80
0.0	340.98	67	0.43	78
0.0	341.98	67	0.5	68
0.0	342.48	68	0.39	83
0.0	342.98	67	0.48	70
0.0	343.48	60	0.42	75
0.0	343.98	67	0.53	72
0.0	344.98	67	0.4	70
0.0	345.98	67	0.42	70
0.0	346.98	67	0.4	86
0.0	347.98	67	0.36	80
0.0	348.98	67	0.43	78
0.0	349.98	67	0.5	68
0.0	350.48	68	0.39	83
0.0	350.98	67	0.48	70
0.0	351.48	60	0.42	75
0.0	351.98	67	0.53	72
0.0	352.98	67	0.4	70
0.0	353.98	67	0.42	70
0.0	354.98	67	0.4	86
0.0	355.98	67	0.36	80
0.0	356.98	67	0.43	78
0.0	357.98	67	0.5	68
0.0	358.48	68	0.39	83
0.0	358.98	67	0.48	70
0.0	359.48	60	0.42	75
0.0	359.98	67	0.53	72
0.0	360.98	67	0.4	70
0.0	361.98	67	0.42	70
0.0	362.98	67	0.4	86
0.0	363.98	67	0.36	80
0.0	364.98	67	0.43	78
0.0	365.98	67	0.5	68
0.0	366.48	68	0.39	83
0.0	366.98	67	0.48	70
0.0	367.48	60	0.42	75
0.0	367.98	67	0.53	72
0.0	368.98	67	0.4	70
0.0	369.98	67	0.42	70
0.0	370.98	67	0.4	86
0.0	371.98	67	0.36	80
0.0	372.98	67	0.43	78
0.0	373.98	67	0.5	68
0.0	374.48	68	0.39	83
0.0	374.98	67	0.48	70
0.0	375.48	60	0.42	75
0.0	375.98	67	0.53	72
0.0	376.98	67	0.4	70
0.0	377.98	67	0.42	70
0.0	378.98	67	0.4	86
0.0	379.98	67	0.36	80
0.0	380.98	67	0.43	78
0.0	381.98	67	0.5	68
0.0	382.48	68	0.39	83
0.0	382.98	67	0.48	70
0.0	383.48	60	0.42	75
0.0	383.98	67	0.53	72
0.0	384.98	67	0.4	70
0.0	385.98	67	0.42	70
0.0	386.98	67	0.4	86
0.0	387.98	67	0.36	80
0.0	388.98	67	0.43	78
0.0	389.98	67	0.5	68
0.0	390.48	68	0.39	83
0.0	390.98	67	0.48	70
0.0	391.48	60	0.42	75
0.0	391.98	67	0.53	72
0.0	392.98	67	0.4	70
0.0	393.98	67	0.42	70
0.0	394.98	67	0.4	86
0.0	395.98	67	0.36	80
0.0	396.98	67	0.43	78
0.0	397.98	67	0.5	68
0.0	398.48	68	0.39	83
0.0	398.98	67	0.48	70
0.0	399.48	60	0.42	75
0.0	399.98	67	0.53	72
0.0	400.98	67	0.4	70
0.0	401.98	67	0.42	70
0.0	402.48	58	2.98	63
0.0	405.98	67	0.5	68
0.0	406.48	68	0.39	83
0.0	406.98	67	0.48	70
0.0	407.48	60	0.42	75
0.0	407.98	67	0.53	72
0.0	408.98	67	0.4	70
0.0	409.4	64	4.21	83
0.0	413.98	67	0.5	68
0.0	414.48	68	0.39	83
0.0	414.98	67	0.48	70
0.0	415.48	60	0.42	75
0.0	415.98	67	0.53	72
0.0	416.98	67	0.4	70
0.0	417.57	62	0.49	72
0.0	418.98	67	0.4	86
0.0	419.98	67	0.36	80
0.0	420.98	67	0.43	78
0.0	421.48	53	0.53	78
0.0	422.48	68	0.39	83
0.0	422.98	67	0.48	70
0.0	423.48	60	0.42	75
0.0	423.98	67	0.53	72
0.0	424.98	67	0.4	70
0.0	425.98	67	0.42	70
0.0	426.98	67	0.4	86
0.0	427.98	67	0.36	80
0.0	428.98	67	0.43	78
0.0	429.98	67	0.5	68
0.0	430.48	68	0.39	83
0.0	430.98	67	0.48	70
0.0	431.48	60	0.42	75
0.0	431.98	67	0.53	72
0.0	432.98	67	0.4	70
0.0	433.98	67	0.42	70
0.0	434.98	67	0.4	86
0.0	435.98	67	0.36	80
0.0	436.98	67	0.43	78
0.0	437.98	67	0.5	68
0.0	438.48	68	0.39	83
0.0	438.98	67	0.48	70
0.0	439.48	60	0.42	75
0.0	439.98	58	0.53	78
0.0	440.98	67	0.4	70
0.0	441.98	67	0.42	70
0.0	442.98	67	0.4	86
0.0	443.98	67	0.36	80
0.0	444.98	67	0.43	78
0.0	445.98	67	0.5	68
0.0	446.48	68	0.39	83
0.0	446.98	67	0.48	70
0.0	447.48	60	0.42	75
0.0	447.98	58	0.53	78
0.0	448.98	67	0.4	70
0.0	449.98	67	0.42	70
0.0	450.98	67	0.4	86
0.0	451.48	65	0.53	78
0.0	452.98	67	0.43	78
0.0	453.98	67	0.5	68
0.0	454.48	68	0.39	83
0.0	454.98	67	0.48	70
0.0	455.48	60	0.42	75
0.0	455.98	67	0.53	72
0.0	456.98	67	0.4	70
0.0	457.98	67	0.42	70
0.0	458.98	67	0.4	86
0.0	459.98	67	0.36	80
0.0	460.98	67	0.43	78
0.0	461.98	67	0.5	68
0.0	462.48	68	0.39	83
0.0	462.98	67	0.48	70
0.0	463.48	60	0.42	75
0.0	463.98	67	0.53	72
0.0	464.98	67	0.4	70
0.0	465.98	67	0.42	70
0.0	466.98	67	0.4	86
0.0	467.98	67	0.36	80
0.0	468.98	67	0.43	78
0.0	469.98	67	0.5	68
0.0	470.48	68	0.39	83
0.0	470.98	67	0.48	70
0.0	471.48	60	0.42	75
0.0	471.98	67	0.53	72
0.0	472.98	67	0.4	70
0.0	473.98	67	0.42	70
0.0	474.98	67	0.4	86
0.0	475.98	67	0.36	80
0.0	476.98	67	0.43	78
0.0	477.98	67	0.5	68
0.0	478.48	68	0.39	83
0.0	478.98	67	0.48	70
0.0	479.48	60	0.42	75
0.0	479.98	67	0.53	72
0.0	480.98	67	0.4	70
0.0	481.98	67	0.42	70
0.0	482.98	67	0.4	86
0.0	483.98	67	0.36	80
0.0	484.98	67	0.43	78
0.0	485.98	67	0.5	68
0.0	486.48	68	0.39	83
0.0	486.98	67	0.48	70
0.0	487.48	60	0.42	75
0.0	487.98	67	0.53	72
0.0	488.98	67	0.4	70
0.0	489.98	67	0.42	70
0.0	490.98	67	0.4	86
0.0	491.98	67	0.36	80
0.0	492.98	67	0.43	78
0.0	493.98	67	0.5	68
0.0	494.48	68	0.39	83
0.0	494.98	67	0.48	70
0.0	495.48	60	0.42	75
0.0	495.98	67	0.53	72
0.0	496.98	67	0.4	70
0.0	497.98	67	0.42	70
0.0	498.98	67	0.4	86
0.0	499.98	67	0.36	80
0.0	500.98	67	0.43	78
0.0	501.98	67	0.5	68
0.0	502.48	68	0.39	83
0.0	502.98	67	0.48	70
0.0	503.48	60	0.42	75
0.0	503.98	67	0.53	72
0.0	504.98	67	0.4	70
0.0	505.98	67	0.42	70
0.0	506.98	67	0.4	86
0.0	507.98	67	0.36	80
0.0	508.98	67	0.43	78
0.0	509.98	67	0.5	68
0.0	510.48	68	0.39	83
0.0	510.98	67	0.48	70
0.0	511.48	60	0.42	75
0.0	511.98	67	0.53	72
0.0	512.98	67	0.4	70
0.0	513.98	67	0.42	70
0.0	514.98	67	0.4	86
0.0	515.98	67	0.36	80
0.0	516.98	67	0.43	78
0.0	517.98	67	0.5	68
0.0	518.48	68	0.39	83
0.0	518.98	67	0.48	70
0.0	519.48	60	0.42	75
0.0	519.98	67	0.53	72
0.0	520.98	67	0.4	70
0.0	521.98	67	0.42	70
0.0	522.98	67	0.4	86
0.0	523.98	67	0.36	80
0.0	524.98	67	0.43	78
0.0	525.98	67	0.5	68
0.0	526.48	68	0.39	83
0.0	526.98	67	0.48	70
0.0	527.48	60	0.42	75
0.0	527.98	67	0.53	72
0.0	528.98	67	0.4	70
0.0	529.98	67	0.42	70
0.0	530.98	67	0.4	86
0.0	531.98	67	0.36	80
0.0	532.98	67	0.43	78
0.0	533.98	67	0.5	68
0.0	534.48	68	0.39	83
0.0	534.98	67	0.48	70
0.0	535.48	60	0.42	75
0.0	535.98	67	0.53	72
0.0	536.98	67	0.4	70
0.0	537.98	67	0.42	70
0.0	538.98	67	0.4	86
0.0	539.98	67	0.36	80
0.0	540.98	67	0.43	78
0.0	541.98	67	0.5	68
0.0	542.48	68	0.39	83
0.0	542.98	67	0.48	70
0.0	543.48	60	0.42	75
0.0	543.98	67	0.53	72
0.0	544.98	67	0.4	70
0.0	545.98	67	0.42	70
0.0	546.98	67	0.4	86
0.0	547.98	67	0.36	80
0.0	548.98	67	0.43	78
0.0	549.98	67	0.5	68
0.0	550.48	68	0.39	83
0.0	550.98	67	0.48	70
0.0	551.48	60	0.42	75
0.0	551.98	67	0.53	72
0.0	552.98	67	0.4	70
0.0	553.98	67	0.42	70
0.0	554.98	67	0.4	86
0.0	555.98	67	0.36	80
0.0	556.98	67	0.43	78
0.0	557.98	67	0.5	68
0.0	558.48	68	0.39	83
0.0	558.98	67	0.48	70
0.0	559.48	60	0.42	75
0.0	559.98	67	0.53	72
0.0	560.98	67	0.4	70
0.0	561.98	67	0.42	70
0.0	562.98	67	0.4	86
0.0	563.98	67	0.36	80
0.0	564.98	67	0.43	78
0.0	565.98	67	0.5	68
0.0	566.48	68	0.39	83
0.0	566.98	67	0.48	70
0.0	567.48	60	0.42	75
0.0	567.98	67	0.53	72
0.0	568.98	67	0.4	70
0.0	569.98	67	0.42	70
0.0	570.98	67	0.4	86
0.0	571.98	67	0.36	80
0.0	572.98	67	0.43	78
0.0	573.98	67	0.5	68
0.0	574.48	68	0.39	83
0.0	574.98	67	0.48	70
0.0	575.48	60	0.42	75
0.0	575.98	67	0.53	72
0.0	576.98	67	0.4	70
0.0	577.98	67	0.42	70
0.0	578.98	67	0.4	86
0.0	579.98	67	0.36	80
0.0	580.98	67	0.43	78
0.0	581.98	67	0.5	68
0.0	582.48	68	0.39	83
0.0	582.98	67	0.48	70
0.0	583.48	60	0.42	75
0.0	583.98	67	0.53	72
0.0	584.98	67	0.4	70
0.0	585.98	67	0.42	70
0.0	586.98	67	0.4	86
0.0	587.98	67	0.36	80
0.0	588.98	67	0.43	78
0.0	589.98	67	0.5	68
0.0	590.48	68	0.39	83
0.0	590.98	67	0.48	70
0.0	591.48	60	0.42	75
0.0	591.98	67	0.53	72
0.0	592.98	67	0.4	70
0.0	593.98	67	0.42	70
0.0	594.98	67	0.4	86
0.0	595.98	67	0.36	80
0.0	596.98	67	0.43	78
0.0	597.98	67	0.5	68
0.0	598.48	68	0.39	83
0.0	598.98	67	0.48	70
0.0	599.48	60	0.42	75
0.0	599.98	67	0.53	72
0.0	600.98	67	0.4	70
0.0	601.98	67	0.42	70
0.0	602.98	67	0.4	86
0.0	603.98	67	0.36	80
0.0	604.98	67	0.43	78
0.0	605.98	67	0.5	68
0.0	606.48	68	0.39	83
0.0	606.98	67	0.48	70
0.0	607.48	60	0.42	75
0.0	607.98	67	0.53	72
0.0	608.98	67	0.4	70
0.0	609.98	67	0.42	70
0.0	610.98	67	0.4	86
0.0	611.98	67	0.36	80
0.0	612.98	67	0.43	78
0.0	613.98	67	0.5	68
0.0	614.48	68	0.39	83
0.0	614.98	67	0.48	70
0.0	615.48	60	0.42	75
0.0	615.98	67	0.53	72
0.0	616.98	67	0.4	70
0.0	617.98	67	0.42	70
0.0	618.98	67	0.4	86
0.0	619.98	67	0.36	80
0.0	620.98	67	0.43	78
0.0	621.98	67	0.5	68
0.0	622.48	68	0.39	83
0.0	622.98	67	0.48	70
0.0	623.48	60	0.42	75
0.0	623.98	67	0.53	72
0.0	624.98	67	0.4	70
0.0	625.98	67	0.42	70
0.0	626.98	67	0.4	86
0.0	627.98	67	0.36	80
0.0	628.98	67	0.43	78
0.0	629.98	67	0.5	68
0.0	630.48	68	0.39	83
0.0	630.98	67	0.48	70
0.0	631.48	60	0.42	75
0.0	631.98	67	0.53	72
0.0	632.98	67	0.4	70
0.0	633.98	67	0.42	70
0.0	634.98	67	0.4	86
0.0	635.98	67	0.36	80
0.0	636.98	67	0.43	78
0.0	637.98	67	0.5	68
0.0	638.48	68	0.39	83
0.0	638.98	67	0.48	70
0.0	639.48	60	0.42	75
0.0	47.48	55	0.49	103
0.0	47.98	67	0.53	72
0.0	48.98	62	0.49	72
0.0	49.98	67	0.42	70
0.0	50.98	67	0.4	86
0.0	51.98	67	0.36	80
0.0	52.98	53	0.53	78
0.0	53.98	67	0.5	68
0.0	54.48	65	0.49	83
0.0	54.98	67	0.48	70
0.0	55.48	60	0.42	75
0.0	55.98	67	0.53	72
0.0	56.98	67	0.4	70
0.0	57.98	67	0.42	70
0.0	58.98	67	0.4	86
0.0	63.48	55	0.49	103
0.0	63.98	60	0.91	83
0.0	64.98	62	0.49	72
0.0	65.98	67	0.42	70
0.0	66.98	67	0.4	86
0.0	67.98	67	0.36	80
0.0	68.98	53	0.53	78
0.0	69.98	67	0.5	68
0.0	70.48	65	0.49	83
0.0	70.98	64	4.21	83
0.0	399.48	55	0.49	103
0.0	399.98	60	0.91	83
0.0	401.98	62	0.49	72
0.0	402.98	67	0.4	86
0.0	403.98	67	0.36	80
0.0	404.98	67	0.43	78
0.0	406.98	53	0.53	78
0.0	408.48	65	0.49	83
0.0	409.98	67	0.42	70
0.0	410.98	67	0.4	86
0.0	411.98	67	0.36	80
0.0	412.98	67	0.43	78
0.0	415.48	55	0.49	103
0.0	415.98	60	0.91	83
0.0	417.98	67	0.42	70
0.0	421.98	67	0.5	68
0.0	422.98	65	0.49	83
0.0	423.48	64	4.21	83
0.0	431.48	53	0.53	78
0.0	432.07	58	0.53	78
0.0	439.48	53	0.53	78
0.0	440.07	62	0.53	78
0.0	447.48	53	0.53	78
0.0	448.07	62	0.53	78
0.0	451.98	67	0.36	80
0.0	452.98	64	0.53	78
0.0	407.48	55	0.53	78
0.0	417.98	58	2.98	63
0.0	421.98	55	0.53	78
0.0	432.07	62	0.53	78
0.0	439.98	67	0.53	72
0.0	447.98	67	0.53	72
1.0	15.9	36	8.11	99
1.0	27.82	41	4.16	95
1.0	39.82	40	4.16	116
1.0	47.96	36	8.07	116
1.0	59.73	41	4.24	80
1.0	63.99	55	7.06	80
1.0	71.73	40	4.24	116
1.0	79.9	36	8.11	99
1.0	91.82	41	4.16	95
1.0	103.82	40	4.16	116
1.0	111.96	36	8.07	116
1.0	123.73	41	4.24	80
1.0	127.99	55	7.06	80
1.0	135.73	40	4.24	116
1.0	143.9	36	24.08	99
1.0	171.77	41	4.28	75
1.0	183.78	40	4.22	103
1.0	191.82	36	8.13	116
1.0	203.73	41	4.24	116
1.0	215.82	40	4.16	103
1.0	223.82	36	8.16	108
1.0	235.77	41	4.28	75
1.0	263.82	40	4.24	103
1.0	272.07	36	7.99	116
1.0	283.82	41	4.16	95
1.0	295.82	40	4.16	116
1.0	303.96	36	8.07	116
1.0	315.73	41	4.24	80
1.0	319.99	55	7.06	80
1.0	327.73	40	4.24	116
1.0	335.9	36	8.11	99
1.0	347.82	41	4.16	95
1.0	359.82	40	4.16	116
1.0	367.96	36	8.07	116
1.0	379.73	41	4.24	80
1.0	383.99	55	7.06	80
1.0	391.73	40	4.24	116
1.0	399.9	36	8.11	99
1.0	411.82	41	4.16	95
1.0	423.98	40	4.16	103
1.0	431.98	36	40.16	108
1.0	495.98	36	8.13	116
1.0	507.73	41	4.24	80
1.0	511.98	36	8.13	116
1.0	523.73	41	4.24	116
1.0	535.82	40	4.16	103
1.0	543.82	36	8.16	108
1.0	555.77	41	4.28	75
1.0	567.77	40	4.22	103
1.0	575.82	36	8.13	116
1.0	587.73	41	4.24	116
1.0	599.82	41	8.32	103
1.0	623.96	41	15.91	116
1.0	23.82	40	4.16	103
1.0	31.82	36	8.16	108
1.0	43.77	41	4.28	75
1.0	55.78	40	4.22	103
1.0	63.82	36	8.13	116
1.0	75.73	41	4.24	116
1.0	87.82	40	4.16	103
1.0	95.82	36	8.16	108
1.0	107.77	41	4.28	75
1.0	119.78	40	4.22	103
1.0	127.82	36	8.13	116
1.0	139.73	41	4.24	116
1.0	167.82	40	4.16	116
1.0	175.96	36	8.07	116
1.0	187.73	41	4.24	80
1.0	191.99	55	7.06	80
1.0	199.73	40	4.24	116
1.0	207.9	36	8.11	99
1.0	219.82	41	4.16	95
1.0	231.82	40	4.16	116
1.0	239.96	36	24.08	116
1.0	267.98	41	4.16	95
1.0	279.82	40	4.16	103
1.0	287.82	36	8.16	108
1.0	299.77	41	4.28	75
1.0	311.77	40	4.22	103
1.0	319.82	36	8.13	116
1.0	331.73	41	4.24	116
1.0	343.82	40	4.16	103
1.0	351.82	36	8.16	108
1.0	363.77	41	4.28	75
1.0	375.77	40	4.22	103
1.0	383.82	36	8.13	116
1.0	395.73	41	4.24	116
1.0	407.82	40	4.16	103
1.0	415.82	36	8.24	108
1.0	427.9	41	4.16	95
1.0	503.77	40	4.22	103
1.0	511.99	55	7.06	80
1.0	519.73	40	4.24	116
1.0	527.9	36	8.11	99
1.0	539.82	41	4.16	95
1.0	551.82	40	4.16	116
1.0	559.96	36	8.07	116
1.0	571.73	41	4.24	80
1.0	575.99	55	7.06	80
1.0	583.73	40	4.24	116
1.0	591.9	46	8.11	99
1.0	607.73	44	16.24	95
1.0	31.92	55	8.07	127
1.0	95.92	55	8.07	127
1.0	223.92	55	8.07	127
1.0	287.92	55	8.07	127
1.0	351.92	55	8.07	127
1.0	415.92	55	8.07	127
1.0	543.92	55	8.07	127
2.0	127.98	43	31.99	70
2.0	256.09	46	21.28	42
2.0	416.09	46	21.28	42
2.0	495.99	55	36.08	61
3.0	247.0	57	1.16	1
3.0	249.86	57	0.79	1
3.0	251.36	60	0.53	16
3.0	253.55	64	1.02	1
3.0	255.48	57	1.08	18
3.0	258.23	67	0.43	30
3.0	260.65	57	1.93	35
3.0	264.4	57	1.28	4
3.0	267.08	69	0.29	40
3.0	270.26	64	0.21	31
3.0	437.87	57	0.79	1
3.0	439.37	60	0.53	16
3.0	441.56	64	1.02	1
3.0	443.48	57	1.08	18
3.0	446.23	67	0.43	30
3.0	448.66	57	1.93	35
3.0	452.41	57	1.28	4
3.0	455.08	69	0.29	40
4.0	280.22	64	3.83	45
4.0	288.46	60	7.58	45
4.0	300.09	65	3.82	45
4.0	311.88	64	4.25	45
4.0	319.85	60	8.06	45
4.0	331.27	65	4.58	45
4.0	344.13	64	3.74	45
4.0	351.62	60	8.28	45
4.0	363.98	65	3.99	45
4.0	375.72	64	4.29	45
4.0	383.6	60	8.24	45
4.0	395.62	65	4.3	45
4.0	591.9	58	8.11	60
4.0	607.73	56	16.24	60
4.0	283.9	65	4.58	45
4.0	295.94	64	4.23	45
4.0	303.88	60	8.11	45
4.0	315.98	65	3.99	45
4.0	327.87	64	3.42	45
4.0	335.84	60	8.38	45
4.0	347.85	65	3.68	45
4.0	359.87	64	4.24	45
4.0	367.86	60	7.89	45
4.0	379.92	65	3.74	45
4.0	391.79	64	3.92	45
4.0	399.89	60	8.32	45
4.0	599.82	53	8.32	60
4.0	623.96	53	15.91	60
5.0	527.98	41	16.0	90
5.0	543.98	41	4.01	90
5.0	559.98	41	4.01	90
5.0	575.98	41	4.01	90
5.0	527.98	53	16.0	90
5.0	543.98	53	4.16	90
5.0	559.98	53	4.16	90
5.0	575.98	53	4.16	90
6.0	128.98	69	0.24	70
6.0	129.48	69	0.49	70
6.0	130.98	69	0.24	70
6.0	131.48	69	0.3	70
6.0	132.98	69	0.2	70
6.0	133.48	69	0.3	70
6.0	134.98	69	0.27	70
6.0	135.48	69	0.26	70
6.0	136.98	69	0.21	70
6.0	137.48	69	0.28	70
6.0	138.98	69	0.21	70
6.0	139.48	69	0.28	70
6.0	140.98	69	0.23	70
6.0	141.48	69	0.26	70
6.0	142.98	69	0.23	70
6.0	143.48	69	0.25	70
6.0	144.98	69	0.33	67
6.0	145.48	69	0.36	65
6.0	146.98	69	0.33	59
6.0	147.48	69	0.32	57
6.0	148.98	69	0.23	52
6.0	149.48	69	0.26	50
6.0	150.98	69	0.19	44
6.0	151.48	69	0.2	42
6.0	152.98	69	0.23	37
6.0	153.48	69	0.27	35
6.0	154.98	69	0.2	29
6.0	155.48	69	0.24	27
6.0	156.98	69	0.33	22
6.0	157.48	69	0.28	20
6.0	158.98	69	0.33	14
6.0	159.48	69	0.2	12
6.0	176.04	35	0.53	127
6.0	176.97	35	0.54	108
6.0	177.98	52	0.18	70
6.0	178.48	52	0.28	70
6.0	181.98	46	1.99	116
6.0	184.04	35	0.53	127
6.0	184.97	35	0.54	108
6.0	185.98	52	0.18	70
6.0	186.48	52	0.28	70
6.0	190.01	46	1.99	103
6.0	192.04	35	0.53	127
6.0	192.97	35	0.54	108
6.0	193.98	52	0.18	70
6.0	194.48	52	0.28	70
6.0	197.98	46	1.99	127
6.0	200.04	35	0.53	127
6.0	200.97	35	0.54	108
6.0	201.98	52	0.18	70
6.0	202.48	52	0.28	70
6.0	205.93	46	2.08	127
6.0	208.04	35	0.53	127
6.0	208.97	35	0.54	108
6.0	209.98	52	0.18	70
6.0	210.48	52	0.28	70
6.0	213.98	46	1.99	116
6.0	216.04	35	0.53	127
6.0	216.97	35	0.54	108
6.0	217.98	52	0.18	70
6.0	218.48	52	0.28	70
6.0	222.01	46	1.99	103
6.0	224.04	35	0.53	127
6.0	224.97	35	0.54	108
6.0	225.98	52	0.18	70
6.0	226.48	52	0.28	70
6.0	229.98	46	1.99	127
6.0	232.04	35	0.53	127
6.0	232.97	35	0.54	108
6.0	233.98	52	0.18	70
6.0	234.48	52	0.28	70
6.0	237.93	46	2.08	127
6.0	336.04	35	0.53	127
6.0	336.97	35	0.54	108
6.0	337.98	52	0.18	70
6.0	338.48	52	0.28	70
6.0	341.98	46	1.99	116
6.0	344.04	35	0.53	127
6.0	344.97	35	0.54	108
6.0	345.98	52	0.18	70
6.0	346.48	52	0.28	70
6.0	350.01	46	1.99	103
6.0	352.04	35	0.53	127
6.0	352.97	35	0.54	108
6.0	353.98	52	0.18	70
6.0	354.48	52	0.28	70
6.0	357.98	46	1.99	127
6.0	360.04	35	0.53	127
6.0	360.97	35	0.54	108
6.0	361.98	52	0.18	70
6.0	362.48	52	0.28	70
6.0	365.93	46	2.08	127
6.0	368.04	35	0.53	127
6.0	368.97	35	0.54	108
6.0	369.98	52	0.18	70
6.0	370.48	52	0.28	70
6.0	373.98	46	1.99	116
6.0	376.04	35	0.53	127
6.0	376.97	35	0.54	108
6.0	377.98	52	0.18	70
6.0	378.48	52	0.28	70
6.0	382.01	46	1.99	103
6.0	384.04	35	0.53	127
6.0	384.97	35	0.54	108
6.0	385.98	52	0.18	70
6.0	386.48	52	0.28	70
6.0	389.98	46	1.99	127
6.0	392.04	35	0.53	127
6.0	392.97	35	0.54	108
6.0	393.98	52	0.18	70
6.0	394.48	52	0.28	70
6.0	397.93	46	2.08	127
6.0	496.98	69	0.24	70
6.0	497.48	69	0.49	70
6.0	498.98	69	0.24	70
6.0	499.48	69	0.3	70
6.0	500.98	69	0.2	70
6.0	501.48	69	0.3	70
6.0	502.98	69	0.27	70
6.0	503.48	69	0.26	70
6.0	504.98	69	0.21	70
6.0	505.48	69	0.28	70
6.0	506.98	69	0.21	70
6.0	507.48	69	0.28	70
6.0	508.98	69	0.23	70
6.0	509.48	69	0.26	70
6.0	510.98	69	0.23	70
6.0	511.48	69	0.25	70
6.0	512.98	69	0.24	70
6.0	513.48	69	0.49	70
6.0	514.98	69	0.24	70
6.0	515.48	69	0.3	70
6.0	516.98	69	0.2	70
6.0	517.48	69	0.3	70
6.0	518.98	69	0.27	70
6.0	519.48	69	0.26	70
6.0	520.98	69	0.21	70
6.0	521.48	69	0.28	70
6.0	522.98	69	0.21	70
6.0	523.48	69	0.28	70
6.0	524.98	69	0.23	70
6.0	525.48	69	0.26	70
6.0	526.98	69	0.23	70
6.0	527.48	69	0.25	70
6.0	528.04	35	0.93	127
6.0	528.97	35	7.08	108
6.0	536.07	41	0.16	70
6.0	536.97	35	7.08	108
6.0	544.07	41	0.16	70
6.0	544.97	35	7.08	108
6.0	552.07	41	0.16	70
6.0	552.95	35	7.09	127
6.0	560.07	41	0.16	70
6.0	560.97	35	7.08	108
6.0	568.07	41	0.16	70
6.0	568.97	35	7.08	108
6.0	576.07	41	0.16	70
6.0	576.97	35	7.08	108
6.0	584.07	41	0.16	70
6.0	584.95	35	7.05	127
6.0	176.07	41	0.16	70
6.0	176.98	41	0.16	70
6.0	184.07	41	0.16	70
6.0	184.98	41	0.16	70
6.0	192.07	41	0.16	70
6.0	192.98	41	0.16	70
6.0	200.07	41	0.16	70
6.0	200.98	41	0.16	70
6.0	208.07	36	0.53	127
6.0	208.98	41	0.16	70
6.0	216.07	41	0.16	70
6.0	216.98	41	0.16	70
6.0	224.07	41	0.16	70
6.0	224.98	41	0.16	70
6.0	232.07	41	0.16	70
6.0	232.98	41	0.16	70
6.0	336.07	41	0.16	70
6.0	336.98	41	0.16	70
6.0	344.07	41	0.16	70
6.0	344.98	41	0.16	70
6.0	352.07	41	0.16	70
6.0	352.98	41	0.16	70
6.0	360.07	41	0.16	70
6.0	360.98	41	0.16	70
6.0	368.07	41	0.16	70
6.0	368.98	41	0.16	70
6.0	376.07	41	0.16	70
6.0	376.98	41	0.16	70
6.0	384.07	41	0.16	70
6.0	384.98	41	0.16	70
6.0	392.07	41	0.16	70
6.0	392.98	41	0.16	70
6.0	528.04	35	0.93	127
6.0	528.97	35	7.48	108
6.0	536.98	41	0.16	70
6.0	537.48	69	0.28	70
6.0	537.98	52	0.49	70
6.0	538.98	69	0.21	70
6.0	539.48	69	0.28	70
6.0	540.98	69	0.23	70
6.0	541.48	69	0.26	70
6.0	542.01	46	1.99	103
6.0	544.04	35	1.47	127
6.0	545.98	52	0.49	70
6.0	546.98	69	0.24	70
6.0	547.48	69	0.3	70
6.0	548.98	69	0.2	70
6.0	549.48	69	0.3	70
6.0	549.97	46	1.99	127
6.0	552.0	35	0.97	127
6.0	552.98	41	0.16	70
6.0	553.48	69	0.28	70
6.0	553.98	52	0.49	70
6.0	554.98	69	0.21	70
6.0	555.48	69	0.28	70
6.0	556.98	69	0.23	70
6.0	557.48	69	0.26	70
6.0	557.92	46	2.08	127
6.0	560.04	35	0.93	127
6.0	560.97	35	7.48	108
6.0	568.98	41	0.16	70
6.0	569.48	69	0.28	70
6.0	569.98	52	0.49	70
6.0	570.98	69	0.21	70
6.0	571.48	69	0.28	70
6.0	572.98	69	0.23	70
6.0	573.48	69	0.26	70
6.0	574.01	46	1.99	103
6.0	576.04	35	1.47	127
6.0	577.98	52	0.49	70
6.0	578.98	69	0.24	70
6.0	579.48	69	0.3	70
6.0	580.98	69	0.2	70
6.0	581.48	69	0.3	70
6.0	581.97	46	1.99	127
6.0	584.0	35	0.97	127
6.0	584.98	41	0.16	70
6.0	585.48	69	0.28	70
6.0	585.98	52	0.49	70
6.0	586.98	69	0.21	70
6.0	587.48	69	0.28	70
6.0	588.98	69	0.23	70
6.0	589.48	69	0.26	70
6.0	589.92	46	2.08	127
6.0	176.07	43	0.16	70
6.0	176.98	43	0.16	70
6.0	184.07	43	0.16	70
6.0	184.98	43	0.16	70
6.0	192.07	43	0.16	70
6.0	192.98	43	0.16	70
6.0	200.07	43	0.16	70
6.0	200.98	43	0.16	70
6.0	208.07	41	0.16	70
6.0	208.98	43	0.16	70
6.0	216.07	43	0.16	70
6.0	216.98	43	0.16	70
6.0	224.07	43	0.16	70
6.0	224.98	43	0.16	70
6.0	232.07	43	0.16	70
6.0	232.98	43	0.16	70
6.0	336.07	43	0.16	70
6.0	336.98	43	0.16	70
6.0	344.07	43	0.16	70
6.0	344.98	43	0.16	70
6.0	352.07	43	0.16	70
6.0	352.98	43	0.16	70
6.0	360.07	43	0.16	70
6.0	360.98	43	0.16	70
6.0	368.07	43	0.16	70
6.0	368.98	43	0.16	70
6.0	376.07	43	0.16	70
6.0	376.98	43	0.16	70
6.0	384.07	43	0.16	70
6.0	384.98	43	0.16	70
6.0	392.07	43	0.16	70
6.0	392.98	43	0.16	70
6.0	528.07	41	0.16	70
6.0	528.98	41	0.16	70
6.0	529.48	69	0.49	70
6.0	529.98	52	0.49	70
6.0	530.48	52	7.53	70
6.0	538.45	52	7.55	70
6.0	546.44	52	7.55	70
6.0	554.45	52	7.53	70
6.0	562.47	52	7.53	70
6.0	570.45	52	7.55	70
6.0	578.44	52	7.55	70
6.0	586.45	52	5.55	70
6.0	176.07	45	0.16	70
6.0	176.98	45	0.16	70
6.0	184.07	45	0.16	70
6.0	184.98	45	0.16	70
6.0	192.07	45	0.16	70
6.0	192.98	45	0.16	70
6.0	200.07	45	0.16	70
6.0	200.98	45	0.16	70
6.0	208.07	43	0.16	70
6.0	208.98	45	0.16	70
6.0	216.07	45	0.16	70
6.0	216.98	45	0.16	70
6.0	224.07	45	0.16	70
6.0	224.98	45	0.16	70
6.0	232.07	45	0.16	70
6.0	232.98	45	0.16	70
6.0	336.07	45	0.16	70
6.0	336.98	45	0.16	70
6.0	344.07	45	0.16	70
6.0	344.98	45	0.16	70
6.0	352.07	45	0.16	70
6.0	352.98	45	0.16	70
6.0	360.07	45	0.16	70
6.0	360.98	45	0.16	70
6.0	368.07	45	0.16	70
6.0	368.98	45	0.16	70
6.0	376.07	45	0.16	70
6.0	376.98	45	0.16	70
6.0	384.07	45	0.16	70
6.0	384.98	45	0.16	70
6.0	392.07	45	0.16	70
6.0	392.98	45	0.16	70
6.0	528.07	43	0.16	70
6.0	528.98	45	0.16	70
6.0	529.98	52	0.49	70
6.0	530.48	52	7.68	70
6.0	538.47	52	7.68	70
6.0	546.47	52	7.68	70
6.0	554.47	52	7.51	70
6.0	562.47	52	7.68	70
6.0	570.47	52	7.68	70
6.0	578.47	52	7.68	70
6.0	586.47	52	5.53	70
6.0	176.07	36	0.53	127
6.0	176.98	36	0.53	127
6.0	184.07	36	0.53	127
6.0	184.98	36	0.53	127
6.0	192.07	36	0.53	127
6.0	192.98	36	0.53	127
6.0	200.07	36	0.53	127
6.0	200.98	36	0.53	127
6.0	208.07	45	0.16	70
6.0	208.98	36	0.53	127
6.0	216.07	36	0.53	127
6.0	216.98	36	0.53	127
6.0	224.07	36	0.53	127
6.0	224.98	36	0.53	127
6.0	232.07	36	0.53	127
6.0	232.98	36	0.53	127
6.0	336.07	36	0.53	127
6.0	336.98	36	0.53	127
6.0	344.07	36	0.53	127
6.0	344.98	36	0.53	127
6.0	352.07	36	0.53	127
6.0	352.98	36	0.53	127
6.0	360.07	36	0.53	127
6.0	360.98	36	0.53	127
6.0	368.07	36	0.53	127
6.0	368.98	36	0.53	127
6.0	376.07	36	0.53	127
6.0	376.98	36	0.53	127
6.0	384.07	36	0.53	127
6.0	384.98	36	0.53	127
6.0	392.07	36	0.53	127
6.0	392.98	36	0.53	127
6.0	528.07	45	0.16	70
6.0	528.98	43	0.16	70
6.0	530.98	69	0.24	70
6.0	531.48	69	0.3	70
6.0	532.98	69	0.2	70
6.0	533.48	69	0.3	70
6.0	533.98	46	1.99	116
6.0	535.98	35	1.03	127
6.0	538.0	52	0.75	70
6.0	542.98	69	0.23	70
6.0	543.48	69	0.25	70
6.0	543.99	35	1.02	127
6.0	545.48	69	0.49	70
6.0	546.0	52	0.75	70
6.0	550.98	69	0.27	70
6.0	551.48	69	0.26	70
6.0	552.04	35	1.47	127
6.0	553.99	52	0.7	70
6.0	558.98	69	0.23	70
6.0	559.48	69	0.25	70
6.0	560.04	35	0.93	127
6.0	560.98	41	0.16	70
6.0	561.48	69	0.49	70
6.0	561.98	52	0.49	70
6.0	562.98	69	0.24	70
6.0	563.48	69	0.3	70
6.0	564.98	69	0.2	70
6.0	565.48	69	0.3	70
6.0	565.98	46	1.99	116
6.0	567.98	35	1.03	127
6.0	570.0	52	0.75	70
6.0	574.98	69	0.23	70
6.0	575.48	69	0.25	70
6.0	575.99	35	1.02	127
6.0	577.48	69	0.49	70
6.0	578.0	52	0.75	70
6.0	582.98	69	0.27	70
6.0	583.48	69	0.26	70
6.0	584.04	35	1.47	127
6.0	585.99	52	0.7	70
6.0	590.98	69	0.23	70
6.0	591.48	69	0.25	70
6.0	528.07	36	0.53	127
6.0	528.98	69	0.24	70
6.0	534.98	69	0.27	70
6.0	535.48	69	0.26	70
6.0	536.04	35	1.47	127
6.0	544.07	43	0.16	70
6.0	544.98	41	0.16	70
6.0	552.07	43	0.16	70
6.0	552.97	35	7.08	108
6.0	560.07	43	0.16	70
6.0	560.98	45	0.16	70
6.0	561.98	52	0.49	70
6.0	566.98	69	0.27	70
6.0	567.48	69	0.26	70
6.0	568.04	35	1.47	127
6.0	576.07	43	0.16	70
6.0	576.98	41	0.16	70
6.0	584.07	43	0.16	70
6.0	584.97	35	7.03	108
6.0	528.98	36	0.53	127
6.0	536.07	43	0.16	70
6.0	536.98	43	0.16	70
6.0	544.07	45	0.16	70
6.0	544.98	43	0.16	70
6.0	552.07	45	0.16	70
6.0	552.98	45	0.16	70
6.0	560.07	45	0.16	70
6.0	560.98	43	0.16	70
6.0	568.07	43	0.16	70
6.0	568.98	43	0.16	70
6.0	576.07	45	0.16	70
6.0	576.98	43	0.16	70
6.0	584.07	45	0.16	70
6.0	584.98	45	0.16	70
6.0	536.07	45	0.16	70
6.0	536.98	45	0.16	70
6.0	544.07	36	0.53	127
6.0	544.98	45	0.16	70
6.0	552.07	36	0.53	127
6.0	552.98	43	0.16	70
6.0	560.07	36	0.53	127
6.0	560.98	69	0.24	70
6.0	568.07	45	0.16	70
6.0	568.98	45	0.16	70
6.0	576.07	36	0.53	127
6.0	576.98	45	0.16	70
6.0	584.07	36	0.53	127
6.0	584.98	43	0.16	70
6.0	536.07	36	0.53	127
6.0	536.98	69	0.21	70
6.0	544.98	69	0.24	70
6.0	552.98	69	0.21	70
6.0	560.98	36	0.53	127
6.0	568.07	36	0.53	127
6.0	568.98	69	0.21	70
6.0	576.98	69	0.24	70
6.0	584.98	69	0.21	70
6.0	536.98	36	0.53	127
6.0	544.98	36	0.53	127
6.0	552.98	36	0.53	127
6.0	568.98	36	0.53	127
6.0	576.98	36	0.53	127
6.0	584.98	36	0.53	127
6.0	537.02	35	7.56	127
6.0	545.01	35	7.54	127
6.0	569.02	35	7.56	127
6.0	577.01	35	7.54	127
