Track	Start_Time	Pitch	Duration	Dynamic
0.0	0.0	74	1.0	80
0.0	1.0	81	1.0	80
0.0	2.0	74	1.0	80
0.0	3.0	81	1.0	80
0.0	4.0	74	1.0	80
0.0	5.0	81	1.0	80
0.0	6.0	74	1.0	80
0.0	7.0	81	1.0	80
0.0	8.0	74	1.0	80
0.0	9.0	81	1.0	80
0.0	10.0	74	1.0	80
0.0	11.0	81	1.0	80
0.0	12.0	74	1.0	80
0.0	13.0	81	1.0	80
0.0	14.0	74	1.0	80
0.0	15.0	81	1.0	80
0.0	16.0	74	1.0	80
0.0	17.0	81	1.0	80
0.0	18.0	74	1.0	80
0.0	19.0	81	1.0	80
0.0	20.0	74	1.0	80
0.0	21.0	81	1.0	80
0.0	22.0	74	1.0	80
0.0	23.0	81	1.0	80
0.0	24.0	74	1.0	80
0.0	25.0	81	1.0	80
0.0	26.0	74	1.0	80
0.0	27.0	81	1.0	80
0.0	28.0	74	1.0	80
0.0	29.0	81	1.0	80
0.0	30.0	74	1.0	80
0.0	31.0	81	1.0	80
0.0	32.0	74	1.0	80
0.0	33.0	81	1.0	80
0.0	34.0	74	1.0	80
0.0	35.0	81	1.0	80
0.0	36.0	74	1.0	80
0.0	37.0	81	1.0	80
0.0	38.0	74	1.0	80
0.0	39.0	81	1.0	80
0.0	40.0	74	1.0	80
0.0	41.0	81	1.0	80
0.0	42.0	74	1.0	80
0.0	43.0	81	1.0	80
0.0	44.0	74	1.0	80
0.0	45.0	81	1.0	80
0.0	46.0	74	1.0	80
0.0	47.0	81	1.0	80
0.0	48.0	74	1.0	80
0.0	49.0	81	1.0	80
0.0	50.0	74	1.0	80
0.0	51.0	81	1.0	80
0.0	52.0	74	1.0	80
0.0	53.0	81	1.0	80
0.0	54.0	74	1.0	80
0.0	55.0	81	1.0	80
0.0	56.0	74	1.0	80
0.0	57.0	81	1.0	80
0.0	58.0	74	1.0	80
0.0	59.0	81	1.0	80
0.0	60.0	74	1.0	80
0.0	61.0	81	1.0	80
0.0	62.0	74	1.0	80
0.0	63.0	81	1.0	80
0.0	64.0	74	1.0	80
0.0	65.0	81	1.0	80
0.0	66.0	74	1.0	80
0.0	67.0	81	1.0	80
0.0	68.0	74	1.0	80
0.0	69.0	81	1.0	80
0.0	70.0	74	1.0	80
0.0	71.0	81	1.0	80
0.0	72.0	74	1.0	80
0.0	73.0	81	1.0	80
0.0	74.0	74	1.0	80
0.0	75.0	81	1.0	80
0.0	76.0	74	1.0	80
0.0	77.0	81	1.0	80
0.0	78.0	74	1.0	80
0.0	79.0	81	1.0	80
0.0	80.0	74	1.0	80
0.0	81.0	81	1.0	80
0.0	82.0	74	1.0	80
0.0	83.0	81	1.0	80
0.0	84.0	74	1.0	80
0.0	85.0	81	1.0	80
0.0	86.0	74	1.0	80
0.0	87.0	81	1.0	80
0.0	88.0	74	1.0	80
0.0	89.0	81	1.0	80
0.0	90.0	74	1.0	80
0.0	91.0	81	1.0	80
0.0	92.0	74	1.0	80
0.0	93.0	81	1.0	80
0.0	94.0	74	1.0	80
0.0	95.0	81	1.0	80
0.0	96.0	74	1.0	80
0.0	97.0	81	1.0	80
0.0	98.0	74	1.0	80
0.0	99.0	81	1.0	80
0.0	100.0	74	1.0	80
0.0	101.0	81	1.0	80
0.0	102.0	74	1.0	80
0.0	103.0	81	1.0	80
0.0	104.0	74	1.0	80
0.0	105.0	81	1.0	80
0.0	106.0	74	1.0	80
0.0	107.0	81	1.0	80
0.0	108.0	74	1.0	80
0.0	109.0	81	1.0	80
0.0	110.0	74	1.0	80
0.0	111.0	81	1.0	80
0.0	112.0	74	1.0	80
0.0	113.0	81	1.0	80
0.0	114.0	74	1.0	80
0.0	115.0	81	1.0	80
0.0	116.0	74	1.0	80
0.0	117.0	81	1.0	80
0.0	118.0	74	1.0	80
0.0	119.0	81	1.0	80
0.0	120.0	74	1.0	80
0.0	121.0	81	1.0	80
0.0	122.0	74	1.0	80
0.0	123.0	81	1.0	80
0.0	124.0	74	1.0	80
0.0	125.0	81	1.0	80
0.0	126.0	74	1.0	80
0.0	127.0	81	1.0	80
0.0	128.0	74	1.0	80
0.0	129.0	81	1.0	80
0.0	130.0	74	1.0	80
0.0	131.0	81	1.0	80
0.0	132.0	74	1.0	80
0.0	133.0	81	1.0	80
0.0	134.0	74	1.0	80
0.0	135.0	81	1.0	80
0.0	136.0	74	1.0	80
0.0	137.0	81	1.0	80
0.0	138.0	74	1.0	80
0.0	139.0	81	1.0	80
0.0	140.0	74	1.0	80
0.0	141.0	81	1.0	80
0.0	142.0	74	1.0	80
0.0	143.0	81	1.0	80
0.0	144.0	74	1.0	80
0.0	145.0	81	1.0	80
0.0	146.0	74	1.0	80
0.0	147.0	81	1.0	80
0.0	148.0	74	1.0	80
0.0	149.0	81	1.0	80
0.0	150.0	74	1.0	80
0.0	151.0	81	1.0	80
0.0	152.0	74	1.0	80
0.0	153.0	81	1.0	80
0.0	154.0	74	1.0	80
0.0	155.0	81	1.0	80
0.0	156.0	74	1.0	80
0.0	157.0	81	1.0	80
0.0	158.0	74	1.0	80
0.0	159.0	81	1.0	80
0.0	160.0	74	1.0	80
0.0	161.0	81	1.0	80
0.0	162.0	74	1.0	80
0.0	163.0	81	1.0	80
0.0	164.0	74	1.0	80
0.0	165.0	81	1.0	80
0.0	166.0	74	1.0	80
0.0	167.0	81	1.0	80
0.0	168.0	74	1.0	80
0.0	169.0	81	1.0	80
0.0	170.0	74	1.0	80
0.0	171.0	81	1.0	80
0.0	172.0	74	1.0	80
0.0	173.0	81	1.0	80
0.0	174.0	74	1.0	80
0.0	175.0	81	1.0	80
0.0	176.0	74	1.0	80
0.0	177.0	81	1.0	80
0.0	178.0	74	1.0	80
0.0	179.0	81	1.0	80
0.0	180.0	74	1.0	80
0.0	181.0	81	1.0	80
0.0	182.0	74	1.0	80
0.0	183.0	81	1.0	80
0.0	184.0	74	1.0	80
0.0	185.0	81	1.0	80
0.0	186.0	74	1.0	80
0.0	187.0	81	1.0	80
0.0	188.0	74	1.0	80
0.0	189.0	81	1.0	80
0.0	190.0	74	1.0	80
0.0	191.0	81	1.0	80
0.0	192.0	74	1.0	80
0.0	193.0	81	1.0	80
0.0	194.0	74	1.0	80
0.0	195.0	81	1.0	80
0.0	196.0	74	1.0	80
0.0	197.0	81	1.0	80
0.0	198.0	74	1.0	80
0.0	199.0	81	1.0	80
0.0	200.0	74	1.0	80
0.0	201.0	81	1.0	80
0.0	202.0	74	1.0	80
0.0	203.0	81	1.0	80
0.0	204.0	74	1.0	80
0.0	205.0	81	1.0	80
0.0	206.0	74	1.0	80
0.0	207.0	81	1.0	80
0.0	208.0	74	1.0	80
0.0	209.0	81	1.0	80
0.0	210.0	74	1.0	80
0.0	211.0	81	1.0	80
0.0	212.0	74	1.0	80
0.0	213.0	81	1.0	80
0.0	214.0	74	1.0	80
0.0	215.0	81	1.0	80
0.0	216.0	74	1.0	80
0.0	217.0	81	1.0	80
0.0	218.0	74	1.0	80
0.0	219.0	81	1.0	80
0.0	220.0	74	1.0	80
0.0	221.0	81	1.0	80
0.0	222.0	74	1.0	80
0.0	223.0	81	1.0	80
0.0	224.0	74	1.0	80
0.0	225.0	81	1.0	80
0.0	226.0	74	1.0	80
0.0	227.0	81	1.0	80
0.0	228.0	74	1.0	80
0.0	229.0	81	1.0	80
0.0	230.0	74	1.0	80
0.0	231.0	81	1.0	80
0.0	232.0	74	1.0	80
0.0	233.0	81	1.0	80
0.0	234.0	74	1.0	80
0.0	235.0	81	1.0	80
0.0	236.0	74	1.0	80
0.0	237.0	81	1.0	80
0.0	238.0	74	1.0	80
0.0	239.0	81	1.0	80
0.0	240.0	74	1.0	80
0.0	241.0	81	1.0	80
0.0	242.0	74	1.0	80
0.0	243.0	81	1.0	80
0.0	244.0	74	1.0	80
0.0	245.0	81	1.0	80
0.0	246.0	74	1.0	80
0.0	247.0	81	1.0	80
0.0	248.0	74	1.0	80
0.0	249.0	81	1.0	80
0.0	250.0	74	1.0	80
0.0	251.0	81	1.0	80
0.0	252.0	74	1.0	80
0.0	253.0	81	1.0	80
0.0	254.0	74	1.0	80
0.0	255.0	81	1.0	80
0.0	256.0	74	1.0	80
0.0	257.0	81	1.0	80
0.0	258.0	74	1.0	80
0.0	259.0	81	1.0	80
0.0	260.0	74	1.0	80
0.0	261.0	81	1.0	80
0.0	262.0	74	1.0	80
1.0	8.0	34	8.0	80
1.0	16.0	38	1.0	80
1.0	17.0	38	0.5	80
1.0	17.5	38	0.25	80
1.0	17.75	38	0.25	80
1.0	18.0	38	0.25	80
1.0	18.25	38	0.25	80
1.0	18.5	38	0.5	80
1.0	19.0	38	0.5	80
1.0	19.5	38	0.25	80
1.0	19.75	38	0.25	80
1.0	20.0	38	0.5	80
1.0	20.5	38	0.5	80
1.0	21.0	38	0.5	80
1.0	21.5	38	0.25	80
1.0	21.75	38	0.25	80
1.0	22.0	38	0.25	80
1.0	22.25	38	0.25	80
1.0	22.5	38	0.5	80
1.0	23.0	38	0.5	80
1.0	23.5	38	0.5	80
1.0	24.0	34	0.5	80
1.0	24.5	34	0.5	80
1.0	25.0	34	0.5	80
1.0	25.5	34	0.25	80
1.0	25.75	34	0.25	80
1.0	26.0	34	0.25	80
1.0	26.25	34	0.25	80
1.0	26.5	34	0.5	80
1.0	27.0	34	0.5	80
1.0	27.5	34	0.25	80
1.0	27.75	34	0.25	80
1.0	28.0	34	0.5	80
1.0	28.5	34	0.5	80
1.0	29.0	34	0.5	80
1.0	29.5	34	0.25	80
1.0	29.75	34	0.25	80
1.0	30.0	34	0.25	80
1.0	30.25	34	0.25	80
1.0	30.5	34	0.5	80
1.0	31.0	34	0.5	80
1.0	31.5	34	0.5	80
1.0	32.0	41	1.0	80
1.0	33.0	41	0.5	80
1.0	33.5	41	0.25	80
1.0	33.75	41	0.25	80
1.0	34.0	41	0.25	80
1.0	34.25	41	0.25	80
1.0	34.5	41	0.5	80
1.0	35.0	41	0.5	80
1.0	35.5	41	0.25	80
1.0	35.75	41	0.25	80
1.0	36.0	40	0.5	80
1.0	36.5	40	0.5	80
1.0	37.0	40	0.5	80
1.0	37.5	40	0.5	80
1.0	38.0	40	0.25	80
1.0	40.0	38	1.0	80
1.0	41.0	38	0.5	80
1.0	41.5	38	0.25	80
1.0	41.75	38	0.25	80
1.0	42.0	38	0.25	80
1.0	42.25	38	0.25	80
1.0	42.5	38	0.5	80
1.0	43.0	38	0.5	80
1.0	43.5	38	0.25	80
1.0	43.75	38	0.25	80
1.0	44.0	38	0.5	80
1.0	44.5	38	0.5	80
1.0	45.0	38	0.5	80
1.0	45.5	38	0.25	80
1.0	45.75	38	0.25	80
1.0	46.0	38	0.25	80
1.0	46.25	38	0.25	80
1.0	46.5	38	0.5	80
1.0	47.0	38	0.5	80
1.0	47.5	38	0.5	80
1.0	48.0	34	1.0	80
1.0	49.0	34	0.5	80
1.0	49.5	34	0.25	80
1.0	49.75	34	0.25	80
1.0	50.0	34	0.25	80
1.0	50.25	34	0.25	80
1.0	50.5	34	0.5	80
1.0	51.0	34	0.5	80
1.0	51.5	34	0.25	80
1.0	51.75	34	0.25	80
1.0	52.0	34	0.5	80
1.0	52.5	34	0.5	80
1.0	53.0	34	0.5	80
1.0	53.5	34	0.25	80
1.0	53.75	34	0.25	80
1.0	54.0	34	0.25	80
1.0	54.25	34	0.25	80
1.0	54.5	34	0.5	80
1.0	55.0	34	0.5	80
1.0	55.5	34	0.5	80
1.0	56.0	41	1.0	80
1.0	57.0	41	0.5	80
1.0	57.5	41	0.25	80
1.0	57.75	41	0.25	80
1.0	58.0	41	0.25	80
1.0	58.25	41	0.25	80
1.0	58.5	41	0.5	80
1.0	59.0	41	0.5	80
1.0	59.5	41	0.25	80
1.0	59.75	41	0.25	80
1.0	60.0	41	0.5	80
1.0	60.5	41	0.5	80
1.0	61.0	41	0.5	80
1.0	61.5	41	0.25	80
1.0	61.75	41	0.25	80
1.0	62.0	41	0.25	80
1.0	62.25	41	0.25	80
1.0	62.5	41	0.5	80
1.0	63.0	41	0.5	80
1.0	63.5	41	0.25	80
1.0	63.75	41	0.25	80
1.0	64.0	43	1.0	80
1.0	65.0	43	0.5	80
1.0	65.5	43	0.25	80
1.0	65.75	43	0.25	80
1.0	66.0	43	0.25	80
1.0	66.25	43	0.25	80
1.0	66.5	43	0.5	80
1.0	67.0	43	0.5	80
1.0	67.5	43	0.25	80
1.0	67.75	43	0.25	80
1.0	68.0	43	0.5	80
1.0	68.5	43	0.5	80
1.0	69.0	43	0.5	80
1.0	69.5	43	0.25	80
1.0	69.75	43	0.25	80
1.0	70.0	43	0.25	80
1.0	70.25	43	0.25	80
1.0	70.5	43	0.5	80
1.0	71.0	43	0.5	80
1.0	71.5	43	0.25	80
1.0	71.75	43	0.25	80
1.0	72.0	38	1.0	80
1.0	73.0	38	0.5	80
1.0	73.5	38	0.25	80
1.0	73.75	38	0.25	80
1.0	74.0	38	0.25	80
1.0	74.25	38	0.25	80
1.0	74.5	38	0.5	80
1.0	75.0	38	0.5	80
1.0	75.5	38	0.25	80
1.0	75.75	38	0.25	80
1.0	76.0	38	0.5	80
1.0	76.5	38	0.5	80
1.0	77.0	38	0.5	80
1.0	77.5	38	0.25	80
1.0	77.75	38	0.25	80
1.0	78.0	38	0.25	80
1.0	78.25	38	0.25	80
1.0	78.5	38	0.5	80
1.0	79.0	38	0.5	80
1.0	79.5	38	0.5	80
1.0	80.0	34	1.0	80
1.0	81.0	34	0.5	80
1.0	81.5	34	0.25	80
1.0	81.75	34	0.25	80
1.0	82.0	34	0.25	80
1.0	82.25	34	0.25	80
1.0	82.5	34	0.5	80
1.0	83.0	34	0.5	80
1.0	83.5	34	0.25	80
1.0	83.75	34	0.25	80
1.0	84.0	34	0.5	80
1.0	84.5	34	0.5	80
1.0	85.0	34	0.5	80
1.0	85.5	34	0.25	80
1.0	85.75	34	0.25	80
1.0	86.0	34	0.25	80
1.0	86.25	34	0.25	80
1.0	86.5	34	0.5	80
1.0	87.0	34	0.5	80
1.0	87.5	34	0.5	80
1.0	88.0	41	1.0	80
1.0	89.0	41	0.5	80
1.0	89.5	41	0.25	80
1.0	89.75	41	0.25	80
1.0	90.0	41	0.25	80
1.0	90.25	41	0.25	80
1.0	90.5	41	0.5	80
1.0	91.0	41	0.5	80
1.0	91.5	41	0.25	80
1.0	91.75	41	0.25	80
1.0	92.0	41	0.5	80
1.0	92.5	41	0.5	80
1.0	93.0	41	0.5	80
1.0	93.5	41	0.25	80
1.0	93.75	41	0.25	80
1.0	94.0	41	0.25	80
1.0	94.25	41	0.25	80
1.0	94.5	41	0.5	80
1.0	95.0	41	0.5	80
1.0	95.5	41	0.25	80
1.0	95.75	41	0.25	80
1.0	96.0	43	1.0	80
1.0	97.0	43	0.5	80
1.0	97.5	43	0.25	80
1.0	97.75	43	0.25	80
1.0	98.0	43	0.25	80
1.0	98.25	43	0.25	80
1.0	98.5	43	0.5	80
1.0	99.0	43	0.5	80
1.0	99.5	43	0.25	80
1.0	99.75	43	0.25	80
1.0	100.0	43	0.5	80
1.0	100.5	43	0.5	80
1.0	101.0	43	0.5	80
1.0	101.5	43	0.25	80
1.0	101.75	43	0.25	80
1.0	102.0	43	0.25	80
1.0	102.25	43	0.25	80
1.0	102.5	43	0.5	80
1.0	103.0	43	0.5	80
1.0	103.5	43	0.25	80
1.0	103.75	43	0.25	80
1.0	104.0	38	1.0	80
1.0	105.0	38	0.5	80
1.0	105.5	38	0.25	80
1.0	105.75	38	0.25	80
1.0	106.0	38	0.25	80
1.0	106.25	38	0.25	80
1.0	106.5	38	0.5	80
1.0	107.0	38	0.5	80
1.0	107.5	38	0.25	80
1.0	107.75	38	0.25	80
1.0	108.0	38	0.5	80
1.0	108.5	38	0.5	80
1.0	109.0	38	0.5	80
1.0	109.5	38	0.25	80
1.0	109.75	38	0.25	80
1.0	110.0	38	0.25	80
1.0	110.25	38	0.25	80
1.0	110.5	38	0.5	80
1.0	111.0	38	0.5	80
1.0	111.5	38	0.5	80
1.0	112.0	34	1.0	80
1.0	113.0	34	0.5	80
1.0	113.5	34	0.25	80
1.0	113.75	34	0.25	80
1.0	114.0	34	0.25	80
1.0	114.25	34	0.25	80
1.0	114.5	34	0.5	80
1.0	115.0	34	0.5	80
1.0	115.5	34	0.25	80
1.0	115.75	34	0.25	80
1.0	116.0	34	0.5	80
1.0	116.5	34	0.5	80
1.0	117.0	34	0.5	80
1.0	117.5	34	0.25	80
1.0	117.75	34	0.25	80
1.0	118.0	34	0.25	80
1.0	118.25	34	0.25	80
1.0	118.5	34	0.5	80
1.0	119.0	34	0.5	80
1.0	119.5	34	0.5	80
1.0	120.0	41	1.0	80
1.0	121.0	41	0.5	80
1.0	121.5	41	0.25	80
1.0	121.75	41	0.25	80
1.0	122.0	41	0.25	80
1.0	122.25	41	0.25	80
1.0	122.5	41	0.5	80
1.0	123.0	41	0.5	80
1.0	123.5	41	0.25	80
1.0	123.75	41	0.25	80
1.0	124.0	41	0.5	80
1.0	124.5	41	0.5	80
1.0	125.0	41	0.5	80
1.0	125.5	41	0.25	80
1.0	125.75	41	0.25	80
1.0	126.0	41	0.25	80
1.0	126.25	41	0.25	80
1.0	126.5	41	0.5	80
1.0	127.0	41	0.5	80
1.0	127.5	41	0.25	80
1.0	127.75	41	0.25	80
1.0	128.0	43	1.0	80
1.0	129.0	43	0.5	80
1.0	129.5	43	0.25	80
1.0	129.75	43	0.25	80
1.0	130.0	43	0.25	80
1.0	130.25	43	0.25	80
1.0	130.5	43	0.5	80
1.0	131.0	43	0.5	80
1.0	131.5	43	0.25	80
1.0	131.75	43	0.25	80
1.0	132.0	43	0.5	80
1.0	132.5	43	0.5	80
1.0	133.0	43	0.5	80
1.0	133.5	43	0.25	80
1.0	133.75	43	0.25	80
1.0	134.0	43	0.25	80
1.0	134.25	43	0.25	80
1.0	134.5	43	0.5	80
1.0	135.0	43	0.5	80
1.0	135.5	43	0.25	80
1.0	135.75	43	0.25	80
1.0	136.0	38	1.0	80
1.0	137.0	38	0.5	80
1.0	137.5	38	0.25	80
1.0	137.75	38	0.25	80
1.0	138.0	38	0.25	80
1.0	138.25	38	0.25	80
1.0	138.5	38	0.5	80
1.0	139.0	38	0.5	80
1.0	139.5	38	0.25	80
1.0	139.75	38	0.25	80
1.0	140.0	38	0.5	80
1.0	140.5	38	0.5	80
1.0	141.0	38	0.5	80
1.0	141.5	38	0.25	80
1.0	141.75	38	0.25	80
1.0	142.0	38	0.25	80
1.0	142.25	38	0.25	80
1.0	142.5	38	0.5	80
1.0	143.0	38	0.5	80
1.0	143.5	38	0.5	80
1.0	144.0	34	1.0	80
1.0	145.0	34	0.5	80
1.0	145.5	34	0.25	80
1.0	145.75	34	0.25	80
1.0	146.0	34	0.25	80
1.0	146.25	34	0.25	80
1.0	146.5	34	0.5	80
1.0	147.0	34	0.5	80
1.0	147.5	34	0.25	80
1.0	147.75	34	0.25	80
1.0	148.0	34	0.5	80
1.0	148.5	34	0.5	80
1.0	149.0	34	0.5	80
1.0	149.5	34	0.25	80
1.0	149.75	34	0.25	80
1.0	150.0	34	0.25	80
1.0	150.25	34	0.25	80
1.0	150.5	34	0.5	80
1.0	151.0	34	0.5	80
1.0	151.5	34	0.5	80
1.0	152.0	41	1.0	80
1.0	153.0	41	0.5	80
1.0	153.5	41	0.25	80
1.0	153.75	41	0.25	80
1.0	154.0	41	0.25	80
1.0	154.25	41	0.25	80
1.0	154.5	41	0.5	80
1.0	155.0	41	0.5	80
1.0	155.5	41	0.25	80
1.0	155.75	41	0.25	80
1.0	156.0	41	0.5	80
1.0	156.5	41	0.5	80
1.0	157.0	41	0.5	80
1.0	157.5	41	0.25	80
1.0	157.75	41	0.25	80
1.0	158.0	41	0.25	80
1.0	158.25	41	0.25	80
1.0	158.5	41	0.5	80
1.0	159.0	41	0.5	80
1.0	159.5	41	0.25	80
1.0	159.75	41	0.25	80
1.0	160.0	43	1.0	80
1.0	161.0	43	0.5	80
1.0	161.5	43	0.25	80
1.0	161.75	43	0.25	80
1.0	162.0	43	0.25	80
1.0	162.25	43	0.25	80
1.0	162.5	43	0.5	80
1.0	163.0	43	0.5	80
1.0	163.5	43	0.25	80
1.0	163.75	43	0.25	80
1.0	164.0	43	0.5	80
1.0	164.5	43	0.5	80
1.0	165.0	43	0.5	80
1.0	165.5	43	0.25	80
1.0	165.75	43	0.25	80
1.0	166.0	43	0.25	80
1.0	166.25	43	0.25	80
1.0	166.5	43	0.5	80
1.0	167.0	43	0.5	80
1.0	167.5	43	0.25	80
1.0	167.75	43	0.25	80
1.0	168.0	38	1.0	80
1.0	169.0	38	0.5	80
1.0	169.5	38	0.25	80
1.0	169.75	38	0.25	80
1.0	170.0	38	0.25	80
1.0	170.25	38	0.25	80
1.0	170.5	38	0.5	80
1.0	171.0	38	0.5	80
1.0	171.5	38	0.25	80
1.0	171.75	38	0.25	80
1.0	172.0	38	0.5	80
1.0	172.5	38	0.5	80
1.0	173.0	38	0.5	80
1.0	173.5	38	0.25	80
1.0	173.75	38	0.25	80
1.0	174.0	38	0.25	80
1.0	174.25	38	0.25	80
1.0	174.5	38	0.5	80
1.0	175.0	38	0.5	80
1.0	175.5	38	0.5	80
1.0	176.0	34	1.0	80
1.0	177.0	34	0.5	80
1.0	177.5	34	0.25	80
1.0	177.75	34	0.25	80
1.0	178.0	34	0.25	80
1.0	178.25	34	0.25	80
1.0	178.5	34	0.5	80
1.0	179.0	34	0.5	80
1.0	179.5	34	0.25	80
1.0	179.75	34	0.25	80
1.0	180.0	34	0.5	80
1.0	180.5	34	0.5	80
1.0	181.0	34	0.5	80
1.0	181.5	34	0.25	80
1.0	181.75	34	0.25	80
1.0	182.0	34	0.25	80
1.0	182.25	34	0.25	80
1.0	182.5	34	0.5	80
1.0	183.0	34	0.5	80
1.0	183.5	34	0.5	80
1.0	184.0	41	1.0	80
1.0	185.0	41	0.5	80
1.0	185.5	41	0.25	80
1.0	185.75	41	0.25	80
1.0	186.0	41	0.25	80
1.0	186.25	41	0.25	80
1.0	186.5	41	0.5	80
1.0	187.0	41	0.5	80
1.0	187.5	41	0.25	80
1.0	187.75	41	0.25	80
1.0	188.0	41	0.5	80
1.0	188.5	41	0.5	80
1.0	189.0	41	0.5	80
1.0	189.5	41	0.25	80
1.0	189.75	41	0.25	80
1.0	190.0	41	0.25	80
1.0	190.25	41	0.25	80
1.0	190.5	41	0.5	80
1.0	191.0	41	0.5	80
1.0	191.5	41	0.25	80
1.0	191.75	41	0.25	80
1.0	192.0	43	1.0	80
1.0	193.0	43	0.5	80
1.0	193.5	43	0.25	80
1.0	193.75	43	0.25	80
1.0	194.0	43	0.25	80
1.0	194.25	43	0.25	80
1.0	194.5	43	0.5	80
1.0	195.0	43	0.5	80
1.0	195.5	43	0.25	80
1.0	195.75	43	0.25	80
1.0	196.0	43	0.5	80
1.0	196.5	43	0.5	80
1.0	197.0	43	0.5	80
1.0	197.5	43	0.25	80
1.0	197.75	43	0.25	80
1.0	198.0	43	0.25	80
1.0	198.25	43	0.25	80
1.0	198.5	43	0.5	80
1.0	199.0	43	0.5	80
1.0	199.5	43	0.25	80
1.0	199.75	43	0.25	80
1.0	200.0	38	1.0	80
1.0	201.0	38	0.5	80
1.0	201.5	38	0.25	80
1.0	201.75	38	0.25	80
1.0	202.0	38	0.25	80
1.0	202.25	38	0.25	80
1.0	202.5	38	0.5	80
1.0	203.0	38	0.5	80
1.0	203.5	38	0.25	80
1.0	203.75	38	0.25	80
1.0	204.0	38	0.5	80
1.0	204.5	38	0.5	80
1.0	205.0	38	0.5	80
1.0	205.5	38	0.25	80
1.0	205.75	38	0.25	80
1.0	206.0	38	0.25	80
1.0	206.25	38	0.25	80
1.0	206.5	38	0.5	80
1.0	207.0	38	0.5	80
1.0	207.5	38	0.5	80
1.0	208.0	34	1.0	80
1.0	209.0	34	0.5	80
1.0	209.5	34	0.25	80
1.0	209.75	34	0.25	80
1.0	210.0	34	0.25	80
1.0	210.25	34	0.25	80
1.0	210.5	34	0.5	80
1.0	211.0	34	0.5	80
1.0	211.5	34	0.25	80
1.0	211.75	34	0.25	80
1.0	212.0	34	0.5	80
1.0	212.5	34	0.5	80
1.0	213.0	34	0.5	80
1.0	213.5	34	0.25	80
1.0	213.75	34	0.25	80
1.0	214.0	34	0.25	80
1.0	214.25	34	0.25	80
1.0	214.5	34	0.5	80
1.0	215.0	34	0.5	80
1.0	215.5	34	0.5	80
1.0	216.0	41	1.0	80
1.0	217.0	41	0.5	80
1.0	217.5	41	0.25	80
1.0	217.75	41	0.25	80
1.0	218.0	41	0.25	80
1.0	218.25	41	0.25	80
1.0	218.5	41	0.5	80
1.0	219.0	41	0.5	80
1.0	219.5	41	0.25	80
1.0	219.75	41	0.25	80
1.0	220.0	41	0.5	80
1.0	220.5	41	0.5	80
1.0	221.0	41	0.5	80
1.0	221.5	41	0.25	80
1.0	221.75	41	0.25	80
1.0	222.0	41	0.25	80
1.0	222.25	41	0.25	80
1.0	222.5	41	0.5	80
1.0	223.0	41	0.5	80
1.0	223.5	41	0.25	80
1.0	223.75	41	0.25	80
1.0	224.0	43	1.0	80
1.0	225.0	43	0.5	80
1.0	225.5	43	0.25	80
1.0	225.75	43	0.25	80
1.0	226.0	43	0.25	80
1.0	226.25	43	0.25	80
1.0	226.5	43	0.5	80
1.0	227.0	43	0.5	80
1.0	227.5	43	0.25	80
1.0	227.75	43	0.25	80
1.0	228.0	43	0.5	80
1.0	228.5	43	0.5	80
1.0	229.0	43	0.5	80
1.0	229.5	43	0.25	80
1.0	229.75	43	0.25	80
1.0	230.0	43	0.25	80
1.0	230.25	43	0.25	80
1.0	230.5	43	0.5	80
1.0	231.0	43	0.5	80
1.0	231.5	43	0.25	80
1.0	231.75	43	0.25	80
1.0	232.0	38	1.0	80
1.0	233.0	38	0.5	80
1.0	233.5	38	0.25	80
1.0	233.75	38	0.25	80
1.0	234.0	38	0.25	80
1.0	234.25	38	0.25	80
1.0	234.5	38	0.5	80
1.0	235.0	38	0.5	80
1.0	235.5	38	0.25	80
1.0	235.75	38	0.25	80
1.0	236.0	38	0.5	80
1.0	236.5	38	0.5	80
1.0	237.0	38	0.5	80
1.0	237.5	38	0.25	80
1.0	237.75	38	0.25	80
1.0	238.0	38	0.25	80
1.0	238.25	38	0.25	80
1.0	238.5	38	0.5	80
1.0	239.0	38	0.5	80
1.0	239.5	38	0.5	80
1.0	240.0	34	1.0	80
1.0	241.0	34	0.5	80
1.0	241.5	34	0.25	80
1.0	241.75	34	0.25	80
1.0	242.0	34	0.25	80
1.0	242.25	34	0.25	80
1.0	242.5	34	0.5	80
1.0	243.0	34	0.5	80
1.0	243.5	34	0.25	80
1.0	243.75	34	0.25	80
1.0	244.0	34	0.5	80
1.0	244.5	34	0.5	80
1.0	245.0	34	0.5	80
1.0	245.5	34	0.25	80
1.0	245.75	34	0.25	80
1.0	246.0	34	0.25	80
1.0	246.25	34	0.25	80
1.0	246.5	34	0.5	80
1.0	247.0	34	0.5	80
1.0	247.5	34	0.5	80
1.0	248.0	41	1.0	80
1.0	249.0	41	0.5	80
1.0	249.5	41	0.25	80
1.0	249.75	41	0.25	80
1.0	250.0	41	0.25	80
1.0	250.25	41	0.25	80
1.0	250.5	41	0.5	80
1.0	251.0	41	0.5	80
1.0	251.5	41	0.25	80
1.0	251.75	41	0.25	80
1.0	252.0	41	0.5	80
1.0	252.5	41	0.5	80
1.0	253.0	41	0.5	80
1.0	253.5	41	0.25	80
1.0	253.75	41	0.25	80
1.0	254.0	41	0.25	80
1.0	254.25	41	0.25	80
1.0	254.5	41	0.5	80
1.0	255.0	41	0.5	80
1.0	255.5	41	0.25	80
1.0	255.75	41	0.25	80
1.0	256.0	43	1.0	80
1.0	257.0	43	0.5	80
1.0	257.5	43	0.25	80
1.0	257.75	43	0.25	80
1.0	258.0	43	0.25	80
1.0	258.25	43	0.25	80
1.0	258.5	43	0.5	80
1.0	259.0	43	0.5	80
1.0	259.5	43	0.25	80
1.0	259.75	43	0.25	80
1.0	260.0	43	0.5	80
1.0	260.5	43	0.5	80
1.0	261.0	43	0.5	80
1.0	261.5	43	0.25	80
1.0	261.75	43	0.25	80
1.0	262.0	43	0.25	80
2.0	32.0	60	1.0	80
2.0	33.0	60	0.5	80
2.0	33.5	60	0.25	80
2.0	33.75	60	0.25	80
2.0	34.0	60	0.25	80
2.0	34.25	60	0.25	80
2.0	34.5	60	0.5	80
2.0	35.0	60	0.5	80
2.0	35.5	60	0.25	80
2.0	35.75	60	0.25	80
2.0	36.0	56	0.5	80
2.0	36.5	56	0.5	80
2.0	37.0	56	0.5	80
2.0	37.5	56	0.5	80
2.0	38.0	56	0.25	80
2.0	40.0	65	4.0	80
2.0	48.0	65	4.0	80
2.0	56.0	60	4.0	80
2.0	64.0	62	4.0	80
2.0	72.0	65	1.0	80
2.0	73.0	65	0.5	80
2.0	73.5	65	0.25	80
2.0	73.75	65	0.25	80
2.0	74.0	65	0.25	80
2.0	74.25	65	0.25	80
2.0	74.5	65	0.5	80
2.0	75.0	65	0.5	80
2.0	75.5	65	0.25	80
2.0	75.75	65	0.25	80
2.0	76.0	65	0.5	80
2.0	76.5	65	0.5	80
2.0	77.0	65	0.5	80
2.0	77.5	65	0.25	80
2.0	77.75	65	0.25	80
2.0	78.0	65	0.25	80
2.0	78.25	65	0.25	80
2.0	78.5	65	0.5	80
2.0	79.0	65	0.5	80
2.0	79.5	65	0.25	80
2.0	79.75	65	0.25	80
2.0	80.0	65	1.0	80
2.0	81.0	65	0.5	80
2.0	81.5	65	0.25	80
2.0	81.75	65	0.25	80
2.0	82.0	65	0.25	80
2.0	82.25	65	0.25	80
2.0	82.5	65	0.5	80
2.0	83.0	65	0.5	80
2.0	83.5	65	0.25	80
2.0	83.75	65	0.25	80
2.0	84.0	65	0.5	80
2.0	84.5	65	0.5	80
2.0	85.0	65	0.5	80
2.0	85.5	65	0.25	80
2.0	85.75	65	0.25	80
2.0	86.0	65	0.25	80
2.0	86.25	65	0.25	80
2.0	86.5	65	0.5	80
2.0	87.0	65	0.5	80
2.0	87.5	65	0.25	80
2.0	87.75	65	0.25	80
2.0	88.0	60	1.0	80
2.0	89.0	60	0.5	80
2.0	89.5	60	0.25	80
2.0	89.75	60	0.25	80
2.0	90.0	60	0.25	80
2.0	90.25	60	0.25	80
2.0	90.5	60	0.5	80
2.0	91.0	60	0.5	80
2.0	91.5	60	0.25	80
2.0	91.75	60	0.25	80
2.0	92.0	60	0.5	80
2.0	92.5	60	0.5	80
2.0	93.0	60	0.5	80
2.0	93.5	60	0.25	80
2.0	93.75	60	0.25	80
2.0	94.0	60	0.25	80
2.0	94.25	60	0.25	80
2.0	94.5	60	0.5	80
2.0	95.0	60	0.5	80
2.0	95.5	60	0.25	80
2.0	95.75	60	0.25	80
2.0	96.0	62	1.0	80
2.0	97.0	62	0.5	80
2.0	97.5	62	0.25	80
2.0	97.75	62	0.25	80
2.0	98.0	62	0.25	80
2.0	98.25	62	0.25	80
2.0	98.5	62	0.5	80
2.0	99.0	62	0.5	80
2.0	99.5	62	0.25	80
2.0	99.75	62	0.25	80
2.0	100.0	62	0.5	80
2.0	100.5	62	0.5	80
2.0	101.0	62	0.5	80
2.0	101.5	62	0.25	80
2.0	101.75	62	0.25	80
2.0	102.0	62	0.25	80
2.0	102.25	62	0.25	80
2.0	102.5	62	0.5	80
2.0	103.0	62	0.5	80
2.0	103.5	62	0.25	80
2.0	103.75	62	0.25	80
2.0	104.0	65	1.0	80
2.0	105.0	65	0.5	80
2.0	105.5	65	0.25	80
2.0	105.75	65	0.25	80
2.0	106.0	65	0.25	80
2.0	106.25	65	0.25	80
2.0	106.5	65	0.5	80
2.0	107.0	65	0.5	80
2.0	107.5	65	0.25	80
2.0	107.75	65	0.25	80
2.0	108.0	65	0.5	80
2.0	108.5	65	0.5	80
2.0	109.0	65	0.5	80
2.0	109.5	65	0.25	80
2.0	109.75	65	0.25	80
2.0	110.0	65	0.25	80
2.0	110.25	65	0.25	80
2.0	110.5	65	0.5	80
2.0	111.0	65	0.5	80
2.0	111.5	65	0.25	80
2.0	111.75	65	0.25	80
2.0	112.0	65	1.0	80
2.0	113.0	65	0.5	80
2.0	113.5	65	0.25	80
2.0	113.75	65	0.25	80
2.0	114.0	65	0.25	80
2.0	114.25	65	0.25	80
2.0	114.5	65	0.5	80
2.0	115.0	65	0.5	80
2.0	115.5	65	0.25	80
2.0	115.75	65	0.25	80
2.0	116.0	65	0.5	80
2.0	116.5	65	0.5	80
2.0	117.0	65	0.5	80
2.0	117.5	65	0.25	80
2.0	117.75	65	0.25	80
2.0	118.0	65	0.25	80
2.0	118.25	65	0.25	80
2.0	118.5	65	0.5	80
2.0	119.0	65	0.5	80
2.0	119.5	65	0.25	80
2.0	119.75	65	0.25	80
2.0	120.0	60	1.0	80
2.0	121.0	60	0.5	80
2.0	121.5	60	0.25	80
2.0	121.75	60	0.25	80
2.0	122.0	60	0.25	80
2.0	122.25	60	0.25	80
2.0	122.5	60	0.5	80
2.0	123.0	60	0.5	80
2.0	123.5	60	0.25	80
2.0	123.75	60	0.25	80
2.0	124.0	60	0.5	80
2.0	124.5	60	0.5	80
2.0	125.0	60	0.5	80
2.0	125.5	60	0.25	80
2.0	125.75	60	0.25	80
2.0	126.0	60	0.25	80
2.0	126.25	60	0.25	80
2.0	126.5	60	0.5	80
2.0	127.0	60	0.5	80
2.0	127.5	60	0.25	80
2.0	127.75	60	0.25	80
2.0	128.0	62	1.0	80
2.0	129.0	62	0.5	80
2.0	129.5	62	0.25	80
2.0	129.75	62	0.25	80
2.0	130.0	62	0.25	80
2.0	130.25	62	0.25	80
2.0	130.5	62	0.5	80
2.0	131.0	62	0.5	80
2.0	131.5	62	0.25	80
2.0	131.75	62	0.25	80
2.0	132.0	62	0.5	80
2.0	132.5	62	0.5	80
2.0	133.0	62	0.5	80
2.0	133.5	62	0.25	80
2.0	133.75	62	0.25	80
2.0	134.0	62	0.25	80
2.0	134.25	62	0.25	80
2.0	134.5	62	0.5	80
2.0	135.0	62	0.5	80
2.0	135.5	62	0.25	80
2.0	135.75	62	0.25	80
2.0	136.0	65	1.0	80
2.0	137.0	65	0.5	80
2.0	137.5	65	0.25	80
2.0	137.75	65	0.25	80
2.0	138.0	65	0.25	80
2.0	138.25	65	0.25	80
2.0	138.5	65	0.5	80
2.0	139.0	65	0.5	80
2.0	139.5	65	0.25	80
2.0	139.75	65	0.25	80
2.0	140.0	65	0.5	80
2.0	140.5	65	0.5	80
2.0	141.0	65	0.5	80
2.0	141.5	65	0.25	80
2.0	141.75	65	0.25	80
2.0	142.0	65	0.25	80
2.0	142.25	65	0.25	80
2.0	142.5	65	0.5	80
2.0	143.0	65	0.5	80
2.0	143.5	65	0.25	80
2.0	143.75	65	0.25	80
2.0	144.0	65	1.0	80
2.0	145.0	65	0.5	80
2.0	145.5	65	0.25	80
2.0	145.75	65	0.25	80
2.0	146.0	65	0.25	80
2.0	146.25	65	0.25	80
2.0	146.5	65	0.5	80
2.0	147.0	65	0.5	80
2.0	147.5	65	0.25	80
2.0	147.75	65	0.25	80
2.0	148.0	65	0.5	80
2.0	148.5	65	0.5	80
2.0	149.0	65	0.5	80
2.0	149.5	65	0.25	80
2.0	149.75	65	0.25	80
2.0	150.0	65	0.25	80
2.0	150.25	65	0.25	80
2.0	150.5	65	0.5	80
2.0	151.0	65	0.5	80
2.0	151.5	65	0.25	80
2.0	151.75	65	0.25	80
2.0	152.0	60	1.0	80
2.0	153.0	60	0.5	80
2.0	153.5	60	0.25	80
2.0	153.75	60	0.25	80
2.0	154.0	60	0.25	80
2.0	154.25	60	0.25	80
2.0	154.5	60	0.5	80
2.0	155.0	60	0.5	80
2.0	155.5	60	0.25	80
2.0	155.75	60	0.25	80
2.0	156.0	60	0.5	80
2.0	156.5	60	0.5	80
2.0	157.0	60	0.5	80
2.0	157.5	60	0.25	80
2.0	157.75	60	0.25	80
2.0	158.0	60	0.25	80
2.0	158.25	60	0.25	80
2.0	158.5	60	0.5	80
2.0	159.0	60	0.5	80
2.0	159.5	60	0.25	80
2.0	159.75	60	0.25	80
2.0	160.0	62	1.0	80
2.0	161.0	62	0.5	80
2.0	161.5	62	0.25	80
2.0	161.75	62	0.25	80
2.0	162.0	62	0.25	80
2.0	162.25	62	0.25	80
2.0	162.5	62	0.5	80
2.0	163.0	62	0.5	80
2.0	163.5	62	0.25	80
2.0	163.75	62	0.25	80
2.0	164.0	62	0.5	80
2.0	164.5	62	0.5	80
2.0	165.0	62	0.5	80
2.0	165.5	62	0.25	80
2.0	165.75	62	0.25	80
2.0	166.0	62	0.25	80
2.0	166.25	62	0.25	80
2.0	166.5	62	0.5	80
2.0	167.0	62	0.5	80
2.0	167.5	62	0.25	80
2.0	167.75	62	0.25	80
2.0	168.0	62	8.0	80
2.0	176.0	58	8.0	80
2.0	184.0	53	8.0	80
2.0	192.0	55	8.0	80
2.0	200.0	62	1.0	80
2.0	201.0	62	1.0	80
2.0	202.0	62	1.0	80
2.0	203.0	62	1.0	80
2.0	204.0	62	1.0	80
2.0	205.0	62	1.0	80
2.0	206.0	62	1.0	80
2.0	207.0	62	1.0	80
2.0	208.0	58	1.0	80
2.0	209.0	58	1.0	80
2.0	210.0	58	1.0	80
2.0	211.0	58	1.0	80
2.0	212.0	58	1.0	80
2.0	213.0	58	1.0	80
2.0	214.0	58	1.0	80
2.0	215.0	58	1.0	80
2.0	216.0	53	1.0	80
2.0	217.0	53	1.0	80
2.0	218.0	53	1.0	80
2.0	219.0	53	1.0	80
2.0	220.0	53	1.0	80
2.0	221.0	53	1.0	80
2.0	222.0	53	1.0	80
2.0	223.0	53	1.0	80
2.0	224.0	55	1.0	80
2.0	225.0	55	1.0	80
2.0	226.0	55	1.0	80
2.0	227.0	55	1.0	80
2.0	228.0	55	1.0	80
2.0	229.0	55	1.0	80
2.0	230.0	55	1.0	80
2.0	231.0	55	1.0	80
2.0	232.0	62	1.0	80
2.0	233.0	62	1.0	80
2.0	234.0	62	1.0	80
2.0	235.0	62	1.0	80
2.0	236.0	62	1.0	80
2.0	237.0	62	1.0	80
2.0	238.0	62	1.0	80
2.0	239.0	62	1.0	80
2.0	240.0	58	1.0	80
2.0	241.0	58	1.0	80
2.0	242.0	58	1.0	80
2.0	243.0	58	1.0	80
2.0	244.0	58	1.0	80
2.0	245.0	58	1.0	80
2.0	246.0	58	1.0	80
2.0	247.0	58	1.0	80
2.0	248.0	53	1.0	80
2.0	249.0	53	1.0	80
2.0	250.0	53	1.0	80
2.0	251.0	53	1.0	80
2.0	252.0	53	1.0	80
2.0	253.0	53	1.0	80
2.0	254.0	53	1.0	80
2.0	255.0	53	1.0	80
2.0	256.0	55	1.0	80
2.0	257.0	55	1.0	80
2.0	258.0	55	1.0	80
2.0	259.0	55	1.0	80
2.0	260.0	55	1.0	80
2.0	261.0	55	1.0	80
2.0	262.0	55	0.25	80
2.0	268.0	73	1.0	80
2.0	269.0	69	1.0	80
2.0	270.0	73	1.0	80
2.0	271.0	69	1.0	80
2.0	272.0	75	1.0	80
2.0	273.0	69	1.0	80
2.0	274.0	75	1.0	80
2.0	275.0	69	1.0	80
2.0	276.0	73	1.0	80
2.0	277.0	69	1.0	80
2.0	278.0	73	1.0	80
2.0	279.0	69	1.0	80
2.0	280.0	75	1.0	80
2.0	281.0	69	1.0	80
2.0	282.0	75	1.0	80
2.0	283.0	69	1.0	80
2.0	284.0	71	1.0	80
2.0	285.0	68	1.0	80
2.0	286.0	71	1.0	80
2.0	287.0	68	1.0	80
2.0	288.0	71	1.0	80
2.0	289.0	68	1.0	80
2.0	290.0	71	1.0	80
2.0	291.0	68	1.0	80
2.0	292.0	73	1.0	80
2.0	293.0	68	1.0	80
2.0	294.0	73	1.0	80
2.0	295.0	68	1.0	80
2.0	296.0	72	1.0	80
2.0	297.0	68	1.0	80
2.0	298.0	72	2.0	80
2.0	300.0	73	1.0	80
2.0	301.0	69	1.0	80
2.0	302.0	73	1.0	80
2.0	303.0	69	1.0	80
2.0	304.0	75	1.0	80
2.0	305.0	69	1.0	80
2.0	306.0	75	1.0	80
2.0	307.0	69	1.0	80
2.0	308.0	73	1.0	80
2.0	309.0	69	1.0	80
2.0	310.0	73	1.0	80
2.0	311.0	69	1.0	80
2.0	312.0	75	1.0	80
2.0	313.0	69	1.0	80
2.0	314.0	75	1.0	80
2.0	315.0	69	1.0	80
2.0	316.0	71	1.0	80
2.0	317.0	68	1.0	80
2.0	318.0	71	1.0	80
2.0	319.0	68	1.0	80
2.0	320.0	71	1.0	80
2.0	321.0	68	1.0	80
2.0	322.0	71	1.0	80
2.0	323.0	68	1.0	80
2.0	324.0	73	1.0	80
2.0	325.0	68	1.0	80
2.0	326.0	73	1.0	80
2.0	327.0	68	1.0	80
2.0	328.0	72	1.0	80
2.0	329.0	68	1.0	80
2.0	330.0	72	2.0	80
2.0	32.0	57	1.0	80
2.0	33.0	57	0.5	80
2.0	33.5	57	0.25	80
2.0	33.75	57	0.25	80
2.0	34.0	57	0.25	80
2.0	34.25	57	0.25	80
2.0	34.5	57	0.5	80
2.0	35.0	57	0.5	80
2.0	35.5	57	0.25	80
2.0	35.75	57	0.25	80
2.0	36.0	52	0.5	80
2.0	36.5	52	0.5	80
2.0	37.0	52	0.5	80
2.0	37.5	52	0.5	80
2.0	38.0	52	0.25	80
2.0	40.0	62	4.0	80
2.0	48.0	61	4.0	80
2.0	56.0	57	4.0	80
2.0	64.0	58	4.0	80
2.0	72.0	62	1.0	80
2.0	73.0	62	0.5	80
2.0	73.5	62	0.25	80
2.0	73.75	62	0.25	80
2.0	74.0	62	0.25	80
2.0	74.25	62	0.25	80
2.0	74.5	62	0.5	80
2.0	75.0	62	0.5	80
2.0	75.5	62	0.25	80
2.0	75.75	62	0.25	80
2.0	76.0	62	0.5	80
2.0	76.5	62	0.5	80
2.0	77.0	62	0.5	80
2.0	77.5	62	0.25	80
2.0	77.75	62	0.25	80
2.0	78.0	62	0.25	80
2.0	78.25	62	0.25	80
2.0	78.5	62	0.5	80
2.0	79.0	62	0.5	80
2.0	79.5	62	0.25	80
2.0	79.75	62	0.25	80
2.0	80.0	61	1.0	80
2.0	81.0	61	0.5	80
2.0	81.5	61	0.25	80
2.0	81.75	61	0.25	80
2.0	82.0	61	0.25	80
2.0	82.25	61	0.25	80
2.0	82.5	61	0.5	80
2.0	83.0	61	0.5	80
2.0	83.5	61	0.25	80
2.0	83.75	61	0.25	80
2.0	84.0	61	0.5	80
2.0	84.5	61	0.5	80
2.0	85.0	61	0.5	80
2.0	85.5	61	0.25	80
2.0	85.75	61	0.25	80
2.0	86.0	61	0.25	80
2.0	86.25	61	0.25	80
2.0	86.5	61	0.5	80
2.0	87.0	61	0.5	80
2.0	87.5	61	0.25	80
2.0	87.75	61	0.25	80
2.0	88.0	57	1.0	80
2.0	89.0	57	0.5	80
2.0	89.5	57	0.25	80
2.0	89.75	57	0.25	80
2.0	90.0	57	0.25	80
2.0	90.25	57	0.25	80
2.0	90.5	57	0.5	80
2.0	91.0	57	0.5	80
2.0	91.5	57	0.25	80
2.0	91.75	57	0.25	80
2.0	92.0	57	0.5	80
2.0	92.5	57	0.5	80
2.0	93.0	57	0.5	80
2.0	93.5	57	0.25	80
2.0	93.75	57	0.25	80
2.0	94.0	57	0.25	80
2.0	94.25	57	0.25	80
2.0	94.5	57	0.5	80
2.0	95.0	57	0.5	80
2.0	95.5	57	0.25	80
2.0	95.75	57	0.25	80
2.0	96.0	58	1.0	80
2.0	97.0	58	0.5	80
2.0	97.5	58	0.25	80
2.0	97.75	58	0.25	80
2.0	98.0	58	0.25	80
2.0	98.25	58	0.25	80
2.0	98.5	58	0.5	80
2.0	99.0	58	0.5	80
2.0	99.5	58	0.25	80
2.0	99.75	58	0.25	80
2.0	100.0	58	0.5	80
2.0	100.5	58	0.5	80
2.0	101.0	58	0.5	80
2.0	101.5	58	0.25	80
2.0	101.75	58	0.25	80
2.0	102.0	58	0.25	80
2.0	102.25	58	0.25	80
2.0	102.5	58	0.5	80
2.0	103.0	58	0.5	80
2.0	103.5	58	0.25	80
2.0	103.75	58	0.25	80
2.0	104.0	62	1.0	80
2.0	105.0	62	0.5	80
2.0	105.5	62	0.25	80
2.0	105.75	62	0.25	80
2.0	106.0	62	0.25	80
2.0	106.25	62	0.25	80
2.0	106.5	62	0.5	80
2.0	107.0	62	0.5	80
2.0	107.5	62	0.25	80
2.0	107.75	62	0.25	80
2.0	108.0	62	0.5	80
2.0	108.5	62	0.5	80
2.0	109.0	62	0.5	80
2.0	109.5	62	0.25	80
2.0	109.75	62	0.25	80
2.0	110.0	62	0.25	80
2.0	110.25	62	0.25	80
2.0	110.5	62	0.5	80
2.0	111.0	62	0.5	80
2.0	111.5	62	0.25	80
2.0	111.75	62	0.25	80
2.0	112.0	61	1.0	80
2.0	113.0	61	0.5	80
2.0	113.5	61	0.25	80
2.0	113.75	61	0.25	80
2.0	114.0	61	0.25	80
2.0	114.25	61	0.25	80
2.0	114.5	61	0.5	80
2.0	115.0	61	0.5	80
2.0	115.5	61	0.25	80
2.0	115.75	61	0.25	80
2.0	116.0	61	0.5	80
2.0	116.5	61	0.5	80
2.0	117.0	61	0.5	80
2.0	117.5	61	0.25	80
2.0	117.75	61	0.25	80
2.0	118.0	61	0.25	80
2.0	118.25	61	0.25	80
2.0	118.5	61	0.5	80
2.0	119.0	61	0.5	80
2.0	119.5	61	0.25	80
2.0	119.75	61	0.25	80
2.0	120.0	57	1.0	80
2.0	121.0	57	0.5	80
2.0	121.5	57	0.25	80
2.0	121.75	57	0.25	80
2.0	122.0	57	0.25	80
2.0	122.25	57	0.25	80
2.0	122.5	57	0.5	80
2.0	123.0	57	0.5	80
2.0	123.5	57	0.25	80
2.0	123.75	57	0.25	80
2.0	124.0	57	0.5	80
2.0	124.5	57	0.5	80
2.0	125.0	57	0.5	80
2.0	125.5	57	0.25	80
2.0	125.75	57	0.25	80
2.0	126.0	57	0.25	80
2.0	126.25	57	0.25	80
2.0	126.5	57	0.5	80
2.0	127.0	57	0.5	80
2.0	127.5	57	0.25	80
2.0	127.75	57	0.25	80
2.0	128.0	58	1.0	80
2.0	129.0	58	0.5	80
2.0	129.5	58	0.25	80
2.0	129.75	58	0.25	80
2.0	130.0	58	0.25	80
2.0	130.25	58	0.25	80
2.0	130.5	58	0.5	80
2.0	131.0	58	0.5	80
2.0	131.5	58	0.25	80
2.0	131.75	58	0.25	80
2.0	132.0	58	0.5	80
2.0	132.5	58	0.5	80
2.0	133.0	58	0.5	80
2.0	133.5	58	0.25	80
2.0	133.75	58	0.25	80
2.0	134.0	58	0.25	80
2.0	134.25	58	0.25	80
2.0	134.5	58	0.5	80
2.0	135.0	58	0.5	80
2.0	135.5	58	0.25	80
2.0	135.75	58	0.25	80
2.0	136.0	62	1.0	80
2.0	137.0	62	0.5	80
2.0	137.5	62	0.25	80
2.0	137.75	62	0.25	80
2.0	138.0	62	0.25	80
2.0	138.25	62	0.25	80
2.0	138.5	62	0.5	80
2.0	139.0	62	0.5	80
2.0	139.5	62	0.25	80
2.0	139.75	62	0.25	80
2.0	140.0	62	0.5	80
2.0	140.5	62	0.5	80
2.0	141.0	62	0.5	80
2.0	141.5	62	0.25	80
2.0	141.75	62	0.25	80
2.0	142.0	62	0.25	80
2.0	142.25	62	0.25	80
2.0	142.5	62	0.5	80
2.0	143.0	62	0.5	80
2.0	143.5	62	0.25	80
2.0	143.75	62	0.25	80
2.0	144.0	61	1.0	80
2.0	145.0	61	0.5	80
2.0	145.5	61	0.25	80
2.0	145.75	61	0.25	80
2.0	146.0	61	0.25	80
2.0	146.25	61	0.25	80
2.0	146.5	61	0.5	80
2.0	147.0	61	0.5	80
2.0	147.5	61	0.25	80
2.0	147.75	61	0.25	80
2.0	148.0	61	0.5	80
2.0	148.5	61	0.5	80
2.0	149.0	61	0.5	80
2.0	149.5	61	0.25	80
2.0	149.75	61	0.25	80
2.0	150.0	61	0.25	80
2.0	150.25	61	0.25	80
2.0	150.5	61	0.5	80
2.0	151.0	61	0.5	80
2.0	151.5	61	0.25	80
2.0	151.75	61	0.25	80
2.0	152.0	57	1.0	80
2.0	153.0	57	0.5	80
2.0	153.5	57	0.25	80
2.0	153.75	57	0.25	80
2.0	154.0	57	0.25	80
2.0	154.25	57	0.25	80
2.0	154.5	57	0.5	80
2.0	155.0	57	0.5	80
2.0	155.5	57	0.25	80
2.0	155.75	57	0.25	80
2.0	156.0	57	0.5	80
2.0	156.5	57	0.5	80
2.0	157.0	57	0.5	80
2.0	157.5	57	0.25	80
2.0	157.75	57	0.25	80
2.0	158.0	57	0.25	80
2.0	158.25	57	0.25	80
2.0	158.5	57	0.5	80
2.0	159.0	57	0.5	80
2.0	159.5	57	0.25	80
2.0	159.75	57	0.25	80
2.0	160.0	58	1.0	80
2.0	161.0	58	0.5	80
2.0	161.5	58	0.25	80
2.0	161.75	58	0.25	80
2.0	162.0	58	0.25	80
2.0	162.25	58	0.25	80
2.0	162.5	58	0.5	80
2.0	163.0	58	0.5	80
2.0	163.5	58	0.25	80
2.0	163.75	58	0.25	80
2.0	164.0	58	0.5	80
2.0	164.5	58	0.5	80
2.0	165.0	58	0.5	80
2.0	165.5	58	0.25	80
2.0	165.75	58	0.25	80
2.0	166.0	58	0.25	80
2.0	166.25	58	0.25	80
2.0	166.5	58	0.5	80
2.0	167.0	58	0.5	80
2.0	167.5	58	0.25	80
2.0	167.75	58	0.25	80
2.0	168.0	57	8.0	80
2.0	176.0	53	8.0	80
2.0	184.0	48	8.0	80
2.0	192.0	50	8.0	80
2.0	200.0	57	1.0	80
2.0	201.0	57	1.0	80
2.0	202.0	57	1.0	80
2.0	203.0	57	1.0	80
2.0	204.0	57	1.0	80
2.0	205.0	57	1.0	80
2.0	206.0	57	1.0	80
2.0	207.0	57	1.0	80
2.0	208.0	53	1.0	80
2.0	209.0	53	1.0	80
2.0	210.0	53	1.0	80
2.0	211.0	53	1.0	80
2.0	212.0	53	1.0	80
2.0	213.0	53	1.0	80
2.0	214.0	53	1.0	80
2.0	215.0	53	1.0	80
2.0	216.0	48	1.0	80
2.0	217.0	48	1.0	80
2.0	218.0	48	1.0	80
2.0	219.0	48	1.0	80
2.0	220.0	48	1.0	80
2.0	221.0	48	1.0	80
2.0	222.0	48	1.0	80
2.0	223.0	48	1.0	80
2.0	224.0	50	1.0	80
2.0	225.0	50	1.0	80
2.0	226.0	50	1.0	80
2.0	227.0	50	1.0	80
2.0	228.0	50	1.0	80
2.0	229.0	50	1.0	80
2.0	230.0	50	1.0	80
2.0	231.0	50	1.0	80
2.0	232.0	57	1.0	80
2.0	233.0	57	1.0	80
2.0	234.0	57	1.0	80
2.0	235.0	57	1.0	80
2.0	236.0	57	1.0	80
2.0	237.0	57	1.0	80
2.0	238.0	57	1.0	80
2.0	239.0	57	1.0	80
2.0	240.0	53	1.0	80
2.0	241.0	53	1.0	80
2.0	242.0	53	1.0	80
2.0	243.0	53	1.0	80
2.0	244.0	53	1.0	80
2.0	245.0	53	1.0	80
2.0	246.0	53	1.0	80
2.0	247.0	53	1.0	80
2.0	248.0	48	1.0	80
2.0	249.0	48	1.0	80
2.0	250.0	48	1.0	80
2.0	251.0	48	1.0	80
2.0	252.0	48	1.0	80
2.0	253.0	48	1.0	80
2.0	254.0	48	1.0	80
2.0	255.0	48	1.0	80
2.0	256.0	50	1.0	80
2.0	257.0	50	1.0	80
2.0	258.0	50	1.0	80
2.0	259.0	50	1.0	80
2.0	260.0	50	1.0	80
2.0	261.0	50	1.0	80
2.0	262.0	50	0.25	80
2.0	32.0	53	1.0	80
2.0	33.0	53	0.5	80
2.0	33.5	53	0.25	80
2.0	33.75	53	0.25	80
2.0	34.0	53	0.25	80
2.0	34.25	53	0.25	80
2.0	34.5	53	0.5	80
2.0	35.0	53	0.5	80
2.0	35.5	53	0.25	80
2.0	35.75	53	0.25	80
2.0	36.0	47	0.5	80
2.0	36.5	47	0.5	80
2.0	37.0	47	0.5	80
2.0	37.5	47	0.5	80
2.0	38.0	47	0.25	80
2.0	40.0	57	4.0	80
2.0	48.0	58	4.0	80
2.0	56.0	53	4.0	80
2.0	64.0	55	4.0	80
2.0	72.0	57	1.0	80
2.0	73.0	57	0.5	80
2.0	73.5	57	0.25	80
2.0	73.75	57	0.25	80
2.0	74.0	57	0.25	80
2.0	74.25	57	0.25	80
2.0	74.5	57	0.5	80
2.0	75.0	57	0.5	80
2.0	75.5	57	0.25	80
2.0	75.75	57	0.25	80
2.0	76.0	57	0.5	80
2.0	76.5	57	0.5	80
2.0	77.0	57	0.5	80
2.0	77.5	57	0.25	80
2.0	77.75	57	0.25	80
2.0	78.0	57	0.25	80
2.0	78.25	57	0.25	80
2.0	78.5	57	0.5	80
2.0	79.0	57	0.5	80
2.0	79.5	57	0.25	80
2.0	79.75	57	0.25	80
2.0	80.0	58	1.0	80
2.0	81.0	58	0.5	80
2.0	81.5	58	0.25	80
2.0	81.75	58	0.25	80
2.0	82.0	58	0.25	80
2.0	82.25	58	0.25	80
2.0	82.5	58	0.5	80
2.0	83.0	58	0.5	80
2.0	83.5	58	0.25	80
2.0	83.75	58	0.25	80
2.0	84.0	58	0.5	80
2.0	84.5	58	0.5	80
2.0	85.0	58	0.5	80
2.0	85.5	58	0.25	80
2.0	85.75	58	0.25	80
2.0	86.0	58	0.25	80
2.0	86.25	58	0.25	80
2.0	86.5	58	0.5	80
2.0	87.0	58	0.5	80
2.0	87.5	58	0.25	80
2.0	87.75	58	0.25	80
2.0	88.0	53	1.0	80
2.0	89.0	53	0.5	80
2.0	89.5	53	0.25	80
2.0	89.75	53	0.25	80
2.0	90.0	53	0.25	80
2.0	90.25	53	0.25	80
2.0	90.5	53	0.5	80
2.0	91.0	53	0.5	80
2.0	91.5	53	0.25	80
2.0	91.75	53	0.25	80
2.0	92.0	53	0.5	80
2.0	92.5	53	0.5	80
2.0	93.0	53	0.5	80
2.0	93.5	53	0.25	80
2.0	93.75	53	0.25	80
2.0	94.0	53	0.25	80
2.0	94.25	53	0.25	80
2.0	94.5	53	0.5	80
2.0	95.0	53	0.5	80
2.0	95.5	53	0.25	80
2.0	95.75	53	0.25	80
2.0	96.0	55	1.0	80
2.0	97.0	55	0.5	80
2.0	97.5	55	0.25	80
2.0	97.75	55	0.25	80
2.0	98.0	55	0.25	80
2.0	98.25	55	0.25	80
2.0	98.5	55	0.5	80
2.0	99.0	55	0.5	80
2.0	99.5	55	0.25	80
2.0	99.75	55	0.25	80
2.0	100.0	55	0.5	80
2.0	100.5	55	0.5	80
2.0	101.0	55	0.5	80
2.0	101.5	55	0.25	80
2.0	101.75	55	0.25	80
2.0	102.0	55	0.25	80
2.0	102.25	55	0.25	80
2.0	102.5	55	0.5	80
2.0	103.0	55	0.5	80
2.0	103.5	55	0.25	80
2.0	103.75	55	0.25	80
2.0	104.0	57	1.0	80
2.0	105.0	57	0.5	80
2.0	105.5	57	0.25	80
2.0	105.75	57	0.25	80
2.0	106.0	57	0.25	80
2.0	106.25	57	0.25	80
2.0	106.5	57	0.5	80
2.0	107.0	57	0.5	80
2.0	107.5	57	0.25	80
2.0	107.75	57	0.25	80
2.0	108.0	57	0.5	80
2.0	108.5	57	0.5	80
2.0	109.0	57	0.5	80
2.0	109.5	57	0.25	80
2.0	109.75	57	0.25	80
2.0	110.0	57	0.25	80
2.0	110.25	57	0.25	80
2.0	110.5	57	0.5	80
2.0	111.0	57	0.5	80
2.0	111.5	57	0.25	80
2.0	111.75	57	0.25	80
2.0	112.0	58	1.0	80
2.0	113.0	58	0.5	80
2.0	113.5	58	0.25	80
2.0	113.75	58	0.25	80
2.0	114.0	58	0.25	80
2.0	114.25	58	0.25	80
2.0	114.5	58	0.5	80
2.0	115.0	58	0.5	80
2.0	115.5	58	0.25	80
2.0	115.75	58	0.25	80
2.0	116.0	58	0.5	80
2.0	116.5	58	0.5	80
2.0	117.0	58	0.5	80
2.0	117.5	58	0.25	80
2.0	117.75	58	0.25	80
2.0	118.0	58	0.25	80
2.0	118.25	58	0.25	80
2.0	118.5	58	0.5	80
2.0	119.0	58	0.5	80
2.0	119.5	58	0.25	80
2.0	119.75	58	0.25	80
2.0	120.0	53	1.0	80
2.0	121.0	53	0.5	80
2.0	121.5	53	0.25	80
2.0	121.75	53	0.25	80
2.0	122.0	53	0.25	80
2.0	122.25	53	0.25	80
2.0	122.5	53	0.5	80
2.0	123.0	53	0.5	80
2.0	123.5	53	0.25	80
2.0	123.75	53	0.25	80
2.0	124.0	53	0.5	80
2.0	124.5	53	0.5	80
2.0	125.0	53	0.5	80
2.0	125.5	53	0.25	80
2.0	125.75	53	0.25	80
2.0	126.0	53	0.25	80
2.0	126.25	53	0.25	80
2.0	126.5	53	0.5	80
2.0	127.0	53	0.5	80
2.0	127.5	53	0.25	80
2.0	127.75	53	0.25	80
2.0	128.0	55	1.0	80
2.0	129.0	55	0.5	80
2.0	129.5	55	0.25	80
2.0	129.75	55	0.25	80
2.0	130.0	55	0.25	80
2.0	130.25	55	0.25	80
2.0	130.5	55	0.5	80
2.0	131.0	55	0.5	80
2.0	131.5	55	0.25	80
2.0	131.75	55	0.25	80
2.0	132.0	55	0.5	80
2.0	132.5	55	0.5	80
2.0	133.0	55	0.5	80
2.0	133.5	55	0.25	80
2.0	133.75	55	0.25	80
2.0	134.0	55	0.25	80
2.0	134.25	55	0.25	80
2.0	134.5	55	0.5	80
2.0	135.0	55	0.5	80
2.0	135.5	55	0.25	80
2.0	135.75	55	0.25	80
2.0	136.0	57	1.0	80
2.0	137.0	57	0.5	80
2.0	137.5	57	0.25	80
2.0	137.75	57	0.25	80
2.0	138.0	57	0.25	80
2.0	138.25	57	0.25	80
2.0	138.5	57	0.5	80
2.0	139.0	57	0.5	80
2.0	139.5	57	0.25	80
2.0	139.75	57	0.25	80
2.0	140.0	57	0.5	80
2.0	140.5	57	0.5	80
2.0	141.0	57	0.5	80
2.0	141.5	57	0.25	80
2.0	141.75	57	0.25	80
2.0	142.0	57	0.25	80
2.0	142.25	57	0.25	80
2.0	142.5	57	0.5	80
2.0	143.0	57	0.5	80
2.0	143.5	57	0.25	80
2.0	143.75	57	0.25	80
2.0	144.0	58	1.0	80
2.0	145.0	58	0.5	80
2.0	145.5	58	0.25	80
2.0	145.75	58	0.25	80
2.0	146.0	58	0.25	80
2.0	146.25	58	0.25	80
2.0	146.5	58	0.5	80
2.0	147.0	58	0.5	80
2.0	147.5	58	0.25	80
2.0	147.75	58	0.25	80
2.0	148.0	58	0.5	80
2.0	148.5	58	0.5	80
2.0	149.0	58	0.5	80
2.0	149.5	58	0.25	80
2.0	149.75	58	0.25	80
2.0	150.0	58	0.25	80
2.0	150.25	58	0.25	80
2.0	150.5	58	0.5	80
2.0	151.0	58	0.5	80
2.0	151.5	58	0.25	80
2.0	151.75	58	0.25	80
2.0	152.0	53	1.0	80
2.0	153.0	53	0.5	80
2.0	153.5	53	0.25	80
2.0	153.75	53	0.25	80
2.0	154.0	53	0.25	80
2.0	154.25	53	0.25	80
2.0	154.5	53	0.5	80
2.0	155.0	53	0.5	80
2.0	155.5	53	0.25	80
2.0	155.75	53	0.25	80
2.0	156.0	53	0.5	80
2.0	156.5	53	0.5	80
2.0	157.0	53	0.5	80
2.0	157.5	53	0.25	80
2.0	157.75	53	0.25	80
2.0	158.0	53	0.25	80
2.0	158.25	53	0.25	80
2.0	158.5	53	0.5	80
2.0	159.0	53	0.5	80
2.0	159.5	53	0.25	80
2.0	159.75	53	0.25	80
2.0	160.0	55	1.0	80
2.0	161.0	55	0.5	80
2.0	161.5	55	0.25	80
2.0	161.75	55	0.25	80
2.0	162.0	55	0.25	80
2.0	162.25	55	0.25	80
2.0	162.5	55	0.5	80
2.0	163.0	55	0.5	80
2.0	163.5	55	0.25	80
2.0	163.75	55	0.25	80
2.0	164.0	55	0.5	80
2.0	164.5	55	0.5	80
2.0	165.0	55	0.5	80
2.0	165.5	55	0.25	80
2.0	165.75	55	0.25	80
2.0	166.0	55	0.25	80
2.0	166.25	55	0.25	80
2.0	166.5	55	0.5	80
2.0	167.0	55	0.5	80
2.0	167.5	55	0.25	80
2.0	167.75	55	0.25	80
2.0	168.0	50	8.0	80
2.0	176.0	46	8.0	80
2.0	184.0	41	8.0	80
2.0	192.0	43	8.0	80
2.0	200.0	50	1.0	80
2.0	201.0	50	1.0	80
2.0	202.0	50	1.0	80
2.0	203.0	50	1.0	80
2.0	204.0	50	1.0	80
2.0	205.0	50	1.0	80
2.0	206.0	50	1.0	80
2.0	207.0	50	1.0	80
2.0	208.0	46	1.0	80
2.0	209.0	46	1.0	80
2.0	210.0	46	1.0	80
2.0	211.0	46	1.0	80
2.0	212.0	46	1.0	80
2.0	213.0	46	1.0	80
2.0	214.0	46	1.0	80
2.0	215.0	46	1.0	80
2.0	216.0	41	1.0	80
2.0	217.0	41	1.0	80
2.0	218.0	41	1.0	80
2.0	219.0	41	1.0	80
2.0	220.0	41	1.0	80
2.0	221.0	41	1.0	80
2.0	222.0	41	1.0	80
2.0	223.0	41	1.0	80
2.0	224.0	43	1.0	80
2.0	225.0	43	1.0	80
2.0	226.0	43	1.0	80
2.0	227.0	43	1.0	80
2.0	228.0	43	1.0	80
2.0	229.0	43	1.0	80
2.0	230.0	43	1.0	80
2.0	231.0	43	1.0	80
2.0	232.0	50	1.0	80
2.0	233.0	50	1.0	80
2.0	234.0	50	1.0	80
2.0	235.0	50	1.0	80
2.0	236.0	50	1.0	80
2.0	237.0	50	1.0	80
2.0	238.0	50	1.0	80
2.0	239.0	50	1.0	80
2.0	240.0	46	1.0	80
2.0	241.0	46	1.0	80
2.0	242.0	46	1.0	80
2.0	243.0	46	1.0	80
2.0	244.0	46	1.0	80
2.0	245.0	46	1.0	80
2.0	246.0	46	1.0	80
2.0	247.0	46	1.0	80
2.0	248.0	41	1.0	80
2.0	249.0	41	1.0	80
2.0	250.0	41	1.0	80
2.0	251.0	41	1.0	80
2.0	252.0	41	1.0	80
2.0	253.0	41	1.0	80
2.0	254.0	41	1.0	80
2.0	255.0	41	1.0	80
2.0	256.0	43	1.0	80
2.0	257.0	43	1.0	80
2.0	258.0	43	1.0	80
2.0	259.0	43	1.0	80
2.0	260.0	43	1.0	80
2.0	261.0	43	1.0	80
2.0	262.0	43	0.25	80
2.0	32.0	48	1.0	80
2.0	33.0	48	0.5	80
2.0	33.5	48	0.25	80
2.0	33.75	48	0.25	80
2.0	34.0	48	0.25	80
2.0	34.25	48	0.25	80
2.0	34.5	48	0.5	80
2.0	35.0	48	0.5	80
2.0	35.5	48	0.25	80
2.0	35.75	48	0.25	80
2.0	36.0	40	0.5	80
2.0	36.5	40	0.5	80
2.0	37.0	40	0.5	80
2.0	37.5	40	0.5	80
2.0	38.0	40	0.25	80
2.0	40.0	50	4.0	80
2.0	48.0	53	4.0	80
2.0	56.0	48	4.0	80
2.0	64.0	50	4.0	80
2.0	72.0	50	1.0	80
2.0	73.0	50	0.5	80
2.0	73.5	50	0.25	80
2.0	73.75	50	0.25	80
2.0	74.0	50	0.25	80
2.0	74.25	50	0.25	80
2.0	74.5	50	0.5	80
2.0	75.0	50	0.5	80
2.0	75.5	50	0.25	80
2.0	75.75	50	0.25	80
2.0	76.0	50	0.5	80
2.0	76.5	50	0.5	80
2.0	77.0	50	0.5	80
2.0	77.5	50	0.25	80
2.0	77.75	50	0.25	80
2.0	78.0	50	0.25	80
2.0	78.25	50	0.25	80
2.0	78.5	50	0.5	80
2.0	79.0	50	0.5	80
2.0	79.5	50	0.25	80
2.0	79.75	50	0.25	80
2.0	80.0	53	1.0	80
2.0	81.0	53	0.5	80
2.0	81.5	53	0.25	80
2.0	81.75	53	0.25	80
2.0	82.0	53	0.25	80
2.0	82.25	53	0.25	80
2.0	82.5	53	0.5	80
2.0	83.0	53	0.5	80
2.0	83.5	53	0.25	80
2.0	83.75	53	0.25	80
2.0	84.0	53	0.5	80
2.0	84.5	53	0.5	80
2.0	85.0	53	0.5	80
2.0	85.5	53	0.25	80
2.0	85.75	53	0.25	80
2.0	86.0	53	0.25	80
2.0	86.25	53	0.25	80
2.0	86.5	53	0.5	80
2.0	87.0	53	0.5	80
2.0	87.5	53	0.25	80
2.0	87.75	53	0.25	80
2.0	88.0	48	1.0	80
2.0	89.0	48	0.5	80
2.0	89.5	48	0.25	80
2.0	89.75	48	0.25	80
2.0	90.0	48	0.25	80
2.0	90.25	48	0.25	80
2.0	90.5	48	0.5	80
2.0	91.0	48	0.5	80
2.0	91.5	48	0.25	80
2.0	91.75	48	0.25	80
2.0	92.0	48	0.5	80
2.0	92.5	48	0.5	80
2.0	93.0	48	0.5	80
2.0	93.5	48	0.25	80
2.0	93.75	48	0.25	80
2.0	94.0	48	0.25	80
2.0	94.25	48	0.25	80
2.0	94.5	48	0.5	80
2.0	95.0	48	0.5	80
2.0	95.5	48	0.25	80
2.0	95.75	48	0.25	80
2.0	96.0	50	1.0	80
2.0	97.0	50	0.5	80
2.0	97.5	50	0.25	80
2.0	97.75	50	0.25	80
2.0	98.0	50	0.25	80
2.0	98.25	50	0.25	80
2.0	98.5	50	0.5	80
2.0	99.0	50	0.5	80
2.0	99.5	50	0.25	80
2.0	99.75	50	0.25	80
2.0	100.0	50	0.5	80
2.0	100.5	50	0.5	80
2.0	101.0	50	0.5	80
2.0	101.5	50	0.25	80
2.0	101.75	50	0.25	80
2.0	102.0	50	0.25	80
2.0	102.25	50	0.25	80
2.0	102.5	50	0.5	80
2.0	103.0	50	0.5	80
2.0	103.5	50	0.25	80
2.0	103.75	50	0.25	80
2.0	104.0	50	1.0	80
2.0	105.0	50	0.5	80
2.0	105.5	50	0.25	80
2.0	105.75	50	0.25	80
2.0	106.0	50	0.25	80
2.0	106.25	50	0.25	80
2.0	106.5	50	0.5	80
2.0	107.0	50	0.5	80
2.0	107.5	50	0.25	80
2.0	107.75	50	0.25	80
2.0	108.0	50	0.5	80
2.0	108.5	50	0.5	80
2.0	109.0	50	0.5	80
2.0	109.5	50	0.25	80
2.0	109.75	50	0.25	80
2.0	110.0	50	0.25	80
2.0	110.25	50	0.25	80
2.0	110.5	50	0.5	80
2.0	111.0	50	0.5	80
2.0	111.5	50	0.25	80
2.0	111.75	50	0.25	80
2.0	112.0	53	1.0	80
2.0	113.0	53	0.5	80
2.0	113.5	53	0.25	80
2.0	113.75	53	0.25	80
2.0	114.0	53	0.25	80
2.0	114.25	53	0.25	80
2.0	114.5	53	0.5	80
2.0	115.0	53	0.5	80
2.0	115.5	53	0.25	80
2.0	115.75	53	0.25	80
2.0	116.0	53	0.5	80
2.0	116.5	53	0.5	80
2.0	117.0	53	0.5	80
2.0	117.5	53	0.25	80
2.0	117.75	53	0.25	80
2.0	118.0	53	0.25	80
2.0	118.25	53	0.25	80
2.0	118.5	53	0.5	80
2.0	119.0	53	0.5	80
2.0	119.5	53	0.25	80
2.0	119.75	53	0.25	80
2.0	120.0	48	1.0	80
2.0	121.0	48	0.5	80
2.0	121.5	48	0.25	80
2.0	121.75	48	0.25	80
2.0	122.0	48	0.25	80
2.0	122.25	48	0.25	80
2.0	122.5	48	0.5	80
2.0	123.0	48	0.5	80
2.0	123.5	48	0.25	80
2.0	123.75	48	0.25	80
2.0	124.0	48	0.5	80
2.0	124.5	48	0.5	80
2.0	125.0	48	0.5	80
2.0	125.5	48	0.25	80
2.0	125.75	48	0.25	80
2.0	126.0	48	0.25	80
2.0	126.25	48	0.25	80
2.0	126.5	48	0.5	80
2.0	127.0	48	0.5	80
2.0	127.5	48	0.25	80
2.0	127.75	48	0.25	80
2.0	128.0	50	1.0	80
2.0	129.0	50	0.5	80
2.0	129.5	50	0.25	80
2.0	129.75	50	0.25	80
2.0	130.0	50	0.25	80
2.0	130.25	50	0.25	80
2.0	130.5	50	0.5	80
2.0	131.0	50	0.5	80
2.0	131.5	50	0.25	80
2.0	131.75	50	0.25	80
2.0	132.0	50	0.5	80
2.0	132.5	50	0.5	80
2.0	133.0	50	0.5	80
2.0	133.5	50	0.25	80
2.0	133.75	50	0.25	80
2.0	134.0	50	0.25	80
2.0	134.25	50	0.25	80
2.0	134.5	50	0.5	80
2.0	135.0	50	0.5	80
2.0	135.5	50	0.25	80
2.0	135.75	50	0.25	80
2.0	136.0	50	1.0	80
2.0	137.0	50	0.5	80
2.0	137.5	50	0.25	80
2.0	137.75	50	0.25	80
2.0	138.0	50	0.25	80
2.0	138.25	50	0.25	80
2.0	138.5	50	0.5	80
2.0	139.0	50	0.5	80
2.0	139.5	50	0.25	80
2.0	139.75	50	0.25	80
2.0	140.0	50	0.5	80
2.0	140.5	50	0.5	80
2.0	141.0	50	0.5	80
2.0	141.5	50	0.25	80
2.0	141.75	50	0.25	80
2.0	142.0	50	0.25	80
2.0	142.25	50	0.25	80
2.0	142.5	50	0.5	80
2.0	143.0	50	0.5	80
2.0	143.5	50	0.25	80
2.0	143.75	50	0.25	80
2.0	144.0	53	1.0	80
2.0	145.0	53	0.5	80
2.0	145.5	53	0.25	80
2.0	145.75	53	0.25	80
2.0	146.0	53	0.25	80
2.0	146.25	53	0.25	80
2.0	146.5	53	0.5	80
2.0	147.0	53	0.5	80
2.0	147.5	53	0.25	80
2.0	147.75	53	0.25	80
2.0	148.0	53	0.5	80
2.0	148.5	53	0.5	80
2.0	149.0	53	0.5	80
2.0	149.5	53	0.25	80
2.0	149.75	53	0.25	80
2.0	150.0	53	0.25	80
2.0	150.25	53	0.25	80
2.0	150.5	53	0.5	80
2.0	151.0	53	0.5	80
2.0	151.5	53	0.25	80
2.0	151.75	53	0.25	80
2.0	152.0	48	1.0	80
2.0	153.0	48	0.5	80
2.0	153.5	48	0.25	80
2.0	153.75	48	0.25	80
2.0	154.0	48	0.25	80
2.0	154.25	48	0.25	80
2.0	154.5	48	0.5	80
2.0	155.0	48	0.5	80
2.0	155.5	48	0.25	80
2.0	155.75	48	0.25	80
2.0	156.0	48	0.5	80
2.0	156.5	48	0.5	80
2.0	157.0	48	0.5	80
2.0	157.5	48	0.25	80
2.0	157.75	48	0.25	80
2.0	158.0	48	0.25	80
2.0	158.25	48	0.25	80
2.0	158.5	48	0.5	80
2.0	159.0	48	0.5	80
2.0	159.5	48	0.25	80
2.0	159.75	48	0.25	80
2.0	160.0	50	1.0	80
2.0	161.0	50	0.5	80
2.0	161.5	50	0.25	80
2.0	161.75	50	0.25	80
2.0	162.0	50	0.25	80
2.0	162.25	50	0.25	80
2.0	162.5	50	0.5	80
2.0	163.0	50	0.5	80
2.0	163.5	50	0.25	80
2.0	163.75	50	0.25	80
2.0	164.0	50	0.5	80
2.0	164.5	50	0.5	80
2.0	165.0	50	0.5	80
2.0	165.5	50	0.25	80
2.0	165.75	50	0.25	80
2.0	166.0	50	0.25	80
2.0	166.25	50	0.25	80
2.0	166.5	50	0.5	80
2.0	167.0	50	0.5	80
2.0	167.5	50	0.25	80
2.0	167.75	50	0.25	80
2.0	32.0	41	1.0	80
2.0	33.0	41	0.5	80
2.0	33.5	41	0.25	80
2.0	33.75	41	0.25	80
2.0	34.0	41	0.25	80
2.0	34.25	41	0.25	80
2.0	34.5	41	0.5	80
2.0	35.0	41	0.5	80
2.0	35.5	41	0.25	80
2.0	35.75	41	0.25	80
2.0	40.0	45	4.0	80
2.0	48.0	46	4.0	80
2.0	56.0	41	4.0	80
2.0	64.0	43	4.0	80
2.0	72.0	45	1.0	80
2.0	73.0	45	0.5	80
2.0	73.5	45	0.25	80
2.0	73.75	45	0.25	80
2.0	74.0	45	0.25	80
2.0	74.25	45	0.25	80
2.0	74.5	45	0.5	80
2.0	75.0	45	0.5	80
2.0	75.5	45	0.25	80
2.0	75.75	45	0.25	80
2.0	76.0	45	0.5	80
2.0	76.5	45	0.5	80
2.0	77.0	45	0.5	80
2.0	77.5	45	0.25	80
2.0	77.75	45	0.25	80
2.0	78.0	45	0.25	80
2.0	78.25	45	0.25	80
2.0	78.5	45	0.5	80
2.0	79.0	45	0.5	80
2.0	79.5	45	0.25	80
2.0	79.75	45	0.25	80
2.0	80.0	46	1.0	80
2.0	81.0	46	0.5	80
2.0	81.5	46	0.25	80
2.0	81.75	46	0.25	80
2.0	82.0	46	0.25	80
2.0	82.25	46	0.25	80
2.0	82.5	46	0.5	80
2.0	83.0	46	0.5	80
2.0	83.5	46	0.25	80
2.0	83.75	46	0.25	80
2.0	84.0	46	0.5	80
2.0	84.5	46	0.5	80
2.0	85.0	46	0.5	80
2.0	85.5	46	0.25	80
2.0	85.75	46	0.25	80
2.0	86.0	46	0.25	80
2.0	86.25	46	0.25	80
2.0	86.5	46	0.5	80
2.0	87.0	46	0.5	80
2.0	87.5	46	0.25	80
2.0	87.75	46	0.25	80
2.0	88.0	41	1.0	80
2.0	89.0	41	0.5	80
2.0	89.5	41	0.25	80
2.0	89.75	41	0.25	80
2.0	90.0	41	0.25	80
2.0	90.25	41	0.25	80
2.0	90.5	41	0.5	80
2.0	91.0	41	0.5	80
2.0	91.5	41	0.25	80
2.0	91.75	41	0.25	80
2.0	92.0	41	0.5	80
2.0	92.5	41	0.5	80
2.0	93.0	41	0.5	80
2.0	93.5	41	0.25	80
2.0	93.75	41	0.25	80
2.0	94.0	41	0.25	80
2.0	94.25	41	0.25	80
2.0	94.5	41	0.5	80
2.0	95.0	41	0.5	80
2.0	95.5	41	0.25	80
2.0	95.75	41	0.25	80
2.0	96.0	43	1.0	80
2.0	97.0	43	0.5	80
2.0	97.5	43	0.25	80
2.0	97.75	43	0.25	80
2.0	98.0	43	0.25	80
2.0	98.25	43	0.25	80
2.0	98.5	43	0.5	80
2.0	99.0	43	0.5	80
2.0	99.5	43	0.25	80
2.0	99.75	43	0.25	80
2.0	100.0	43	0.5	80
2.0	100.5	43	0.5	80
2.0	101.0	43	0.5	80
2.0	101.5	43	0.25	80
2.0	101.75	43	0.25	80
2.0	102.0	43	0.25	80
2.0	102.25	43	0.25	80
2.0	102.5	43	0.5	80
2.0	103.0	43	0.5	80
2.0	103.5	43	0.25	80
2.0	103.75	43	0.25	80
2.0	104.0	45	1.0	80
2.0	105.0	45	0.5	80
2.0	105.5	45	0.25	80
2.0	105.75	45	0.25	80
2.0	106.0	45	0.25	80
2.0	106.25	45	0.25	80
2.0	106.5	45	0.5	80
2.0	107.0	45	0.5	80
2.0	107.5	45	0.25	80
2.0	107.75	45	0.25	80
2.0	108.0	45	0.5	80
2.0	108.5	45	0.5	80
2.0	109.0	45	0.5	80
2.0	109.5	45	0.25	80
2.0	109.75	45	0.25	80
2.0	110.0	45	0.25	80
2.0	110.25	45	0.25	80
2.0	110.5	45	0.5	80
2.0	111.0	45	0.5	80
2.0	111.5	45	0.25	80
2.0	111.75	45	0.25	80
2.0	112.0	46	1.0	80
2.0	113.0	46	0.5	80
2.0	113.5	46	0.25	80
2.0	113.75	46	0.25	80
2.0	114.0	46	0.25	80
2.0	114.25	46	0.25	80
2.0	114.5	46	0.5	80
2.0	115.0	46	0.5	80
2.0	115.5	46	0.25	80
2.0	115.75	46	0.25	80
2.0	116.0	46	0.5	80
2.0	116.5	46	0.5	80
2.0	117.0	46	0.5	80
2.0	117.5	46	0.25	80
2.0	117.75	46	0.25	80
2.0	118.0	46	0.25	80
2.0	118.25	46	0.25	80
2.0	118.5	46	0.5	80
2.0	119.0	46	0.5	80
2.0	119.5	46	0.25	80
2.0	119.75	46	0.25	80
2.0	120.0	41	1.0	80
2.0	121.0	41	0.5	80
2.0	121.5	41	0.25	80
2.0	121.75	41	0.25	80
2.0	122.0	41	0.25	80
2.0	122.25	41	0.25	80
2.0	122.5	41	0.5	80
2.0	123.0	41	0.5	80
2.0	123.5	41	0.25	80
2.0	123.75	41	0.25	80
2.0	124.0	41	0.5	80
2.0	124.5	41	0.5	80
2.0	125.0	41	0.5	80
2.0	125.5	41	0.25	80
2.0	125.75	41	0.25	80
2.0	126.0	41	0.25	80
2.0	126.25	41	0.25	80
2.0	126.5	41	0.5	80
2.0	127.0	41	0.5	80
2.0	127.5	41	0.25	80
2.0	127.75	41	0.25	80
2.0	128.0	43	1.0	80
2.0	129.0	43	0.5	80
2.0	129.5	43	0.25	80
2.0	129.75	43	0.25	80
2.0	130.0	43	0.25	80
2.0	130.25	43	0.25	80
2.0	130.5	43	0.5	80
2.0	131.0	43	0.5	80
2.0	131.5	43	0.25	80
2.0	131.75	43	0.25	80
2.0	132.0	43	0.5	80
2.0	132.5	43	0.5	80
2.0	133.0	43	0.5	80
2.0	133.5	43	0.25	80
2.0	133.75	43	0.25	80
2.0	134.0	43	0.25	80
2.0	134.25	43	0.25	80
2.0	134.5	43	0.5	80
2.0	135.0	43	0.5	80
2.0	135.5	43	0.25	80
2.0	135.75	43	0.25	80
2.0	136.0	45	1.0	80
2.0	137.0	45	0.5	80
2.0	137.5	45	0.25	80
2.0	137.75	45	0.25	80
2.0	138.0	45	0.25	80
2.0	138.25	45	0.25	80
2.0	138.5	45	0.5	80
2.0	139.0	45	0.5	80
2.0	139.5	45	0.25	80
2.0	139.75	45	0.25	80
2.0	140.0	45	0.5	80
2.0	140.5	45	0.5	80
2.0	141.0	45	0.5	80
2.0	141.5	45	0.25	80
2.0	141.75	45	0.25	80
2.0	142.0	45	0.25	80
2.0	142.25	45	0.25	80
2.0	142.5	45	0.5	80
2.0	143.0	45	0.5	80
2.0	143.5	45	0.25	80
2.0	143.75	45	0.25	80
2.0	144.0	46	1.0	80
2.0	145.0	46	0.5	80
2.0	145.5	46	0.25	80
2.0	145.75	46	0.25	80
2.0	146.0	46	0.25	80
2.0	146.25	46	0.25	80
2.0	146.5	46	0.5	80
2.0	147.0	46	0.5	80
2.0	147.5	46	0.25	80
2.0	147.75	46	0.25	80
2.0	148.0	46	0.5	80
2.0	148.5	46	0.5	80
2.0	149.0	46	0.5	80
2.0	149.5	46	0.25	80
2.0	149.75	46	0.25	80
2.0	150.0	46	0.25	80
2.0	150.25	46	0.25	80
2.0	150.5	46	0.5	80
2.0	151.0	46	0.5	80
2.0	151.5	46	0.25	80
2.0	151.75	46	0.25	80
2.0	152.0	41	1.0	80
2.0	153.0	41	0.5	80
2.0	153.5	41	0.25	80
2.0	153.75	41	0.25	80
2.0	154.0	41	0.25	80
2.0	154.25	41	0.25	80
2.0	154.5	41	0.5	80
2.0	155.0	41	0.5	80
2.0	155.5	41	0.25	80
2.0	155.75	41	0.25	80
2.0	156.0	41	0.5	80
2.0	156.5	41	0.5	80
2.0	157.0	41	0.5	80
2.0	157.5	41	0.25	80
2.0	157.75	41	0.25	80
2.0	158.0	41	0.25	80
2.0	158.25	41	0.25	80
2.0	158.5	41	0.5	80
2.0	159.0	41	0.5	80
2.0	159.5	41	0.25	80
2.0	159.75	41	0.25	80
2.0	160.0	43	1.0	80
2.0	161.0	43	0.5	80
2.0	161.5	43	0.25	80
2.0	161.75	43	0.25	80
2.0	162.0	43	0.25	80
2.0	162.25	43	0.25	80
2.0	162.5	43	0.5	80
2.0	163.0	43	0.5	80
2.0	163.5	43	0.25	80
2.0	163.75	43	0.25	80
2.0	164.0	43	0.5	80
2.0	164.5	43	0.5	80
2.0	165.0	43	0.5	80
2.0	165.5	43	0.25	80
2.0	165.75	43	0.25	80
2.0	166.0	43	0.25	80
2.0	166.25	43	0.25	80
2.0	166.5	43	0.5	80
2.0	167.0	43	0.5	80
2.0	167.5	43	0.25	80
2.0	167.75	43	0.25	80
3.0	40.0	61	0.5	80
3.0	40.5	57	0.5	80
3.0	41.0	61	0.5	80
3.0	41.5	57	0.5	80
3.0	42.0	62	0.5	80
3.0	42.5	57	0.5	80
3.0	43.0	62	0.5	80
3.0	43.5	57	0.5	80
3.0	44.0	64	0.5	80
3.0	44.5	57	0.5	80
3.0	45.0	64	0.5	80
3.0	45.5	57	0.5	80
3.0	46.0	65	0.5	80
3.0	46.5	57	0.5	80
3.0	47.0	65	0.5	80
3.0	47.5	57	0.5	80
3.0	48.0	61	0.5	80
3.0	48.5	57	0.5	80
3.0	49.0	61	0.5	80
3.0	49.5	57	0.5	80
3.0	50.0	62	0.5	80
3.0	50.5	57	0.5	80
3.0	51.0	62	0.5	80
3.0	51.5	57	0.5	80
3.0	52.0	64	0.5	80
3.0	52.5	57	0.5	80
3.0	53.0	64	0.5	80
3.0	53.5	57	0.5	80
3.0	54.0	65	0.5	80
3.0	54.5	57	0.5	80
3.0	55.0	65	0.5	80
3.0	55.5	57	0.5	80
3.0	56.0	61	0.5	80
3.0	56.5	57	0.5	80
3.0	57.0	61	0.5	80
3.0	57.5	57	0.5	80
3.0	58.0	62	0.5	80
3.0	58.5	57	0.5	80
3.0	59.0	62	0.5	80
3.0	59.5	57	0.5	80
3.0	60.0	64	0.5	80
3.0	60.5	57	0.5	80
3.0	61.0	64	0.5	80
3.0	61.5	57	0.5	80
3.0	62.0	65	0.5	80
3.0	62.5	57	0.5	80
3.0	63.0	65	0.5	80
3.0	63.5	57	0.5	80
3.0	64.0	61	0.5	80
3.0	64.5	57	0.5	80
3.0	65.0	61	0.5	80
3.0	65.5	57	0.5	80
3.0	66.0	62	0.5	80
3.0	66.5	57	0.5	80
3.0	67.0	62	0.5	80
3.0	67.5	57	0.5	80
3.0	68.0	64	0.5	80
3.0	68.5	57	0.5	80
3.0	69.0	64	0.5	80
3.0	69.5	57	0.5	80
3.0	70.0	65	0.5	80
3.0	70.5	57	0.5	80
3.0	71.0	65	0.5	80
3.0	71.5	57	0.5	80
3.0	72.0	61	0.5	80
3.0	72.5	57	0.5	80
3.0	73.0	61	0.5	80
3.0	73.5	57	0.5	80
3.0	74.0	62	0.5	80
3.0	74.5	57	0.5	80
3.0	75.0	62	0.5	80
3.0	75.5	57	0.5	80
3.0	76.0	64	0.5	80
3.0	76.5	57	0.5	80
3.0	77.0	64	0.5	80
3.0	77.5	57	0.5	80
3.0	78.0	65	0.5	80
3.0	78.5	57	0.5	80
3.0	79.0	65	0.5	80
3.0	79.5	57	0.5	80
3.0	80.0	61	0.5	80
3.0	80.5	57	0.5	80
3.0	81.0	61	0.5	80
3.0	81.5	57	0.5	80
3.0	82.0	62	0.5	80
3.0	82.5	57	0.5	80
3.0	83.0	62	0.5	80
3.0	83.5	57	0.5	80
3.0	84.0	64	0.5	80
3.0	84.5	57	0.5	80
3.0	85.0	64	0.5	80
3.0	85.5	57	0.5	80
3.0	86.0	65	0.5	80
3.0	86.5	57	0.5	80
3.0	87.0	65	0.5	80
3.0	87.5	57	0.5	80
3.0	88.0	61	0.5	80
3.0	88.5	57	0.5	80
3.0	89.0	61	0.5	80
3.0	89.5	57	0.5	80
3.0	90.0	62	0.5	80
3.0	90.5	57	0.5	80
3.0	91.0	62	0.5	80
3.0	91.5	57	0.5	80
3.0	92.0	64	0.5	80
3.0	92.5	57	0.5	80
3.0	93.0	64	0.5	80
3.0	93.5	57	0.5	80
3.0	94.0	65	0.5	80
3.0	94.5	57	0.5	80
3.0	95.0	65	0.5	80
3.0	95.5	57	0.5	80
3.0	96.0	61	0.5	80
3.0	96.5	57	0.5	80
3.0	97.0	61	0.5	80
3.0	97.5	57	0.5	80
3.0	98.0	62	0.5	80
3.0	98.5	57	0.5	80
3.0	99.0	62	0.5	80
3.0	99.5	57	0.5	80
3.0	100.0	64	0.5	80
3.0	100.5	57	0.5	80
3.0	101.0	64	0.5	80
3.0	101.5	57	0.5	80
3.0	102.0	65	0.5	80
3.0	102.5	57	0.5	80
3.0	103.0	65	0.5	80
3.0	103.5	57	0.5	80
3.0	104.0	61	0.5	80
3.0	104.5	57	0.5	80
3.0	105.0	61	0.5	80
3.0	105.5	57	0.5	80
3.0	106.0	62	0.5	80
3.0	106.5	57	0.5	80
3.0	107.0	62	0.5	80
3.0	107.5	57	0.5	80
3.0	108.0	64	0.5	80
3.0	108.5	57	0.5	80
3.0	109.0	64	0.5	80
3.0	109.5	57	0.5	80
3.0	110.0	65	0.5	80
3.0	110.5	57	0.5	80
3.0	111.0	65	0.5	80
3.0	111.5	57	0.5	80
3.0	112.0	61	0.5	80
3.0	112.5	57	0.5	80
3.0	113.0	61	0.5	80
3.0	113.5	57	0.5	80
3.0	114.0	62	0.5	80
3.0	114.5	57	0.5	80
3.0	115.0	62	0.5	80
3.0	115.5	57	0.5	80
3.0	116.0	64	0.5	80
3.0	116.5	57	0.5	80
3.0	117.0	64	0.5	80
3.0	117.5	57	0.5	80
3.0	118.0	65	0.5	80
3.0	118.5	57	0.5	80
3.0	119.0	65	0.5	80
3.0	119.5	57	0.5	80
3.0	120.0	61	0.5	80
3.0	120.5	57	0.5	80
3.0	121.0	61	0.5	80
3.0	121.5	57	0.5	80
3.0	122.0	62	0.5	80
3.0	122.5	57	0.5	80
3.0	123.0	62	0.5	80
3.0	123.5	57	0.5	80
3.0	124.0	64	0.5	80
3.0	124.5	57	0.5	80
3.0	125.0	64	0.5	80
3.0	125.5	57	0.5	80
3.0	126.0	65	0.5	80
3.0	126.5	57	0.5	80
3.0	127.0	65	0.5	80
3.0	127.5	57	0.5	80
3.0	128.0	61	0.5	80
3.0	128.5	57	0.5	80
3.0	129.0	61	0.5	80
3.0	129.5	57	0.5	80
3.0	130.0	62	0.5	80
3.0	130.5	57	0.5	80
3.0	131.0	62	0.5	80
3.0	131.5	57	0.5	80
3.0	132.0	64	0.5	80
3.0	132.5	57	0.5	80
3.0	133.0	64	0.5	80
3.0	133.5	57	0.5	80
3.0	134.0	65	0.5	80
3.0	134.5	57	0.5	80
3.0	135.0	65	0.5	80
3.0	135.5	57	0.5	80
3.0	136.0	61	0.5	80
3.0	136.5	57	0.5	80
3.0	137.0	61	0.5	80
3.0	137.5	57	0.5	80
3.0	138.0	62	0.5	80
3.0	138.5	57	0.5	80
3.0	139.0	62	0.5	80
3.0	139.5	57	0.5	80
3.0	140.0	64	0.5	80
3.0	140.5	57	0.5	80
3.0	141.0	64	0.5	80
3.0	141.5	57	0.5	80
3.0	142.0	65	0.5	80
3.0	142.5	57	0.5	80
3.0	143.0	65	0.5	80
3.0	143.5	57	0.5	80
3.0	144.0	61	0.5	80
3.0	144.5	57	0.5	80
3.0	145.0	61	0.5	80
3.0	145.5	57	0.5	80
3.0	146.0	62	0.5	80
3.0	146.5	57	0.5	80
3.0	147.0	62	0.5	80
3.0	147.5	57	0.5	80
3.0	148.0	64	0.5	80
3.0	148.5	57	0.5	80
3.0	149.0	64	0.5	80
3.0	149.5	57	0.5	80
3.0	150.0	65	0.5	80
3.0	150.5	57	0.5	80
3.0	151.0	65	0.5	80
3.0	151.5	57	0.5	80
3.0	152.0	61	0.5	80
3.0	152.5	57	0.5	80
3.0	153.0	61	0.5	80
3.0	153.5	57	0.5	80
3.0	154.0	62	0.5	80
3.0	154.5	57	0.5	80
3.0	155.0	62	0.5	80
3.0	155.5	57	0.5	80
3.0	156.0	64	0.5	80
3.0	156.5	57	0.5	80
3.0	157.0	64	0.5	80
3.0	157.5	57	0.5	80
3.0	158.0	65	0.5	80
3.0	158.5	57	0.5	80
3.0	159.0	65	0.5	80
3.0	159.5	57	0.5	80
3.0	160.0	61	0.5	80
3.0	160.5	57	0.5	80
3.0	161.0	61	0.5	80
3.0	161.5	57	0.5	80
3.0	162.0	62	0.5	80
3.0	162.5	57	0.5	80
3.0	163.0	62	0.5	80
3.0	163.5	57	0.5	80
3.0	164.0	64	0.5	80
3.0	164.5	57	0.5	80
3.0	165.0	64	0.5	80
3.0	165.5	57	0.5	80
3.0	166.0	65	0.5	80
3.0	166.5	57	0.5	80
3.0	167.0	65	0.5	80
3.0	167.5	57	0.5	80
3.0	168.0	73	0.25	80
3.0	168.25	73	0.25	80
3.0	168.5	73	0.25	80
3.0	168.75	73	0.25	80
3.0	169.0	73	0.25	80
3.0	169.25	73	0.25	80
3.0	169.5	73	0.25	80
3.0	169.75	73	0.25	80
3.0	170.0	74	0.25	80
3.0	170.25	74	0.25	80
3.0	170.5	74	0.25	80
3.0	170.75	74	0.25	80
3.0	171.0	74	0.25	80
3.0	171.25	74	0.25	80
3.0	171.5	74	0.25	80
3.0	171.75	74	0.25	80
3.0	172.0	76	0.25	80
3.0	172.25	76	0.25	80
3.0	172.5	76	0.25	80
3.0	172.75	76	0.25	80
3.0	173.0	76	0.25	80
3.0	173.25	76	0.25	80
3.0	173.5	76	0.25	80
3.0	173.75	76	0.25	80
3.0	174.0	77	0.25	80
3.0	174.25	77	0.25	80
3.0	174.5	77	0.25	80
3.0	174.75	77	0.25	80
3.0	175.0	77	0.25	80
3.0	175.25	77	0.25	80
3.0	175.5	77	0.25	80
3.0	175.75	77	0.25	80
3.0	176.0	73	0.25	80
3.0	176.25	73	0.25	80
3.0	176.5	73	0.25	80
3.0	176.75	73	0.25	80
3.0	177.0	73	0.25	80
3.0	177.25	73	0.25	80
3.0	177.5	73	0.25	80
3.0	177.75	73	0.25	80
3.0	178.0	74	0.25	80
3.0	178.25	74	0.25	80
3.0	178.5	74	0.25	80
3.0	178.75	74	0.25	80
3.0	179.0	74	0.25	80
3.0	179.25	74	0.25	80
3.0	179.5	74	0.25	80
3.0	179.75	74	0.25	80
3.0	180.0	76	0.25	80
3.0	180.25	76	0.25	80
3.0	180.5	76	0.25	80
3.0	180.75	76	0.25	80
3.0	181.0	76	0.25	80
3.0	181.25	76	0.25	80
3.0	181.5	76	0.25	80
3.0	181.75	76	0.25	80
3.0	182.0	77	0.25	80
3.0	182.25	77	0.25	80
3.0	182.5	77	0.25	80
3.0	182.75	77	0.25	80
3.0	183.0	77	0.25	80
3.0	183.25	77	0.25	80
3.0	183.5	77	0.25	80
3.0	183.75	77	0.25	80
3.0	184.0	73	0.25	80
3.0	184.25	73	0.25	80
3.0	184.5	73	0.25	80
3.0	184.75	73	0.25	80
3.0	185.0	73	0.25	80
3.0	185.25	73	0.25	80
3.0	185.5	73	0.25	80
3.0	185.75	73	0.25	80
3.0	186.0	74	0.25	80
3.0	186.25	74	0.25	80
3.0	186.5	74	0.25	80
3.0	186.75	74	0.25	80
3.0	187.0	74	0.25	80
3.0	187.25	74	0.25	80
3.0	187.5	74	0.25	80
3.0	187.75	74	0.25	80
3.0	188.0	76	0.25	80
3.0	188.25	76	0.25	80
3.0	188.5	76	0.25	80
3.0	188.75	76	0.25	80
3.0	189.0	76	0.25	80
3.0	189.25	76	0.25	80
3.0	189.5	76	0.25	80
3.0	189.75	76	0.25	80
3.0	190.0	77	0.25	80
3.0	190.25	77	0.25	80
3.0	190.5	77	0.25	80
3.0	190.75	77	0.25	80
3.0	191.0	77	0.25	80
3.0	191.25	77	0.25	80
3.0	191.5	77	0.25	80
3.0	191.75	77	0.25	80
3.0	192.0	73	0.25	80
3.0	192.25	73	0.25	80
3.0	192.5	73	0.25	80
3.0	192.75	73	0.25	80
3.0	193.0	73	0.25	80
3.0	193.25	73	0.25	80
3.0	193.5	73	0.25	80
3.0	193.75	73	0.25	80
3.0	194.0	74	0.25	80
3.0	194.25	74	0.25	80
3.0	194.5	74	0.25	80
3.0	194.75	74	0.25	80
3.0	195.0	74	0.25	80
3.0	195.25	74	0.25	80
3.0	195.5	74	0.25	80
3.0	195.75	74	0.25	80
3.0	196.0	76	0.25	80
3.0	196.25	76	0.25	80
3.0	196.5	76	0.25	80
3.0	196.75	76	0.25	80
3.0	197.0	76	0.25	80
3.0	197.25	76	0.25	80
3.0	197.5	76	0.25	80
3.0	197.75	76	0.25	80
3.0	198.0	77	0.25	80
3.0	198.25	77	0.25	80
3.0	198.5	77	0.25	80
3.0	198.75	77	0.25	80
3.0	199.0	77	0.25	80
3.0	199.25	77	0.25	80
3.0	199.5	77	0.25	80
3.0	199.75	77	0.25	80
4.0	104.0	74	12.0	80
4.0	120.0	65	8.0	80
4.0	136.0	74	12.0	80
4.0	152.0	65	8.0	80
4.0	168.0	74	12.0	80
4.0	184.0	65	8.0	80
4.0	200.0	74	12.0	80
4.0	216.0	65	8.0	80
4.0	232.0	74	12.0	80
4.0	248.0	65	8.0	80
4.0	104.0	62	4.0	80
4.0	108.0	45	8.0	80
4.0	120.0	53	16.0	80
4.0	136.0	62	4.0	80
4.0	152.0	53	16.0	80
4.0	168.0	62	4.0	80
4.0	184.0	53	16.0	80
4.0	200.0	62	4.0	80
4.0	216.0	53	16.0	80
4.0	232.0	62	4.0	80
4.0	248.0	53	8.0	80
5.0	168.0	73	2.0	80
5.0	170.0	74	2.0	80
5.0	172.0	76	2.0	80
5.0	174.0	77	2.0	80
5.0	176.0	73	2.0	80
5.0	178.0	74	2.0	80
5.0	180.0	76	2.0	80
5.0	182.0	77	2.0	80
5.0	184.0	73	2.0	80
5.0	186.0	74	2.0	80
5.0	188.0	76	2.0	80
5.0	190.0	77	2.0	80
5.0	192.0	73	2.0	80
5.0	194.0	74	2.0	80
5.0	196.0	76	2.0	80
5.0	198.0	77	2.0	80
5.0	200.0	73	2.0	80
5.0	202.0	74	2.0	80
5.0	204.0	76	2.0	80
5.0	206.0	77	2.0	80
5.0	208.0	73	2.0	80
5.0	210.0	74	2.0	80
5.0	212.0	76	2.0	80
5.0	214.0	77	2.0	80
5.0	216.0	73	2.0	80
5.0	218.0	74	2.0	80
5.0	220.0	76	2.0	80
5.0	222.0	77	2.0	80
5.0	224.0	73	2.0	80
5.0	226.0	74	2.0	80
5.0	228.0	76	2.0	80
5.0	230.0	77	2.0	80
5.0	232.0	73	2.0	80
5.0	234.0	74	2.0	80
5.0	236.0	76	2.0	80
5.0	238.0	77	2.0	80
5.0	240.0	73	2.0	80
5.0	242.0	74	2.0	80
5.0	244.0	76	2.0	80
5.0	246.0	77	2.0	80
5.0	248.0	73	2.0	80
5.0	250.0	74	2.0	80
5.0	252.0	76	2.0	80
5.0	254.0	77	2.0	80
5.0	256.0	73	2.0	80
5.0	258.0	74	2.0	80
5.0	260.0	76	2.0	80
5.0	262.0	77	0.25	80
5.0	168.0	61	2.0	80
5.0	170.0	62	2.0	80
5.0	172.0	64	2.0	80
5.0	174.0	65	2.0	80
5.0	176.0	61	2.0	80
5.0	178.0	62	2.0	80
5.0	180.0	64	2.0	80
5.0	182.0	65	2.0	80
5.0	184.0	61	2.0	80
5.0	186.0	62	2.0	80
5.0	188.0	64	2.0	80
5.0	190.0	65	2.0	80
5.0	192.0	61	2.0	80
5.0	194.0	62	2.0	80
5.0	196.0	64	2.0	80
5.0	198.0	65	2.0	80
5.0	200.0	61	2.0	80
5.0	202.0	62	2.0	80
5.0	204.0	64	2.0	80
5.0	206.0	65	2.0	80
5.0	208.0	61	2.0	80
5.0	210.0	62	2.0	80
5.0	212.0	64	2.0	80
5.0	214.0	65	2.0	80
5.0	216.0	61	2.0	80
5.0	218.0	62	2.0	80
5.0	220.0	64	2.0	80
5.0	222.0	65	2.0	80
5.0	224.0	61	2.0	80
5.0	226.0	62	2.0	80
5.0	228.0	64	2.0	80
5.0	230.0	65	2.0	80
5.0	232.0	61	2.0	80
5.0	234.0	62	2.0	80
5.0	236.0	64	2.0	80
5.0	238.0	65	2.0	80
5.0	240.0	61	2.0	80
5.0	242.0	62	2.0	80
5.0	244.0	64	2.0	80
5.0	246.0	65	2.0	80
5.0	248.0	61	2.0	80
5.0	250.0	62	2.0	80
5.0	252.0	64	2.0	80
5.0	254.0	65	2.0	80
5.0	256.0	61	2.0	80
5.0	258.0	62	2.0	80
5.0	260.0	64	2.0	80
5.0	262.0	65	0.25	80
6.0	72.0	45	1.0	80
6.0	73.0	45	0.5	80
6.0	73.5	45	0.25	80
6.0	73.75	45	0.25	80
6.0	74.0	45	0.25	80
6.0	74.25	45	0.25	80
6.0	74.5	45	0.5	80
6.0	75.0	45	0.5	80
6.0	75.5	45	0.25	80
6.0	75.75	45	0.25	80
6.0	76.0	45	0.5	80
6.0	76.5	45	0.5	80
6.0	77.0	45	0.5	80
6.0	77.5	45	0.25	80
6.0	77.75	45	0.25	80
6.0	78.0	45	0.25	80
6.0	78.25	45	0.25	80
6.0	78.5	45	0.5	80
6.0	79.0	45	0.5	80
6.0	79.5	45	0.25	80
6.0	79.75	45	0.25	80
6.0	80.0	45	1.0	80
6.0	81.0	45	0.5	80
6.0	81.5	45	0.25	80
6.0	81.75	45	0.25	80
6.0	82.0	45	0.25	80
6.0	82.25	45	0.25	80
6.0	82.5	45	0.5	80
6.0	83.0	45	0.5	80
6.0	83.5	45	0.25	80
6.0	83.75	45	0.25	80
6.0	84.0	45	0.5	80
6.0	84.5	45	0.5	80
6.0	85.0	45	0.5	80
6.0	85.5	45	0.25	80
6.0	85.75	45	0.25	80
6.0	86.0	45	0.25	80
6.0	86.25	45	0.25	80
6.0	86.5	45	0.5	80
6.0	87.0	45	0.5	80
6.0	87.5	45	0.25	80
6.0	87.75	45	0.25	80
6.0	88.0	45	1.0	80
6.0	89.0	45	0.5	80
6.0	89.5	45	0.25	80
6.0	89.75	45	0.25	80
6.0	90.0	45	0.25	80
6.0	90.25	45	0.25	80
6.0	90.5	45	0.5	80
6.0	91.0	45	0.5	80
6.0	91.5	45	0.25	80
6.0	91.75	45	0.25	80
6.0	92.0	45	0.5	80
6.0	92.5	45	0.5	80
6.0	93.0	45	0.5	80
6.0	93.5	45	0.25	80
6.0	93.75	45	0.25	80
6.0	94.0	45	0.25	80
6.0	94.25	45	0.25	80
6.0	94.5	45	0.5	80
6.0	95.0	45	0.5	80
6.0	95.5	45	0.25	80
6.0	95.75	45	0.25	80
6.0	96.0	45	1.0	80
6.0	97.0	45	0.5	80
6.0	97.5	45	0.25	80
6.0	97.75	45	0.25	80
6.0	98.0	45	0.25	80
6.0	98.25	45	0.25	80
6.0	98.5	45	0.5	80
6.0	99.0	45	0.5	80
6.0	99.5	45	0.25	80
6.0	99.75	45	0.25	80
6.0	100.0	45	0.5	80
6.0	100.5	45	0.5	80
6.0	101.0	45	0.5	80
6.0	101.5	45	0.25	80
6.0	101.75	45	0.25	80
6.0	102.0	45	0.25	80
6.0	102.25	45	0.25	80
6.0	102.5	45	0.5	80
6.0	103.0	45	0.5	80
6.0	103.5	45	0.25	80
6.0	103.75	45	0.25	80
6.0	104.0	51	0.25	80
6.0	104.5	51	0.25	80
6.0	105.0	51	0.25	80
6.0	105.5	51	0.25	80
6.0	106.0	51	0.25	80
6.0	106.5	51	0.25	80
6.0	107.0	51	0.25	80
6.0	107.5	51	0.25	80
6.0	108.0	51	0.25	80
6.0	108.5	51	0.25	80
6.0	109.0	51	0.25	80
6.0	109.5	51	0.25	80
6.0	110.0	51	0.25	80
6.0	110.5	51	0.25	80
6.0	111.0	51	0.25	80
6.0	111.5	51	0.25	80
6.0	112.0	51	0.25	80
6.0	112.5	51	0.25	80
6.0	113.0	51	0.25	80
6.0	113.5	51	0.25	80
6.0	114.0	51	0.25	80
6.0	114.5	51	0.25	80
6.0	115.0	51	0.25	80
6.0	115.5	51	0.25	80
6.0	116.0	51	0.25	80
6.0	116.5	51	0.25	80
6.0	117.0	51	0.25	80
6.0	117.5	51	0.25	80
6.0	118.0	51	0.25	80
6.0	118.5	51	0.25	80
6.0	119.0	51	0.25	80
6.0	119.5	51	0.25	80
6.0	120.0	51	0.25	80
6.0	120.5	51	0.25	80
6.0	121.0	51	0.25	80
6.0	121.5	51	0.25	80
6.0	122.0	51	0.25	80
6.0	122.5	51	0.25	80
6.0	123.0	51	0.25	80
6.0	123.5	51	0.25	80
6.0	124.0	51	0.25	80
6.0	124.5	51	0.25	80
6.0	125.0	51	0.25	80
6.0	125.5	51	0.25	80
6.0	126.0	51	0.25	80
6.0	126.5	51	0.25	80
6.0	127.0	51	0.25	80
6.0	127.5	51	0.25	80
6.0	128.0	51	0.25	80
6.0	128.5	51	0.25	80
6.0	129.0	51	0.25	80
6.0	129.5	51	0.25	80
6.0	130.0	51	0.25	80
6.0	130.5	51	0.25	80
6.0	131.0	51	0.25	80
6.0	131.5	51	0.25	80
6.0	132.0	51	0.25	80
6.0	132.5	51	0.25	80
6.0	133.0	51	0.25	80
6.0	133.5	51	0.25	80
6.0	133.75	43	0.25	80
6.0	134.0	51	0.25	80
6.0	134.25	43	0.25	80
6.0	134.5	51	0.25	80
6.0	134.75	43	0.25	80
6.0	135.0	51	0.25	80
6.0	135.25	43	0.25	80
6.0	135.5	51	0.25	80
6.0	135.75	43	0.25	80
6.0	136.0	57	0.25	80
6.0	136.5	51	0.25	80
6.0	137.0	51	0.25	80
6.0	137.5	51	0.25	80
6.0	138.0	51	0.25	80
6.0	138.5	51	0.25	80
6.0	139.0	51	0.25	80
6.0	139.5	51	0.25	80
6.0	140.0	51	0.25	80
6.0	140.5	51	0.25	80
6.0	141.0	51	0.25	80
6.0	141.5	51	0.25	80
6.0	142.0	51	0.25	80
6.0	142.5	51	0.25	80
6.0	143.0	51	0.25	80
6.0	143.5	51	0.25	80
6.0	144.0	49	0.25	80
6.0	144.5	51	0.25	80
6.0	145.0	51	0.25	80
6.0	145.5	51	0.25	80
6.0	146.0	51	0.25	80
6.0	146.5	51	0.25	80
6.0	147.0	51	0.25	80
6.0	147.5	51	0.25	80
6.0	148.0	51	0.25	80
6.0	148.5	51	0.25	80
6.0	149.0	51	0.25	80
6.0	149.5	51	0.25	80
6.0	150.0	51	0.25	80
6.0	150.5	51	0.25	80
6.0	151.0	51	0.25	80
6.0	151.5	51	0.25	80
6.0	152.0	57	0.25	80
6.0	152.5	51	0.25	80
6.0	153.0	51	0.25	80
6.0	153.5	51	0.25	80
6.0	154.0	51	0.25	80
6.0	154.5	51	0.25	80
6.0	155.0	51	0.25	80
6.0	155.5	51	0.25	80
6.0	156.0	51	0.25	80
6.0	156.5	51	0.25	80
6.0	157.0	51	0.25	80
6.0	157.5	51	0.25	80
6.0	158.0	51	0.25	80
6.0	158.5	51	0.25	80
6.0	159.0	51	0.25	80
6.0	159.5	51	0.25	80
6.0	160.0	49	0.25	80
6.0	160.25	43	0.25	80
6.0	160.5	51	0.25	80
6.0	160.75	43	0.25	80
6.0	161.0	51	0.25	80
6.0	161.25	43	0.25	80
6.0	161.5	51	0.25	80
6.0	161.75	43	0.25	80
6.0	162.0	51	0.25	80
6.0	162.25	43	0.25	80
6.0	162.5	51	0.25	80
6.0	162.75	43	0.25	80
6.0	163.0	51	0.25	80
6.0	163.25	43	0.25	80
6.0	163.5	51	0.25	80
6.0	163.75	43	0.25	80
6.0	164.0	51	0.25	80
6.0	164.25	43	0.25	80
6.0	164.5	51	0.25	80
6.0	164.75	43	0.25	80
6.0	165.0	51	0.25	80
6.0	165.25	43	0.25	80
6.0	165.5	51	0.25	80
6.0	165.75	43	0.25	80
6.0	166.0	51	0.25	80
6.0	166.25	43	0.25	80
6.0	166.5	51	0.25	80
6.0	166.75	43	0.25	80
6.0	167.0	51	0.25	80
6.0	167.25	43	0.25	80
6.0	167.5	51	0.25	80
6.0	167.75	43	0.25	80
6.0	168.0	57	0.25	80
6.0	168.5	51	0.25	80
6.0	169.0	57	0.25	80
6.0	169.5	51	0.25	80
6.0	170.0	57	0.25	80
6.0	170.5	51	0.25	80
6.0	171.0	57	0.25	80
6.0	171.5	51	0.25	80
6.0	172.0	57	0.25	80
6.0	172.5	51	0.25	80
6.0	173.0	49	0.25	80
6.0	173.5	51	0.25	80
6.0	174.0	57	0.25	80
6.0	174.5	51	0.25	80
6.0	175.0	49	0.25	80
6.0	175.5	51	0.25	80
6.0	176.0	57	0.25	80
6.0	176.5	51	0.25	80
6.0	177.0	49	0.25	80
6.0	177.5	51	0.25	80
6.0	178.0	57	0.25	80
6.0	178.5	51	0.25	80
6.0	179.0	49	0.25	80
6.0	179.5	51	0.25	80
6.0	180.0	57	0.25	80
6.0	180.5	51	0.25	80
6.0	181.0	49	0.25	80
6.0	181.5	51	0.25	80
6.0	182.0	57	0.25	80
6.0	182.5	51	0.25	80
6.0	183.0	49	0.25	80
6.0	183.5	51	0.25	80
6.0	184.0	57	0.25	80
6.0	184.5	51	0.25	80
6.0	185.0	57	0.25	80
6.0	185.5	51	0.25	80
6.0	186.0	57	0.25	80
6.0	186.5	51	0.25	80
6.0	187.0	57	0.25	80
6.0	187.5	51	0.25	80
6.0	188.0	57	0.25	80
6.0	188.5	51	0.25	80
6.0	189.0	57	0.25	80
6.0	189.5	51	0.25	80
6.0	190.0	57	0.25	80
6.0	190.5	51	0.25	80
6.0	191.0	57	0.25	80
6.0	191.5	51	0.25	80
6.0	192.0	57	0.25	80
6.0	192.5	51	0.25	80
6.0	193.0	57	0.25	80
6.0	193.5	51	0.25	80
6.0	194.0	57	0.25	80
6.0	194.5	51	0.25	80
6.0	195.0	57	0.25	80
6.0	195.5	51	0.25	80
6.0	196.0	57	0.25	80
6.0	196.5	51	0.25	80
6.0	197.0	57	0.25	80
6.0	197.5	51	0.25	80
6.0	198.0	57	0.25	80
6.0	198.5	51	0.25	80
6.0	199.0	57	0.25	80
6.0	199.5	51	0.25	80
6.0	200.0	57	0.25	80
6.0	200.5	51	0.25	80
6.0	201.0	51	0.25	80
6.0	201.5	51	0.25	80
6.0	202.0	51	0.25	80
6.0	202.5	51	0.25	80
6.0	203.0	51	0.25	80
6.0	203.5	51	0.25	80
6.0	204.0	51	0.25	80
6.0	204.5	51	0.25	80
6.0	205.0	51	0.25	80
6.0	205.5	51	0.25	80
6.0	206.0	51	0.25	80
6.0	206.5	51	0.25	80
6.0	207.0	51	0.25	80
6.0	207.5	51	0.25	80
6.0	208.0	49	0.25	80
6.0	208.5	51	0.25	80
6.0	209.0	51	0.25	80
6.0	209.5	51	0.25	80
6.0	210.0	51	0.25	80
6.0	210.5	51	0.25	80
6.0	211.0	51	0.25	80
6.0	211.5	51	0.25	80
6.0	212.0	51	0.25	80
6.0	212.5	51	0.25	80
6.0	213.0	51	0.25	80
6.0	213.5	51	0.25	80
6.0	214.0	51	0.25	80
6.0	214.5	51	0.25	80
6.0	215.0	51	0.25	80
6.0	215.5	51	0.25	80
6.0	216.0	57	0.25	80
6.0	216.5	51	0.25	80
6.0	217.0	51	0.25	80
6.0	217.5	51	0.25	80
6.0	218.0	51	0.25	80
6.0	218.5	51	0.25	80
6.0	219.0	51	0.25	80
6.0	219.5	51	0.25	80
6.0	220.0	51	0.25	80
6.0	220.5	51	0.25	80
6.0	221.0	51	0.25	80
6.0	221.5	51	0.25	80
6.0	222.0	51	0.25	80
6.0	222.5	51	0.25	80
6.0	223.0	51	0.25	80
6.0	223.5	51	0.25	80
6.0	224.0	49	0.25	80
6.0	224.5	51	0.25	80
6.0	225.0	51	0.25	80
6.0	225.5	51	0.25	80
6.0	226.0	51	0.25	80
6.0	226.5	51	0.25	80
6.0	227.0	51	0.25	80
6.0	227.5	51	0.25	80
6.0	228.0	51	0.25	80
6.0	228.5	51	0.25	80
6.0	229.0	51	0.25	80
6.0	229.5	51	0.25	80
6.0	230.0	51	0.25	80
6.0	230.5	51	0.25	80
6.0	231.0	51	0.25	80
6.0	231.5	51	0.25	80
6.0	232.0	57	0.25	80
6.0	232.5	51	0.25	80
6.0	233.0	51	0.25	80
6.0	233.5	51	0.25	80
6.0	234.0	51	0.25	80
6.0	234.5	51	0.25	80
6.0	235.0	51	0.25	80
6.0	235.5	51	0.25	80
6.0	236.0	51	0.25	80
6.0	236.5	51	0.25	80
6.0	237.0	51	0.25	80
6.0	237.5	51	0.25	80
6.0	238.0	51	0.25	80
6.0	238.5	51	0.25	80
6.0	239.0	51	0.25	80
6.0	239.5	51	0.25	80
6.0	240.0	49	0.25	80
6.0	240.5	51	0.25	80
6.0	241.0	51	0.25	80
6.0	241.5	51	0.25	80
6.0	242.0	51	0.25	80
6.0	242.5	51	0.25	80
6.0	243.0	51	0.25	80
6.0	243.5	51	0.25	80
6.0	244.0	51	0.25	80
6.0	244.5	51	0.25	80
6.0	245.0	51	0.25	80
6.0	245.5	51	0.25	80
6.0	246.0	51	0.25	80
6.0	246.5	51	0.25	80
6.0	247.0	51	0.25	80
6.0	247.5	51	0.25	80
6.0	248.0	57	0.25	80
6.0	248.5	51	0.25	80
6.0	249.0	51	0.25	80
6.0	249.5	51	0.25	80
6.0	250.0	51	0.25	80
6.0	250.5	51	0.25	80
6.0	251.0	51	0.25	80
6.0	251.5	51	0.25	80
6.0	252.0	51	0.25	80
6.0	252.5	51	0.25	80
6.0	253.0	51	0.25	80
6.0	253.5	51	0.25	80
6.0	254.0	51	0.25	80
6.0	254.5	51	0.25	80
6.0	255.0	51	0.25	80
6.0	255.5	51	0.25	80
6.0	256.0	49	0.25	80
6.0	256.25	45	0.25	80
6.0	256.5	51	0.25	80
6.0	256.75	45	0.25	80
6.0	257.0	51	0.25	80
6.0	257.25	45	0.25	80
6.0	257.5	51	0.25	80
6.0	257.75	45	0.25	80
6.0	258.0	51	0.25	80
6.0	258.25	45	0.25	80
6.0	258.5	51	0.25	80
6.0	258.75	45	0.25	80
6.0	259.0	51	0.25	80
6.0	259.25	45	0.25	80
6.0	259.5	51	0.25	80
6.0	259.75	45	0.25	80
6.0	260.0	51	0.25	80
6.0	260.25	45	0.25	80
6.0	260.5	51	0.25	80
6.0	260.75	45	0.25	80
6.0	261.0	51	0.25	80
6.0	261.25	45	0.25	80
6.0	261.5	51	0.25	80
6.0	261.75	45	0.25	80
6.0	262.0	51	0.25	80
6.0	104.0	35	0.25	80
6.0	105.0	38	0.25	80
6.0	105.5	35	0.25	80
6.0	106.5	35	0.25	80
6.0	107.0	38	0.25	80
6.0	108.0	35	0.25	80
6.0	109.0	38	0.25	80
6.0	109.5	35	0.25	80
6.0	110.5	35	0.25	80
6.0	111.0	38	0.25	80
6.0	112.0	35	0.25	80
6.0	113.0	38	0.25	80
6.0	113.5	35	0.25	80
6.0	114.5	35	0.25	80
6.0	115.0	38	0.25	80
6.0	116.0	35	0.25	80
6.0	117.0	38	0.25	80
6.0	117.5	35	0.25	80
6.0	118.5	35	0.25	80
6.0	119.0	38	0.25	80
6.0	120.0	35	0.25	80
6.0	121.0	38	0.25	80
6.0	121.5	35	0.25	80
6.0	122.5	35	0.25	80
6.0	123.0	38	0.25	80
6.0	124.0	35	0.25	80
6.0	125.0	38	0.25	80
6.0	125.5	35	0.25	80
6.0	126.5	35	0.25	80
6.0	127.0	38	0.25	80
6.0	128.0	35	0.25	80
6.0	129.0	38	0.25	80
6.0	129.5	35	0.25	80
6.0	130.5	35	0.25	80
6.0	131.0	38	0.25	80
6.0	132.0	35	0.25	80
6.0	133.0	38	0.25	80
6.0	133.5	35	0.25	80
6.0	134.0	43	0.25	80
6.0	134.5	43	0.25	80
6.0	135.0	38	0.25	80
6.0	135.5	43	0.25	80
6.0	136.0	35	0.25	80
6.0	137.0	38	0.25	80
6.0	137.5	35	0.25	80
6.0	138.5	35	0.25	80
6.0	139.0	38	0.25	80
6.0	140.0	35	0.25	80
6.0	141.0	38	0.25	80
6.0	141.5	35	0.25	80
6.0	142.5	35	0.25	80
6.0	143.0	38	0.25	80
6.0	144.0	35	0.25	80
6.0	145.0	38	0.25	80
6.0	145.5	35	0.25	80
6.0	146.5	35	0.25	80
6.0	147.0	38	0.25	80
6.0	148.0	35	0.25	80
6.0	149.0	38	0.25	80
6.0	149.5	35	0.25	80
6.0	150.5	35	0.25	80
6.0	151.0	38	0.25	80
6.0	152.0	35	0.25	80
6.0	153.0	38	0.25	80
6.0	153.5	35	0.25	80
6.0	154.5	35	0.25	80
6.0	155.0	38	0.25	80
6.0	156.0	35	0.25	80
6.0	157.0	38	0.25	80
6.0	157.5	35	0.25	80
6.0	158.5	35	0.25	80
6.0	159.0	38	0.25	80
6.0	160.0	43	0.25	80
6.0	160.5	43	0.25	80
6.0	161.0	38	0.25	80
6.0	161.5	43	0.25	80
6.0	162.0	43	0.25	80
6.0	162.5	43	0.25	80
6.0	163.0	38	0.25	80
6.0	163.5	43	0.25	80
6.0	164.0	43	0.25	80
6.0	164.5	43	0.25	80
6.0	165.0	38	0.25	80
6.0	165.5	43	0.25	80
6.0	166.0	43	0.25	80
6.0	166.5	43	0.25	80
6.0	167.0	38	0.25	80
6.0	167.5	43	0.25	80
6.0	168.0	35	0.25	80
6.0	169.0	38	0.25	80
6.0	170.0	35	0.25	80
6.0	171.0	38	0.25	80
6.0	172.0	35	0.25	80
6.0	173.0	38	0.25	80
6.0	174.0	35	0.25	80
6.0	175.0	38	0.25	80
6.0	176.0	35	0.25	80
6.0	177.0	38	0.25	80
6.0	178.0	35	0.25	80
6.0	179.0	38	0.25	80
6.0	180.0	35	0.25	80
6.0	181.0	38	0.25	80
6.0	182.0	35	0.25	80
6.0	183.0	38	0.25	80
6.0	184.0	35	0.25	80
6.0	185.0	38	0.25	80
6.0	186.0	35	0.25	80
6.0	187.0	38	0.25	80
6.0	188.0	35	0.25	80
6.0	189.0	38	0.25	80
6.0	190.0	35	0.25	80
6.0	191.0	38	0.25	80
6.0	192.0	35	0.25	80
6.0	193.0	38	0.25	80
6.0	194.0	35	0.25	80
6.0	195.0	38	0.25	80
6.0	196.0	35	0.25	80
6.0	197.0	38	0.25	80
6.0	198.0	35	0.25	80
6.0	199.0	38	0.25	80
6.0	200.0	35	0.25	80
6.0	201.0	38	0.25	80
6.0	201.5	35	0.25	80
6.0	202.5	35	0.25	80
6.0	203.0	38	0.25	80
6.0	204.0	35	0.25	80
6.0	205.0	38	0.25	80
6.0	205.5	35	0.25	80
6.0	206.5	35	0.25	80
6.0	207.0	38	0.25	80
6.0	208.0	35	0.25	80
6.0	209.0	38	0.25	80
6.0	209.5	35	0.25	80
6.0	210.5	35	0.25	80
6.0	211.0	38	0.25	80
6.0	212.0	35	0.25	80
6.0	213.0	38	0.25	80
6.0	213.5	35	0.25	80
6.0	214.5	35	0.25	80
6.0	215.0	38	0.25	80
6.0	216.0	35	0.25	80
6.0	217.0	38	0.25	80
6.0	217.5	35	0.25	80
6.0	218.5	35	0.25	80
6.0	219.0	38	0.25	80
6.0	220.0	35	0.25	80
6.0	221.0	38	0.25	80
6.0	221.5	35	0.25	80
6.0	222.5	35	0.25	80
6.0	223.0	38	0.25	80
6.0	224.0	35	0.25	80
6.0	225.0	38	0.25	80
6.0	225.5	35	0.25	80
6.0	226.5	35	0.25	80
6.0	227.0	38	0.25	80
6.0	228.0	35	0.25	80
6.0	229.0	38	0.25	80
6.0	229.5	35	0.25	80
6.0	230.5	35	0.25	80
6.0	231.0	38	0.25	80
6.0	232.0	35	0.25	80
6.0	233.0	38	0.25	80
6.0	233.5	35	0.25	80
6.0	234.5	35	0.25	80
6.0	235.0	38	0.25	80
6.0	236.0	35	0.25	80
6.0	237.0	38	0.25	80
6.0	237.5	35	0.25	80
6.0	238.5	35	0.25	80
6.0	239.0	38	0.25	80
6.0	240.0	35	0.25	80
6.0	241.0	38	0.25	80
6.0	241.5	35	0.25	80
6.0	242.5	35	0.25	80
6.0	243.0	38	0.25	80
6.0	244.0	35	0.25	80
6.0	245.0	38	0.25	80
6.0	245.5	35	0.25	80
6.0	246.5	35	0.25	80
6.0	247.0	38	0.25	80
6.0	248.0	35	0.25	80
6.0	249.0	38	0.25	80
6.0	249.5	35	0.25	80
6.0	250.5	35	0.25	80
6.0	251.0	38	0.25	80
6.0	252.0	35	0.25	80
6.0	253.0	38	0.25	80
6.0	253.5	35	0.25	80
6.0	254.5	35	0.25	80
6.0	255.0	38	0.25	80
6.0	256.0	45	0.25	80
6.0	256.5	45	0.25	80
6.0	257.0	38	0.25	80
6.0	257.5	45	0.25	80
6.0	258.0	45	0.25	80
6.0	258.5	45	0.25	80
6.0	259.0	38	0.25	80
6.0	259.5	45	0.25	80
6.0	260.0	45	0.25	80
6.0	260.5	45	0.25	80
6.0	261.0	38	0.25	80
6.0	261.5	45	0.25	80
6.0	262.0	45	0.25	80
6.0	105.0	35	0.25	80
6.0	107.0	35	0.25	80
6.0	109.0	35	0.25	80
6.0	111.0	35	0.25	80
6.0	113.0	35	0.25	80
6.0	115.0	35	0.25	80
6.0	117.0	35	0.25	80
6.0	119.0	35	0.25	80
6.0	121.0	35	0.25	80
6.0	123.0	35	0.25	80
6.0	125.0	35	0.25	80
6.0	127.0	35	0.25	80
6.0	129.0	35	0.25	80
6.0	131.0	35	0.25	80
6.0	133.0	35	0.25	80
6.0	134.5	35	0.25	80
6.0	135.0	43	0.25	80
6.0	137.0	35	0.25	80
6.0	139.0	35	0.25	80
6.0	141.0	35	0.25	80
6.0	143.0	35	0.25	80
6.0	145.0	35	0.25	80
6.0	147.0	35	0.25	80
6.0	149.0	35	0.25	80
6.0	151.0	35	0.25	80
6.0	153.0	35	0.25	80
6.0	155.0	35	0.25	80
6.0	157.0	35	0.25	80
6.0	159.0	35	0.25	80
6.0	160.0	35	0.25	80
6.0	161.0	43	0.25	80
6.0	161.5	35	0.25	80
6.0	162.5	35	0.25	80
6.0	163.0	43	0.25	80
6.0	164.0	35	0.25	80
6.0	165.0	43	0.25	80
6.0	165.5	35	0.25	80
6.0	166.5	35	0.25	80
6.0	167.0	43	0.25	80
6.0	201.0	35	0.25	80
6.0	203.0	35	0.25	80
6.0	205.0	35	0.25	80
6.0	207.0	35	0.25	80
6.0	209.0	35	0.25	80
6.0	211.0	35	0.25	80
6.0	213.0	35	0.25	80
6.0	215.0	35	0.25	80
6.0	217.0	35	0.25	80
6.0	219.0	35	0.25	80
6.0	221.0	35	0.25	80
6.0	223.0	35	0.25	80
6.0	225.0	35	0.25	80
6.0	227.0	35	0.25	80
6.0	229.0	35	0.25	80
6.0	231.0	35	0.25	80
6.0	233.0	35	0.25	80
6.0	235.0	35	0.25	80
6.0	237.0	35	0.25	80
6.0	239.0	35	0.25	80
6.0	241.0	35	0.25	80
6.0	243.0	35	0.25	80
6.0	245.0	35	0.25	80
6.0	247.0	35	0.25	80
6.0	249.0	35	0.25	80
6.0	251.0	35	0.25	80
6.0	253.0	35	0.25	80
6.0	255.0	35	0.25	80
6.0	256.0	35	0.25	80
6.0	257.0	45	0.25	80
6.0	257.5	35	0.25	80
6.0	258.5	35	0.25	80
6.0	259.0	45	0.25	80
6.0	260.0	35	0.25	80
6.0	261.0	45	0.25	80
6.0	261.5	35	0.25	80
6.0	135.0	35	0.25	80
6.0	161.0	35	0.25	80
6.0	163.0	35	0.25	80
6.0	165.0	35	0.25	80
6.0	167.0	35	0.25	80
6.0	257.0	35	0.25	80
6.0	259.0	35	0.25	80
6.0	261.0	35	0.25	80
