Track	Start_Time	Pitch	Duration	Dynamic
0.0	3.59	84	0.09	107
0.0	3.79	48	0.09	100
0.0	4.0	36	1.47	114
0.0	5.5	60	0.11	100
0.0	5.75	84	0.11	107
0.0	6.0	60	1.47	107
0.0	7.5	84	0.11	107
0.0	7.75	60	0.11	100
0.0	8.0	84	0.12	107
0.0	8.25	72	0.11	107
0.0	8.5	84	0.23	112
0.0	8.75	60	0.12	100
0.0	9.0	62	0.23	107
0.0	9.25	77	0.11	107
0.0	9.5	51	0.23	108
0.0	9.75	36	0.12	108
0.0	10.0	36	0.23	116
0.0	10.25	79	0.12	107
0.0	10.5	48	0.23	108
0.0	10.75	36	0.12	108
0.0	11.0	65	0.23	110
0.0	11.25	77	0.12	107
0.0	11.5	54	0.23	107
0.0	11.75	36	0.12	108
0.0	12.0	36	1.26	117
0.0	13.26	83	0.26	108
0.0	13.52	84	0.25	109
0.0	13.77	87	0.25	110
0.0	14.02	56	0.25	107
0.0	14.27	84	0.25	112
0.0	14.52	78	0.25	113
0.0	14.77	71	0.25	105
0.0	15.02	80	0.25	115
0.0	15.27	81	0.25	116
0.0	15.52	82	0.25	117
0.0	15.77	83	0.25	118
0.0	16.02	84	0.45	122
0.0	19.52	74	0.16	100
0.0	19.68	100	0.18	102
0.0	19.86	98	0.16	105
0.0	20.02	72	0.23	110
0.0	20.53	69	0.23	100
0.0	21.03	65	0.23	100
0.0	21.53	67	0.23	79
0.0	22.03	60	0.23	107
0.0	22.53	57	0.23	79
0.0	23.03	48	0.23	95
0.0	23.53	62	0.5	79
0.0	24.03	41	0.23	102
0.0	24.53	92	0.23	100
0.0	24.78	72	0.12	80
0.0	25.03	59	0.23	95
0.0	25.53	67	0.23	78
0.0	26.03	53	0.23	101
0.0	26.28	83	0.25	100
0.0	26.53	84	0.25	102
0.0	26.78	81	0.26	103
0.0	27.03	41	0.23	95
0.0	27.53	77	0.23	78
0.0	27.87	67	0.17	103
0.0	28.03	89	0.23	112
0.0	28.53	55	0.23	77
0.0	29.03	65	0.23	105
0.0	29.53	50	0.23	77
0.0	30.03	89	0.23	109
0.0	30.53	70	0.23	87
0.0	31.03	89	0.23	113
0.0	31.53	70	0.23	92
0.0	32.03	80	0.25	109
0.0	32.28	72	0.25	100
0.0	32.53	74	0.25	100
0.0	32.78	85	0.25	100
0.0	33.03	84	0.25	100
0.0	33.28	83	0.25	100
0.0	33.53	82	0.25	100
0.0	33.78	69	0.25	100
0.0	34.03	68	0.24	100
0.0	34.28	79	0.25	100
0.0	34.53	78	0.24	100
0.0	34.77	67	0.25	90
0.0	35.02	64	0.22	106
0.0	35.51	74	0.16	100
0.0	35.67	100	0.17	102
0.0	35.83	98	0.17	105
0.0	36.0	72	0.23	110
0.0	36.49	62	0.23	79
0.0	36.99	24	0.23	95
0.0	37.5	67	0.23	79
0.0	38.0	60	0.23	107
0.0	38.5	62	0.23	79
0.0	39.0	74	1.0	105
0.0	40.0	60	0.25	105
0.0	40.25	87	0.25	97
0.0	40.5	91	0.25	98
0.0	40.75	96	0.25	100
0.0	41.0	53	0.23	95
0.0	41.25	99	0.25	104
0.0	41.5	84	0.23	81
0.0	41.75	81	0.25	108
0.0	42.0	34	1.5	116
0.0	43.5	72	0.23	77
0.0	44.0	43	2.01	107
0.0	46.01	48	1.25	111
0.0	47.26	50	0.25	108
0.0	47.51	52	0.25	112
0.0	47.76	86	0.25	100
0.0	48.26	75	0.25	92
0.0	48.51	76	0.25	92
0.0	48.76	69	0.23	96
0.0	49.01	79	0.25	92
0.0	49.26	76	0.25	92
0.0	49.51	70	0.23	103
0.0	49.76	76	0.23	106
0.0	50.01	53	0.23	100
0.0	50.51	65	0.23	87
0.0	51.01	72	1.0	101
0.0	52.18	54	0.16	113
0.0	52.34	57	0.18	114
0.0	52.52	51	0.16	115
0.0	52.67	45	0.18	115
0.0	52.85	42	0.16	116
0.0	53.01	29	0.23	126
0.0	53.52	69	0.23	100
0.0	54.02	24	0.23	95
0.0	54.52	67	0.23	79
0.0	55.02	29	0.23	115
0.0	55.52	89	0.23	100
0.0	56.02	86	1.0	105
0.0	57.02	29	0.23	111
0.0	57.52	62	0.12	78
0.0	57.77	72	0.11	80
0.0	58.02	59	0.23	95
0.0	58.52	67	0.23	78
0.0	59.02	82	0.25	100
0.0	59.27	59	0.25	100
0.0	59.52	77	0.12	79
0.0	59.77	81	0.25	103
0.0	60.02	60	0.23	111
0.0	60.52	57	0.23	78
0.0	60.86	91	0.16	103
0.0	61.02	34	1.51	121
0.0	62.52	45	0.23	117
0.0	63.02	89	0.23	109
0.0	63.52	50	0.23	77
0.0	64.02	89	0.23	113
0.0	64.52	70	0.23	92
0.0	65.02	80	0.25	109
0.0	65.27	91	0.25	100
0.0	65.52	74	0.25	100
0.0	65.77	70	0.25	100
0.0	66.02	84	0.25	100
0.0	66.27	83	0.25	100
0.0	66.52	82	0.25	100
0.0	66.77	69	0.25	100
0.0	67.02	74	0.25	100
0.0	67.27	45	0.25	105
0.0	67.52	78	0.25	100
0.0	67.77	65	0.25	100
0.0	68.02	64	0.23	106
0.0	68.52	74	0.18	100
0.0	68.7	100	0.16	102
0.0	68.86	74	0.18	105
0.0	69.03	29	0.23	114
0.0	69.52	67	0.23	79
0.0	70.03	77	0.23	100
0.0	70.53	77	0.23	81
0.0	71.03	29	0.23	104
0.0	71.53	62	0.23	79
0.0	72.03	48	0.23	95
0.0	72.53	62	0.5	79
0.0	73.03	84	0.25	105
0.0	73.28	75	0.25	97
0.0	73.53	91	0.25	98
0.0	73.78	96	0.25	100
0.0	74.03	74	0.25	102
0.0	74.28	75	0.25	104
0.0	74.53	100	0.25	106
0.0	74.78	105	0.25	108
0.0	75.03	34	1.49	116
0.0	76.52	62	0.23	79
0.0	77.02	55	1.48	118
0.0	78.49	57	0.26	109
0.0	78.99	48	1.26	111
0.0	80.5	52	0.25	112
0.0	80.75	86	0.25	100
0.0	81.0	70	0.23	93
0.0	81.25	75	0.25	92
0.0	81.5	76	0.25	92
0.0	81.75	77	0.25	92
0.0	82.0	70	0.23	99
0.0	82.25	67	0.23	101
0.0	82.5	79	0.25	92
0.0	82.75	84	0.25	92
0.0	83.0	91	0.23	113
0.0	83.5	89	0.23	108
0.0	84.0	78	0.68	122
0.0	85.0	70	0.23	107
0.0	85.5	69	0.23	96
0.0	86.0	88	0.68	120
0.0	87.01	43	0.68	122
0.0	88.01	62	0.68	120
0.0	89.01	43	0.23	95
0.0	89.51	65	0.23	108
0.0	90.01	36	0.23	98
0.0	90.26	62	0.23	99
0.0	90.51	60	0.23	101
0.0	90.76	34	0.23	102
0.0	91.01	72	0.06	112
0.0	91.08	74	0.03	87
0.0	91.15	76	0.04	89
0.0	91.22	77	0.03	91
0.0	91.26	58	0.23	105
0.0	91.51	84	0.04	98
0.0	91.57	86	0.04	100
0.0	91.65	88	0.04	102
0.0	91.72	89	0.03	104
0.0	91.76	55	0.23	109
0.0	92.01	29	0.75	117
0.0	92.76	45	0.12	108
0.0	93.01	60	0.23	110
0.0	93.26	86	0.23	88
0.0	93.51	41	0.23	116
0.0	93.76	60	0.23	83
0.0	94.01	96	0.23	89
0.0	94.26	41	0.27	103
0.0	94.76	44	0.27	107
0.0	95.27	44	0.26	110
0.0	95.76	60	0.23	83
0.0	96.02	57	0.23	72
0.0	96.27	86	0.23	88
0.0	96.52	62	0.23	66
0.0	96.77	74	0.26	110
0.0	97.27	86	0.23	88
0.0	97.52	53	0.23	117
0.0	97.77	86	0.23	87
0.0	98.02	96	0.23	89
0.0	98.27	86	0.23	88
0.0	98.52	77	0.23	77
0.0	98.77	86	0.23	87
0.0	99.02	96	0.23	89
0.0	99.27	86	0.23	88
0.0	99.52	69	0.23	66
0.0	99.77	86	0.23	87
0.0	100.02	39	0.75	120
0.0	100.77	62	0.25	110
0.0	101.02	36	0.23	116
0.0	101.27	89	0.23	87
0.0	101.52	84	0.23	77
0.0	101.77	66	0.23	82
0.0	102.02	94	0.23	87
0.0	102.27	89	0.23	87
0.0	102.52	71	0.23	65
0.0	102.78	89	0.23	87
0.0	103.02	51	0.76	116
0.0	104.02	36	0.23	116
0.0	104.28	66	0.23	71
0.0	104.53	84	0.23	77
0.0	104.78	89	0.23	87
0.0	105.03	59	0.23	83
0.0	105.28	62	0.25	110
0.0	105.53	70	0.23	65
0.0	105.78	89	0.23	87
0.0	106.03	63	0.75	115
0.0	106.78	38	0.25	111
0.0	107.03	60	0.23	115
0.0	107.28	89	0.23	87
0.0	107.53	39	0.75	115
0.0	108.28	62	0.25	110
0.0	108.53	60	0.23	115
0.0	108.78	58	0.23	83
0.0	109.03	89	0.23	87
0.0	109.28	84	0.23	77
0.0	109.53	96	0.23	94
0.0	109.78	34	0.25	111
0.0	110.03	36	0.25	111
0.0	110.28	38	0.25	112
0.0	110.53	57	0.23	68
0.0	110.78	89	0.23	75
0.0	111.03	48	0.24	114
0.0	111.28	34	0.25	115
0.0	111.53	33	0.26	115
0.0	112.03	34	0.24	117
0.0	112.27	32	0.26	117
0.0	112.78	89	0.23	75
0.0	113.03	87	0.23	75
0.0	113.28	30	0.25	120
0.0	113.53	29	0.75	126
0.0	114.28	86	0.23	75
0.0	114.53	89	0.23	94
0.0	114.78	86	0.23	75
0.0	115.03	81	0.23	75
0.0	115.28	84	0.23	75
0.0	115.53	44	1.05	123
0.0	116.78	77	0.23	75
0.0	117.03	41	0.23	120
0.0	117.28	81	0.23	75
0.0	117.53	67	0.25	72
0.0	117.78	77	0.25	81
0.0	118.04	81	0.24	81
0.0	118.28	50	0.25	102
0.0	118.53	49	0.24	103
0.0	118.77	48	0.25	104
0.0	119.02	57	0.24	105
0.0	119.27	48	0.25	105
0.0	119.52	70	0.24	81
0.0	119.76	51	0.25	107
0.0	120.01	58	0.24	81
0.0	120.25	55	0.25	109
0.0	120.5	65	0.49	110
0.0	121.01	76	0.24	81
0.0	121.25	60	0.26	113
0.0	121.51	60	0.45	100
0.0	122.01	82	0.25	109
0.0	122.26	88	0.13	110
0.0	122.51	40	0.75	119
0.0	123.51	72	0.38	78
0.0	124.01	66	0.25	114
0.0	124.26	76	0.13	110
0.0	124.51	40	0.75	119
0.0	125.51	54	0.25	106
0.0	125.76	89	0.25	108
0.0	126.01	40	0.25	94
0.0	126.26	52	0.25	100
0.0	126.51	36	0.25	94
0.0	126.76	38	0.25	94
0.0	127.01	36	0.25	94
0.0	127.26	35	0.25	94
0.0	127.51	47	0.23	108
0.0	128.01	52	0.12	91
0.0	128.27	69	0.11	106
0.0	128.51	52	0.21	97
0.0	129.02	69	0.19	106
0.0	129.51	64	1.34	117
0.0	131.02	81	0.17	92
0.0	131.18	62	0.17	111
0.0	131.35	83	0.17	94
0.0	131.52	60	1.33	93
0.0	132.85	88	0.08	107
0.0	132.93	89	0.08	108
0.0	133.02	57	0.05	105
0.0	133.07	56	0.06	105
0.0	133.13	55	0.06	105
0.0	133.18	92	0.08	110
0.0	133.27	30	0.25	119
0.0	133.52	96	0.46	124
0.0	134.03	69	0.22	65
0.0	134.28	60	0.23	82
0.0	134.53	96	0.23	89
0.0	134.77	86	0.23	88
0.0	135.03	41	0.23	116
0.0	135.28	86	0.23	87
0.0	135.53	96	0.23	89
0.0	135.78	41	0.26	103
0.0	136.28	44	0.26	107
0.0	136.78	86	0.23	88
0.0	137.03	72	0.23	66
0.0	137.28	47	0.26	114
0.0	137.78	86	0.23	88
0.0	138.03	74	0.23	77
0.0	138.28	50	0.27	110
0.0	138.78	60	0.23	83
0.0	139.03	77	0.23	117
0.0	139.28	86	0.23	87
0.0	139.53	57	0.23	72
0.0	139.78	60	0.23	83
0.0	140.03	65	0.23	66
0.0	140.28	69	0.13	113
0.0	140.53	96	0.23	89
0.0	140.78	86	0.23	88
0.0	141.03	40	0.23	110
0.0	141.28	86	0.23	87
0.0	141.53	95	0.23	87
0.0	141.78	89	0.23	87
0.0	142.03	70	0.23	65
0.0	142.28	66	0.23	82
0.0	142.53	36	0.23	116
0.0	142.78	89	0.23	87
0.0	143.03	39	0.76	120
0.0	143.78	62	0.25	110
0.0	144.03	66	0.23	82
0.0	144.28	54	0.23	83
0.0	144.53	89	0.23	87
0.0	144.78	71	0.23	65
0.0	145.03	58	0.23	83
0.0	145.28	62	0.25	110
0.0	145.53	36	0.23	116
0.0	145.78	89	0.23	87
0.0	146.03	39	0.75	120
0.0	146.78	38	0.25	110
0.0	147.03	36	0.23	116
0.0	147.28	84	0.23	77
0.0	147.53	89	0.23	87
0.0	147.78	58	0.23	83
0.0	148.03	89	0.23	87
0.0	148.28	62	0.25	110
0.0	148.53	95	0.23	87
0.0	148.78	66	0.23	71
0.0	149.03	39	0.75	120
0.0	149.78	38	0.26	110
0.0	150.04	36	0.23	116
0.0	150.28	58	0.23	83
0.0	150.53	39	0.75	120
0.0	151.28	54	0.23	83
0.0	151.54	36	0.23	116
0.0	151.79	71	0.23	65
0.0	152.04	54	0.23	83
0.0	152.29	50	0.18	114
0.0	152.54	72	0.23	65
0.0	152.79	39	0.18	114
0.0	153.04	38	0.18	114
0.0	153.29	66	0.23	71
0.0	153.54	51	0.18	114
0.0	153.79	58	0.23	83
0.0	154.04	66	0.23	71
0.0	154.29	84	0.23	77
0.0	154.54	89	0.23	87
0.0	154.79	58	0.23	83
0.0	155.04	60	0.38	120
0.0	155.54	94	0.23	87
0.0	155.79	89	0.23	87
0.0	156.04	71	0.23	65
0.0	156.29	50	0.25	110
0.0	156.54	60	0.23	116
0.0	156.79	89	0.23	87
0.0	157.04	71	0.23	65
0.0	157.29	58	0.23	83
0.0	157.54	89	0.23	87
0.0	157.79	82	0.23	77
0.0	158.05	48	0.23	116
0.0	158.3	72	0.22	81
0.0	158.54	63	0.18	114
0.0	158.78	66	0.23	71
0.0	159.03	36	0.18	114
0.0	159.28	63	0.19	114
0.0	159.53	62	0.18	114
0.0	159.77	72	0.23	76
0.0	160.02	39	0.74	115
0.0	160.76	66	0.23	82
0.0	161.01	60	0.23	115
0.0	161.27	89	0.23	87
0.0	161.51	70	0.23	65
0.0	161.76	89	0.23	87
0.0	162.02	33	0.24	122
0.0	162.26	58	0.25	111
0.0	162.51	72	0.23	81
0.0	162.76	38	0.25	112
0.0	163.01	57	0.23	68
0.0	163.26	89	0.23	75
0.0	163.51	36	0.25	114
0.0	163.76	89	0.23	75
0.0	164.01	96	0.23	93
0.0	164.26	63	0.23	68
0.0	164.51	65	0.23	80
0.0	164.76	44	0.25	117
0.0	165.01	99	0.23	97
0.0	165.26	89	0.23	75
0.0	165.51	82	0.23	75
0.0	165.76	89	0.23	75
0.0	166.01	93	0.24	85
0.0	166.26	89	0.24	78
0.0	166.51	84	0.24	78
0.0	166.76	79	0.24	71
0.0	167.01	48	0.23	118
0.0	167.26	84	0.24	78
0.0	167.51	63	0.23	121
0.0	167.76	79	0.24	71
0.0	168.01	67	1.05	123
0.0	169.26	77	0.24	78
0.0	169.51	53	0.23	120
0.0	169.76	66	0.24	72
0.0	170.01	67	0.17	81
0.0	170.18	74	0.17	76
0.0	170.34	70	0.17	77
0.0	170.51	64	0.23	75
0.0	170.76	65	0.23	76
0.0	171.01	66	0.23	78
0.0	171.23	81	0.16	96
0.0	171.39	82	0.15	97
0.0	171.54	86	0.16	99
0.0	171.7	85	0.15	100
0.0	171.85	89	0.15	101
0.0	172.01	70	0.23	84
0.0	172.26	73	0.23	86
0.0	172.51	74	0.23	88
0.0	172.76	73	0.23	89
0.0	173.01	82	0.17	102
0.0	173.18	89	0.17	104
0.0	173.34	82	0.17	105
0.0	173.51	89	0.17	107
0.0	173.68	86	0.17	108
0.0	173.84	91	0.17	110
0.0	174.01	71	0.23	111
0.0	174.5	55	0.51	111
0.0	175.01	43	0.23	114
0.0	3.59	48	0.09	100
0.0	3.79	72	0.09	107
0.0	4.0	72	1.47	112
0.0	5.5	84	0.11	107
0.0	5.75	36	0.11	108
0.0	6.0	84	1.47	113
0.0	7.5	60	0.11	100
0.0	7.75	72	0.11	107
0.0	8.0	36	0.23	114
0.0	8.25	48	0.11	100
0.0	8.5	72	0.23	112
0.0	8.75	64	0.12	100
0.0	9.0	36	0.23	116
0.0	9.25	74	0.11	107
0.0	9.5	48	0.23	108
0.0	9.75	63	0.12	100
0.0	10.0	64	0.23	110
0.0	10.25	76	0.12	107
0.0	10.5	56	0.23	108
0.0	10.75	64	0.12	100
0.0	11.0	36	0.23	114
0.0	11.25	81	0.12	107
0.0	11.5	48	0.23	107
0.0	11.75	69	0.12	100
0.0	12.0	48	1.26	117
0.0	13.26	73	0.26	108
0.0	13.52	74	0.25	109
0.0	13.77	75	0.25	110
0.0	14.02	54	0.25	101
0.0	14.27	89	0.25	112
0.0	14.52	88	0.25	113
0.0	14.77	74	0.25	105
0.0	15.02	90	0.25	115
0.0	15.27	91	0.25	116
0.0	15.52	92	0.25	117
0.0	15.77	93	0.25	118
0.0	16.02	94	0.45	122
0.0	19.52	86	0.16	100
0.0	19.68	88	0.18	102
0.0	19.86	86	0.16	105
0.0	20.02	84	0.23	110
0.0	20.53	81	0.23	100
0.0	21.03	77	0.23	100
0.0	21.53	57	0.23	79
0.0	22.03	72	0.23	107
0.0	22.53	62	0.23	79
0.0	23.03	86	1.0	105
0.0	24.03	29	0.23	102
0.0	24.53	80	0.23	100
0.0	24.78	84	0.12	80
0.0	25.03	86	1.0	106
0.0	26.03	82	0.25	100
0.0	26.28	71	0.25	100
0.0	26.53	72	0.25	102
0.0	26.78	69	0.26	103
0.0	27.03	53	0.23	95
0.0	27.53	91	0.18	98
0.0	27.7	69	0.17	100
0.0	27.87	79	0.17	103
0.0	28.03	77	0.23	112
0.0	28.53	50	0.23	77
0.0	29.03	77	0.23	105
0.0	29.53	55	0.23	77
0.0	30.03	77	0.23	109
0.0	30.53	98	0.23	111
0.0	31.03	65	0.23	113
0.0	31.53	74	0.23	92
0.0	32.03	73	0.25	109
0.0	32.28	75	0.25	100
0.0	32.53	71	0.25	100
0.0	32.78	79	0.25	100
0.0	33.03	81	0.25	100
0.0	33.28	80	0.25	100
0.0	33.53	79	0.25	100
0.0	33.78	66	0.25	100
0.0	34.03	62	0.24	100
0.0	34.28	76	0.25	100
0.0	34.53	75	0.24	100
0.0	34.77	58	0.25	90
0.0	35.02	61	0.22	96
0.0	35.51	86	0.16	100
0.0	35.67	88	0.17	102
0.0	35.83	86	0.17	105
0.0	36.0	84	0.23	110
0.0	36.49	57	0.23	79
0.0	36.99	36	0.23	95
0.0	37.5	57	0.23	79
0.0	38.0	72	0.23	107
0.0	38.5	57	0.23	79
0.0	39.0	62	0.5	105
0.0	39.5	67	0.23	79
0.0	40.0	72	0.25	105
0.0	40.25	75	0.25	97
0.0	40.5	79	0.25	98
0.0	40.75	84	0.25	100
0.0	41.0	98	0.25	102
0.0	41.25	87	0.25	104
0.0	41.5	72	0.23	81
0.0	41.75	93	0.25	108
0.0	42.0	46	1.5	116
0.0	43.5	57	0.23	108
0.0	44.0	31	2.01	107
0.0	46.01	24	1.8	111
0.0	48.01	76	0.25	92
0.0	48.26	83	0.25	100
0.0	48.51	84	0.25	100
0.0	48.76	77	0.25	92
0.0	49.01	88	0.25	100
0.0	49.26	84	0.25	100
0.0	49.51	79	0.25	92
0.0	49.76	69	0.23	99
0.0	50.01	41	0.23	100
0.0	50.51	72	0.23	96
0.0	51.01	81	1.0	102
0.0	52.18	59	0.16	113
0.0	52.34	47	0.18	114
0.0	52.52	44	0.16	115
0.0	52.67	52	0.18	115
0.0	52.85	49	0.16	116
0.0	53.01	41	0.23	126
0.0	53.52	81	0.23	100
0.0	54.02	65	0.23	100
0.0	54.52	57	0.23	79
0.0	55.02	41	0.23	115
0.0	55.52	77	0.23	81
0.0	56.02	74	1.0	105
0.0	57.02	41	0.23	111
0.0	57.52	57	0.12	78
0.0	57.77	84	0.11	80
0.0	58.02	86	1.0	106
0.0	59.02	70	0.25	100
0.0	59.27	71	0.25	100
0.0	59.52	67	0.12	79
0.0	59.77	69	0.25	103
0.0	60.02	72	0.23	111
0.0	60.52	62	0.23	78
0.0	60.86	79	0.16	103
0.0	61.02	46	1.51	121
0.0	62.52	57	0.23	117
0.0	63.02	77	0.23	109
0.0	63.52	77	0.23	87
0.0	64.02	65	0.23	113
0.0	64.52	74	0.23	92
0.0	65.02	73	0.25	109
0.0	65.27	84	0.25	100
0.0	65.52	71	0.25	100
0.0	65.77	73	0.25	100
0.0	66.02	81	0.25	100
0.0	66.27	80	0.25	100
0.0	66.52	79	0.25	100
0.0	66.77	66	0.25	100
0.0	67.02	72	0.25	100
0.0	67.27	57	0.25	105
0.0	67.52	75	0.25	100
0.0	67.77	62	0.25	100
0.0	68.02	61	0.23	96
0.0	68.52	86	0.18	100
0.0	68.7	88	0.16	102
0.0	68.86	86	0.18	105
0.0	69.03	41	0.23	114
0.0	69.52	77	0.23	81
0.0	70.03	65	0.23	100
0.0	70.53	72	0.23	81
0.0	71.03	41	0.23	104
0.0	71.53	57	0.23	79
0.0	72.03	86	1.0	105
0.0	73.03	72	0.25	105
0.0	73.28	63	0.25	97
0.0	73.53	79	0.25	98
0.0	73.78	84	0.25	100
0.0	74.03	86	0.25	102
0.0	74.28	87	0.25	104
0.0	74.53	88	0.25	106
0.0	74.78	93	0.25	108
0.0	75.03	46	1.49	116
0.0	76.52	45	0.23	108
0.0	77.02	31	1.98	118
0.0	78.99	36	1.81	111
0.0	81.0	76	0.25	92
0.0	81.25	83	0.25	100
0.0	81.5	84	0.25	100
0.0	81.75	86	0.25	100
0.0	82.0	79	0.25	92
0.0	82.25	60	0.23	92
0.0	82.5	88	0.25	100
0.0	82.75	93	0.25	100
0.0	83.0	82	0.23	107
0.0	83.5	81	0.23	96
0.0	84.0	74	0.68	122
0.0	85.0	79	0.23	113
0.0	85.5	77	0.23	108
0.0	86.0	85	0.68	120
0.0	87.01	25	0.68	122
0.0	88.01	60	0.68	120
0.0	89.01	50	0.23	107
0.0	89.51	57	0.23	96
0.0	90.01	48	0.23	98
0.0	90.26	50	0.23	99
0.0	90.51	48	0.23	101
0.0	90.76	46	0.23	102
0.0	91.01	57	0.23	104
0.0	91.26	46	0.23	105
0.0	91.51	57	0.23	107
0.0	91.76	43	0.23	109
0.0	92.01	41	0.75	117
0.0	92.76	33	0.12	108
0.0	93.01	48	0.23	110
0.0	93.26	60	0.23	83
0.0	93.51	53	0.23	116
0.0	93.76	86	0.23	87
0.0	94.01	42	0.27	114
0.0	94.52	43	0.26	105
0.0	95.01	45	0.27	109
0.0	95.52	46	0.26	112
0.0	96.02	53	0.23	72
0.0	96.27	60	0.5	83
0.0	96.77	62	0.26	110
0.0	97.27	60	0.23	83
0.0	97.52	62	0.23	66
0.0	97.77	60	0.23	83
0.0	98.02	48	0.23	116
0.0	98.27	60	0.23	83
0.0	98.52	81	0.23	77
0.0	98.77	60	0.23	83
0.0	99.02	93	0.23	89
0.0	99.27	60	0.23	83
0.0	99.52	84	0.23	77
0.0	99.77	60	0.23	83
0.0	100.02	51	0.75	120
0.0	100.77	66	0.23	82
0.0	101.02	48	0.23	116
0.0	101.27	66	0.23	71
0.0	101.52	82	0.23	77
0.0	101.77	89	0.23	87
0.0	102.02	96	0.23	87
0.0	102.27	38	0.25	110
0.0	102.52	72	0.23	65
0.0	102.78	66	0.23	82
0.0	103.02	63	0.76	116
0.0	104.02	48	0.23	116
0.0	104.28	89	0.23	87
0.0	104.53	39	0.75	116
0.0	105.28	50	0.25	110
0.0	105.53	82	0.23	77
0.0	105.78	66	0.23	82
0.0	106.03	51	0.75	115
0.0	106.78	50	0.25	111
0.0	107.03	59	0.23	83
0.0	107.28	66	0.23	71
0.0	107.53	51	0.75	115
0.0	108.28	50	0.25	110
0.0	108.53	71	0.23	65
0.0	108.78	54	0.23	83
0.0	109.03	66	0.23	71
0.0	109.28	82	0.23	77
0.0	109.53	93	0.23	94
0.0	109.78	46	0.25	111
0.0	110.03	48	0.25	111
0.0	110.28	50	0.25	112
0.0	110.53	53	0.23	68
0.0	110.78	35	0.26	113
0.0	111.28	46	0.25	115
0.0	111.53	45	0.26	115
0.0	112.03	46	0.24	117
0.0	112.27	44	0.26	117
0.0	112.78	57	0.25	119
0.0	113.03	32	0.25	119
0.0	113.28	42	0.25	120
0.0	113.53	41	0.75	126
0.0	114.28	60	0.23	68
0.0	114.53	93	0.23	94
0.0	114.78	72	0.23	68
0.0	115.03	77	0.23	68
0.0	115.28	72	0.23	68
0.0	115.53	68	1.05	123
0.0	116.78	65	0.23	73
0.0	117.03	53	0.23	120
0.0	117.53	45	0.25	99
0.0	117.78	46	0.26	100
0.0	118.04	47	0.24	101
0.0	118.28	62	0.25	102
0.0	118.53	61	0.24	103
0.0	118.77	60	0.25	104
0.0	119.02	69	0.24	105
0.0	119.27	60	0.25	105
0.0	119.52	50	0.24	106
0.0	119.76	63	0.25	107
0.0	120.01	70	0.24	81
0.0	120.25	67	0.25	109
0.0	120.5	77	0.49	110
0.0	121.01	59	0.24	112
0.0	121.25	72	0.26	113
0.0	121.51	52	0.45	100
0.0	122.01	75	0.25	109
0.0	122.26	81	0.13	110
0.0	122.51	28	0.75	119
0.0	123.51	64	0.38	105
0.0	124.01	59	0.25	106
0.0	124.26	83	0.13	110
0.0	124.51	28	0.75	119
0.0	125.51	40	0.25	101
0.0	125.76	84	0.25	100
0.0	126.01	54	0.25	100
0.0	126.26	67	0.25	93
0.0	126.51	50	0.25	100
0.0	126.76	52	0.25	100
0.0	127.01	50	0.25	100
0.0	127.26	49	0.25	100
0.0	127.51	45	0.23	101
0.0	128.01	57	0.12	91
0.0	128.27	60	0.11	88
0.0	128.51	57	0.21	97
0.0	129.02	60	0.19	88
0.0	129.51	66	1.01	117
0.0	130.68	65	0.17	108
0.0	130.85	80	0.17	91
0.0	131.02	63	0.17	110
0.0	131.18	82	0.17	93
0.0	131.35	61	0.22	112
0.0	131.57	61	1.23	94
0.0	132.79	61	0.33	103
0.0	133.18	54	0.06	106
0.0	133.24	53	0.05	106
0.0	133.29	52	0.06	107
0.0	133.35	51	0.05	107
0.0	133.4	50	0.06	108
0.0	133.46	49	0.06	108
0.0	133.52	48	0.51	124
0.0	134.03	77	0.22	81
0.0	134.28	45	0.11	108
0.0	134.53	93	0.23	89
0.0	134.77	60	0.23	83
0.0	135.03	53	0.23	116
0.0	135.28	60	0.23	83
0.0	135.53	42	0.26	114
0.0	136.03	72	0.23	66
0.0	136.28	56	0.26	107
0.0	136.78	44	0.27	110
0.0	137.28	59	0.26	114
0.0	137.78	60	0.5	83
0.0	138.28	62	0.27	110
0.0	138.78	86	0.23	88
0.0	139.03	53	0.23	117
0.0	139.28	60	0.23	83
0.0	139.53	53	0.23	72
0.0	139.78	86	0.23	88
0.0	140.03	69	0.23	113
0.0	140.28	60	0.23	83
0.0	140.53	93	0.23	89
0.0	140.78	60	0.23	83
0.0	141.03	52	0.23	110
0.0	141.28	60	0.23	83
0.0	141.53	96	0.23	87
0.0	141.78	66	0.23	71
0.0	142.03	82	0.23	77
0.0	142.28	62	0.26	110
0.0	142.53	48	0.23	116
0.0	142.78	66	0.23	71
0.0	143.03	51	0.76	120
0.0	143.78	50	0.25	110
0.0	144.03	89	0.23	87
0.0	144.28	58	0.23	83
0.0	144.53	66	0.23	71
0.0	144.78	72	0.23	65
0.0	145.03	94	0.23	87
0.0	145.28	50	0.25	110
0.0	145.53	48	0.23	116
0.0	145.78	66	0.23	82
0.0	146.03	51	0.75	120
0.0	146.78	94	0.23	87
0.0	147.03	48	0.23	116
0.0	147.28	82	0.23	77
0.0	147.53	66	0.23	82
0.0	147.78	54	0.23	83
0.0	148.03	66	0.23	71
0.0	148.28	50	0.25	110
0.0	148.53	36	0.23	116
0.0	148.78	89	0.23	87
0.0	149.03	51	0.75	120
0.0	149.78	50	0.26	110
0.0	150.04	48	0.23	116
0.0	150.28	54	0.23	83
0.0	150.53	51	0.75	120
0.0	151.28	58	0.23	83
0.0	151.54	48	0.23	116
0.0	151.79	72	0.23	65
0.0	152.04	95	0.23	87
0.0	152.29	38	0.18	114
0.0	152.54	70	0.23	65
0.0	152.79	51	0.18	114
0.0	153.04	50	0.18	114
0.0	153.29	89	0.23	87
0.0	153.54	63	0.18	114
0.0	153.79	54	0.23	83
0.0	154.04	89	0.23	87
0.0	154.29	39	0.38	120
0.0	154.79	55	0.23	83
0.0	155.04	66	0.23	71
0.0	155.29	70	0.23	65
0.0	155.54	39	0.75	120
0.0	156.29	62	0.25	110
0.0	156.54	58	0.23	83
0.0	156.79	66	0.23	71
0.0	157.04	72	0.23	65
0.0	157.29	94	0.23	87
0.0	157.54	66	0.23	71
0.0	157.79	84	0.23	77
0.0	158.05	60	0.23	116
0.0	158.3	71	0.22	81
0.0	158.54	58	0.23	83
0.0	158.78	89	0.23	87
0.0	159.03	48	0.18	114
0.0	159.28	51	0.19	114
0.0	159.53	50	0.18	114
0.0	159.77	76	0.23	80
0.0	160.02	51	0.74	115
0.0	160.76	62	0.25	110
0.0	161.01	58	0.23	83
0.0	161.27	66	0.23	71
0.0	161.51	82	0.23	77
0.0	161.76	66	0.23	82
0.0	162.02	45	0.24	122
0.0	162.26	65	0.23	68
0.0	162.51	74	0.23	81
0.0	162.76	50	0.25	112
0.0	163.01	53	0.23	68
0.0	163.26	35	0.25	113
0.0	163.51	48	0.25	114
0.0	163.76	34	0.25	115
0.0	164.01	92	0.23	93
0.0	164.26	89	0.23	75
0.0	164.51	77	0.23	79
0.0	164.76	56	0.25	117
0.0	165.01	94	0.23	97
0.0	165.26	45	0.25	119
0.0	165.51	87	0.23	75
0.0	165.76	30	0.25	120
0.0	166.01	69	0.24	74
0.0	166.26	86	0.24	78
0.0	166.51	75	0.24	78
0.0	166.76	57	0.12	117
0.0	167.01	36	0.23	118
0.0	167.26	86	0.24	78
0.0	167.51	81	0.24	75
0.0	167.76	75	0.24	71
0.0	168.01	55	1.05	123
0.0	169.26	83	0.24	78
0.0	169.51	41	0.23	120
0.0	169.76	70	0.24	72
0.0	170.01	82	0.15	91
0.0	170.16	86	0.15	86
0.0	170.32	82	0.15	88
0.0	170.47	74	0.15	89
0.0	170.62	75	0.16	90
0.0	170.78	76	0.15	92
0.0	170.93	79	0.15	93
0.0	171.08	77	0.15	95
0.0	171.26	69	0.23	80
0.0	171.51	79	0.17	88
0.0	171.68	77	0.17	90
0.0	171.84	82	0.17	91
0.0	172.01	72	0.23	84
0.0	172.26	71	0.23	86
0.0	172.51	86	0.17	97
0.0	172.68	79	0.17	99
0.0	172.84	86	0.17	100
0.0	173.01	74	0.16	91
0.0	173.21	73	0.16	93
0.0	173.41	76	0.16	96
0.0	173.58	98	0.14	117
0.0	173.81	78	0.16	102
0.0	174.01	59	0.23	118
0.0	174.5	65	0.98	111
0.0	3.59	60	0.09	100
0.0	3.79	36	0.09	108
0.0	4.0	60	1.47	109
0.0	5.5	36	0.11	108
0.0	5.75	48	0.11	100
0.0	6.0	36	1.47	116
0.0	7.5	48	0.11	100
0.0	7.75	48	0.11	100
0.0	8.0	72	0.12	107
0.0	8.25	84	0.11	107
0.0	8.5	76	0.23	112
0.0	8.75	36	0.12	108
0.0	9.0	65	0.23	107
0.0	9.25	50	0.11	100
0.0	9.5	54	0.23	108
0.0	9.75	60	0.12	100
0.0	10.0	60	0.23	110
0.0	10.25	52	0.12	100
0.0	10.5	72	0.23	111
0.0	10.75	60	0.12	100
0.0	11.0	69	0.23	110
0.0	11.25	53	0.12	100
0.0	11.5	57	0.23	107
0.0	11.75	60	0.12	100
0.0	12.0	55	1.26	111
0.0	13.26	85	0.26	108
0.0	13.52	86	0.25	109
0.0	13.77	82	0.25	110
0.0	14.02	44	0.25	107
0.0	14.27	72	0.25	102
0.0	14.52	90	0.25	113
0.0	14.77	77	0.25	105
0.0	15.02	92	0.25	115
0.0	15.27	93	0.25	116
0.0	15.52	94	0.25	117
0.0	15.77	95	0.25	118
0.0	16.02	96	0.45	122
0.0	19.52	98	0.16	100
0.0	19.68	76	0.18	102
0.0	19.86	74	0.16	105
0.0	20.02	29	0.23	107
0.0	20.53	62	0.23	79
0.0	21.03	24	0.23	95
0.0	21.53	77	0.23	81
0.0	22.03	29	0.23	104
0.0	22.53	67	0.23	79
0.0	23.03	36	0.23	95
0.0	23.53	67	0.23	79
0.0	24.03	53	0.23	102
0.0	24.53	68	0.23	100
0.0	24.78	62	0.12	78
0.0	25.03	47	0.23	95
0.0	25.53	57	0.23	78
0.0	26.03	41	0.23	101
0.0	26.28	59	0.25	100
0.0	26.53	60	0.25	102
0.0	26.78	57	0.26	103
0.0	27.03	65	0.23	95
0.0	27.53	79	0.18	98
0.0	27.7	81	0.17	100
0.0	27.87	91	0.17	103
0.0	28.03	65	0.23	112
0.0	28.53	60	0.23	77
0.0	29.03	89	0.23	105
0.0	29.53	60	0.23	77
0.0	30.03	65	0.23	109
0.0	30.53	65	0.23	87
0.0	31.03	77	0.23	113
0.0	31.53	102	0.23	115
0.0	32.03	76	0.25	109
0.0	32.28	69	0.25	100
0.0	32.53	58	0.25	91
0.0	32.78	82	0.25	100
0.0	33.03	78	0.25	100
0.0	33.28	77	0.25	100
0.0	33.53	76	0.25	100
0.0	33.78	64	0.25	92
0.0	34.03	65	0.24	100
0.0	34.28	73	0.25	100
0.0	34.53	72	0.24	100
0.0	34.77	59	0.25	107
0.0	35.02	73	0.22	106
0.0	35.51	98	0.16	100
0.0	35.67	76	0.17	102
0.0	35.83	74	0.17	105
0.0	36.0	29	0.23	107
0.0	36.49	67	0.23	79
0.0	36.99	48	0.23	95
0.0	37.5	77	0.23	81
0.0	38.0	29	0.23	104
0.0	38.5	67	0.23	79
0.0	39.0	24	0.23	95
0.0	39.5	57	0.23	79
0.0	40.0	84	0.25	105
0.0	40.25	63	0.25	97
0.0	40.5	67	0.25	79
0.0	40.75	72	0.25	100
0.0	41.0	41	0.23	95
0.0	41.25	75	0.25	104
0.0	41.5	77	0.23	81
0.0	41.75	105	0.25	108
0.0	42.0	58	1.5	116
0.0	43.5	70	0.23	77
0.0	44.0	77	0.23	91
0.0	44.26	97	0.24	100
0.0	44.5	91	0.25	92
0.0	44.75	89	0.26	92
0.0	45.01	85	0.25	92
0.0	45.26	76	0.23	91
0.0	45.5	57	0.26	109
0.0	45.76	58	0.25	115
0.0	46.01	60	0.48	111
0.0	46.51	96	0.25	100
0.0	46.76	77	0.23	92
0.0	47.01	80	0.25	92
0.0	47.26	79	0.25	92
0.0	47.51	80	0.25	92
0.0	47.76	77	0.25	92
0.0	48.26	59	0.23	79
0.0	48.51	36	0.23	106
0.0	48.76	62	0.23	86
0.0	49.01	60	0.23	105
0.0	49.26	60	0.23	92
0.0	49.51	64	0.23	95
0.0	49.76	93	0.25	100
0.0	50.01	67	0.23	95
0.0	50.51	81	0.23	96
0.0	51.01	89	1.0	112
0.0	52.18	56	0.16	113
0.0	52.34	52	0.18	114
0.0	52.52	54	0.16	115
0.0	52.67	53	0.18	115
0.0	52.85	51	0.16	116
0.0	53.01	53	0.23	126
0.0	53.52	62	0.23	79
0.0	54.02	36	0.23	95
0.0	54.52	77	0.23	81
0.0	55.02	53	0.23	115
0.0	55.52	72	0.23	81
0.0	56.02	62	0.5	105
0.0	56.52	62	0.5	79
0.0	57.02	53	0.23	111
0.0	57.52	67	0.12	78
0.0	57.77	62	0.11	78
0.0	58.02	47	0.23	95
0.0	58.52	84	0.23	79
0.0	59.02	53	0.23	112
0.0	59.27	83	0.25	100
0.0	59.52	84	0.25	102
0.0	59.77	57	0.25	103
0.0	60.02	41	0.23	95
0.0	60.52	72	0.23	78
0.0	60.86	67	0.16	103
0.0	61.02	58	1.51	121
0.0	62.52	55	0.23	77
0.0	63.02	65	0.23	109
0.0	63.52	60	0.23	77
0.0	64.02	77	0.23	113
0.0	64.52	102	0.23	115
0.0	65.02	76	0.25	109
0.0	65.27	87	0.25	100
0.0	65.52	58	0.25	91
0.0	65.77	77	0.25	100
0.0	66.02	78	0.25	100
0.0	66.27	77	0.25	100
0.0	66.52	76	0.25	100
0.0	66.77	64	0.25	92
0.0	67.02	80	0.25	100
0.0	67.27	33	0.25	105
0.0	67.52	72	0.25	100
0.0	67.77	67	0.25	90
0.0	68.02	60	0.23	113
0.0	68.52	98	0.18	100
0.0	68.7	76	0.16	102
0.0	68.86	98	0.18	105
0.0	69.03	53	0.23	114
0.0	69.52	84	0.23	81
0.0	70.03	24	0.23	95
0.0	70.53	57	0.23	79
0.0	71.03	53	0.23	104
0.0	71.53	67	0.23	79
0.0	72.03	36	0.23	95
0.0	72.53	67	0.23	79
0.0	73.03	60	0.25	105
0.0	73.28	87	0.25	97
0.0	73.53	67	0.25	79
0.0	73.78	72	0.25	100
0.0	74.03	29	0.23	95
0.0	74.28	99	0.25	104
0.0	74.53	76	0.25	106
0.0	74.78	81	0.25	108
0.0	75.03	58	1.49	116
0.0	76.52	33	0.23	108
0.0	77.02	43	1.98	118
0.0	78.99	60	0.49	111
0.0	79.5	65	0.23	78
0.0	79.75	84	0.25	92
0.0	80.0	74	0.23	92
0.0	80.25	73	0.23	93
0.0	80.5	80	0.25	92
0.0	80.75	53	0.25	116
0.0	81.0	67	0.23	115
0.0	81.25	59	0.23	79
0.0	81.5	36	0.23	106
0.0	81.75	62	0.23	86
0.0	82.0	64	0.23	89
0.0	82.25	84	0.25	100
0.0	82.5	48	0.23	107
0.0	82.75	69	0.23	99
0.0	83.0	67	0.23	95
0.0	83.5	65	0.23	87
0.0	84.0	64	0.68	122
0.0	85.0	55	0.23	95
0.0	85.5	53	0.23	87
0.0	86.0	84	0.68	120
0.0	87.01	29	0.68	122
0.0	88.01	64	0.68	120
0.0	89.01	58	0.23	107
0.0	89.51	48	0.23	96
0.0	90.01	60	0.23	98
0.0	90.26	38	0.23	99
0.0	90.51	36	0.23	101
0.0	90.76	58	0.23	102
0.0	91.01	45	0.23	104
0.0	91.26	34	0.23	105
0.0	91.51	45	0.23	107
0.0	91.76	31	0.23	109
0.0	92.01	53	0.75	117
0.0	92.76	86	0.23	90
0.0	93.01	57	0.23	72
0.0	93.51	62	0.23	66
0.0	94.01	93	0.23	89
0.0	94.26	53	0.27	103
0.0	94.76	56	0.27	107
0.0	95.27	56	0.26	110
0.0	95.76	86	0.23	87
0.0	96.02	93	0.23	89
0.0	96.52	72	0.28	66
0.0	97.02	96	0.23	89
0.0	97.52	72	0.23	66
0.0	98.02	60	0.23	116
0.0	98.52	62	0.23	66
0.0	99.02	41	0.23	110
0.0	99.52	74	0.23	77
0.0	100.02	63	0.75	120
0.0	100.77	89	0.23	87
0.0	101.02	60	0.23	116
0.0	101.52	70	0.23	65
0.0	102.02	95	0.23	87
0.0	102.27	50	0.25	110
0.0	102.52	60	0.38	116
0.0	103.02	59	0.23	83
0.0	103.27	66	0.23	71
0.0	103.53	84	0.23	77
0.0	103.78	38	0.24	108
0.0	104.02	60	0.23	116
0.0	104.53	82	0.23	77
0.0	104.78	66	0.23	82
0.0	105.03	54	0.23	83
0.0	105.28	38	0.25	110
0.0	105.53	84	0.23	77
0.0	106.03	59	0.23	83
0.0	106.28	89	0.23	87
0.0	106.53	71	0.23	65
0.0	106.78	62	0.25	111
0.0	107.03	54	0.23	83
0.0	107.53	63	0.75	115
0.0	108.28	38	0.25	110
0.0	108.53	48	0.23	115
0.0	108.78	95	0.23	87
0.0	109.03	34	0.23	120
0.0	109.28	71	0.23	65
0.0	109.53	53	0.23	79
0.0	109.78	58	0.25	111
0.0	110.03	60	0.25	111
0.0	110.28	62	0.25	112
0.0	110.53	94	0.23	93
0.0	110.78	65	0.23	68
0.0	111.03	60	0.24	114
0.0	111.28	58	0.25	115
0.0	111.53	57	0.26	115
0.0	112.03	58	0.24	117
0.0	112.27	56	0.26	117
0.0	112.78	45	0.25	119
0.0	113.03	82	0.23	75
0.0	113.28	54	0.25	120
0.0	113.53	53	0.75	126
0.0	114.28	57	0.12	117
0.0	114.53	36	0.23	118
0.0	115.03	65	0.23	121
0.0	115.53	56	1.0	123
0.0	116.53	67	0.23	120
0.0	117.03	65	0.23	120
0.0	117.53	81	0.25	81
0.0	117.78	65	0.25	81
0.0	118.04	69	0.24	81
0.0	118.28	74	0.25	102
0.0	118.53	73	0.24	103
0.0	118.77	72	0.25	104
0.0	119.02	45	0.24	105
0.0	119.27	72	0.25	105
0.0	119.52	58	0.24	81
0.0	119.76	75	0.25	107
0.0	120.01	52	0.24	108
0.0	120.25	79	0.25	109
0.0	120.5	53	0.26	110
0.0	120.76	57	0.25	111
0.0	121.01	64	0.24	81
0.0	121.25	84	0.26	113
0.0	121.51	72	0.38	78
0.0	122.01	87	0.25	109
0.0	122.26	83	0.13	110
0.0	122.51	45	0.75	121
0.0	123.51	60	0.45	100
0.0	124.01	80	0.25	109
0.0	124.26	88	0.13	110
0.0	124.51	45	0.75	121
0.0	125.51	69	0.25	98
0.0	125.76	79	0.25	93
0.0	126.01	69	0.25	93
0.0	126.26	62	0.25	93
0.0	126.51	65	0.25	93
0.0	126.76	67	0.25	93
0.0	127.01	65	0.25	93
0.0	127.26	64	0.25	93
0.0	127.51	70	0.23	103
0.0	128.01	59	0.12	95
0.0	128.27	52	0.11	91
0.0	128.51	59	0.21	101
0.0	129.02	57	0.19	91
0.0	129.51	70	0.34	117
0.0	129.85	74	0.17	86
0.0	130.02	69	0.17	104
0.0	130.18	76	0.17	87
0.0	130.35	67	0.17	106
0.0	130.52	78	0.17	89
0.0	130.68	79	0.17	90
0.0	130.85	64	0.88	109
0.0	131.73	64	0.89	99
0.0	132.63	64	0.49	102
0.0	133.18	50	0.17	115
0.0	133.35	94	0.08	112
0.0	133.43	95	0.08	113
0.0	133.52	57	0.23	122
0.0	133.77	86	0.23	103
0.0	134.03	65	0.22	65
0.0	134.28	86	0.23	90
0.0	134.53	36	0.23	110
0.0	135.03	62	0.23	66
0.0	135.53	93	0.23	89
0.0	135.78	53	0.26	103
0.0	136.28	68	0.26	107
0.0	136.78	60	0.23	83
0.0	137.03	65	0.23	66
0.0	137.28	71	0.26	114
0.0	138.03	84	0.23	77
0.0	138.28	74	0.27	110
0.0	139.03	62	0.23	66
0.0	139.53	93	0.23	89
0.0	139.78	45	0.13	114
0.0	140.03	72	0.23	66
0.0	140.28	57	0.13	113
0.0	140.53	41	0.23	113
0.0	141.03	64	0.23	110
0.0	141.53	94	0.23	87
0.0	142.03	84	0.23	77
0.0	142.28	50	0.26	110
0.0	142.53	60	0.23	116
0.0	143.03	63	0.76	120
0.0	143.78	38	0.25	110
0.0	144.03	60	0.23	116
0.0	144.28	95	0.23	87
0.0	144.53	63	0.75	120
0.0	145.28	38	0.25	110
0.0	145.53	60	0.23	116
0.0	146.03	63	0.75	120
0.0	146.78	96	0.23	87
0.0	147.03	60	0.23	116
0.0	147.28	71	0.23	65
0.0	147.53	63	0.75	120
0.0	148.28	38	0.25	110
0.0	148.53	54	0.23	83
0.0	149.03	63	0.75	120
0.0	149.78	62	0.26	110
0.0	150.04	60	0.23	116
0.0	150.28	95	0.23	87
0.0	150.53	63	0.75	120
0.0	151.28	62	0.26	110
0.0	151.54	60	0.23	116
0.0	151.79	70	0.23	65
0.0	152.04	58	0.23	83
0.0	152.29	62	0.18	114
0.0	152.54	71	0.23	65
0.0	152.79	63	0.18	114
0.0	153.04	62	0.18	114
0.0	153.29	36	0.19	114
0.0	153.54	71	0.23	65
0.0	153.79	95	0.23	87
0.0	154.04	36	0.19	114
0.0	154.29	82	0.23	77
0.0	154.54	66	0.23	82
0.0	154.79	95	0.23	87
0.0	155.04	89	0.23	87
0.0	155.29	72	0.23	65
0.0	155.54	96	0.23	87
0.0	155.79	66	0.23	71
0.0	156.04	72	0.23	65
0.0	156.29	66	0.23	82
0.0	156.54	48	0.23	116
0.0	157.04	70	0.23	65
0.0	157.29	54	0.23	83
0.0	157.79	38	0.26	110
0.0	158.05	36	0.23	116
0.0	158.3	76	0.22	87
0.0	158.54	51	0.18	114
0.0	158.78	38	0.19	114
0.0	159.03	60	0.18	114
0.0	159.28	39	0.19	114
0.0	159.53	38	0.18	114
0.0	159.77	36	0.18	114
0.0	160.02	63	0.74	115
0.0	160.76	50	0.25	110
0.0	161.01	48	0.23	115
0.0	161.51	72	0.23	65
0.0	162.02	57	0.24	122
0.0	162.26	89	0.23	75
0.0	162.51	69	0.23	81
0.0	162.76	62	0.25	112
0.0	163.01	94	0.23	93
0.0	163.26	65	0.23	68
0.0	163.51	60	0.25	114
0.0	163.76	65	0.23	68
0.0	164.01	60	0.23	68
0.0	164.26	59	0.25	116
0.0	164.51	87	0.23	79
0.0	164.76	89	0.23	75
0.0	165.01	60	0.23	68
0.0	165.26	57	0.25	119
0.0	165.51	68	0.23	81
0.0	165.76	65	0.23	68
0.0	166.01	65	0.24	74
0.0	166.26	77	0.24	71
0.0	166.76	45	0.12	117
0.0	167.01	60	0.23	118
0.0	167.51	72	0.24	75
0.0	168.01	43	1.05	123
0.0	169.51	72	0.24	75
0.0	170.01	46	0.45	114
0.0	170.51	66	0.23	75
0.0	170.76	67	0.23	76
0.0	171.01	68	0.23	78
0.0	171.26	67	0.23	80
0.0	171.51	70	0.23	81
0.0	171.76	71	0.23	83
0.0	172.01	77	0.17	93
0.0	172.18	82	0.17	94
0.0	172.34	79	0.17	96
0.0	172.51	72	0.23	88
0.0	172.76	75	0.23	89
0.0	173.01	76	0.16	91
0.0	173.21	75	0.16	93
0.0	173.41	74	0.16	96
0.0	173.61	75	0.16	99
0.0	173.81	76	0.16	102
0.0	174.01	74	0.23	111
0.0	174.5	100	0.98	124
0.0	3.59	36	0.09	108
0.0	3.79	84	0.09	107
0.0	4.0	84	1.47	112
0.0	5.5	72	0.11	107
0.0	5.75	60	0.11	100
0.0	6.0	48	1.47	108
0.0	7.5	72	0.11	107
0.0	7.75	84	0.11	107
0.0	8.0	60	0.23	106
0.0	8.5	52	0.23	108
0.0	9.0	60	0.23	107
0.0	9.25	84	0.11	107
0.0	9.5	72	0.23	112
0.0	9.75	66	0.12	100
0.0	10.0	67	0.23	110
0.0	10.25	84	0.12	107
0.0	10.5	84	0.23	111
0.0	10.75	68	0.12	100
0.0	11.0	60	0.23	110
0.0	11.25	72	0.12	107
0.0	11.5	84	0.23	113
0.0	11.75	66	0.12	100
0.0	12.0	58	1.26	111
0.0	13.26	80	0.26	108
0.0	13.52	78	0.25	109
0.0	13.77	85	0.25	110
0.0	14.02	32	0.25	107
0.0	14.27	69	0.25	102
0.0	14.52	85	0.25	113
0.0	14.77	67	0.25	105
0.0	15.02	87	0.25	115
0.0	15.27	88	0.25	116
0.0	15.52	89	0.25	117
0.0	15.77	90	0.25	118
0.0	16.02	91	0.45	122
0.0	20.02	96	0.23	110
0.0	20.53	93	0.23	100
0.0	21.03	89	0.23	100
0.0	21.53	72	0.23	81
0.0	22.03	84	0.23	107
0.0	22.53	65	0.23	100
0.0	23.03	74	1.0	105
0.0	24.03	84	0.23	108
0.0	24.53	62	0.12	78
0.0	24.78	77	0.12	80
0.0	25.03	74	1.0	106
0.0	26.03	70	0.25	100
0.0	26.53	48	0.12	78
0.0	26.78	48	0.12	78
0.0	27.03	84	0.23	111
0.0	27.53	67	0.18	98
0.0	27.7	93	0.17	100
0.0	28.03	34	1.5	116
0.0	29.53	74	0.23	83
0.0	30.03	31	2.0	107
0.0	32.03	70	0.25	109
0.0	32.28	46	0.25	91
0.0	32.53	78	0.25	100
0.0	32.78	77	0.25	100
0.0	33.03	88	0.25	100
0.0	33.28	87	0.25	100
0.0	33.53	86	0.25	100
0.0	33.78	73	0.25	100
0.0	34.03	58	0.24	93
0.0	34.28	83	0.25	100
0.0	34.53	82	0.24	100
0.0	34.77	65	0.25	100
0.0	35.02	80	0.22	106
0.0	36.0	96	0.23	110
0.0	36.49	77	0.23	81
0.0	36.99	89	0.23	100
0.0	37.5	72	0.23	81
0.0	38.0	84	0.23	107
0.0	38.5	84	0.23	81
0.0	39.0	36	0.23	95
0.0	39.5	77	0.23	80
0.0	40.0	41	0.23	104
0.0	40.5	63	0.23	79
0.0	41.0	86	0.25	102
0.0	41.5	57	0.23	79
0.0	42.0	103	0.23	110
0.0	42.5	62	0.23	79
0.0	43.0	89	1.0	108
0.0	44.0	70	0.23	83
0.0	44.26	89	0.24	92
0.0	44.5	101	0.25	100
0.0	44.75	97	0.26	100
0.0	45.01	94	0.25	100
0.0	45.26	69	0.23	83
0.0	45.5	85	0.26	92
0.0	45.76	82	0.25	92
0.0	46.01	36	1.8	111
0.0	48.01	84	0.25	100
0.0	48.26	66	0.23	92
0.0	48.51	48	0.23	106
0.0	48.76	86	0.25	100
0.0	49.01	72	0.23	105
0.0	49.26	67	0.23	101
0.0	49.51	88	0.25	100
0.0	49.76	84	0.25	92
0.0	50.01	74	0.23	107
0.0	50.51	89	0.23	108
0.0	51.01	65	0.33	109
0.0	51.51	59	0.17	110
0.0	51.67	60	0.18	112
0.0	51.85	59	0.16	112
0.0	52.01	50	0.18	113
0.0	52.18	52	0.16	113
0.0	52.34	55	0.18	114
0.0	52.52	46	0.16	115
0.0	52.67	46	0.18	115
0.0	52.85	98	0.16	105
0.0	53.01	96	0.23	110
0.0	53.52	93	0.23	100
0.0	54.02	77	0.23	100
0.0	54.52	72	0.23	81
0.0	55.02	84	0.23	107
0.0	55.52	65	0.23	100
0.0	56.02	24	0.23	95
0.0	56.52	67	0.23	79
0.0	57.02	84	0.23	108
0.0	57.52	68	0.23	100
0.0	57.77	77	0.11	80
0.0	58.02	74	1.0	106
0.0	59.02	58	0.25	100
0.0	59.52	72	0.25	102
0.0	59.77	48	0.12	78
0.0	60.02	84	0.23	111
0.0	60.52	77	0.23	78
0.0	61.02	89	0.23	112
0.0	61.52	55	0.23	77
0.0	62.02	89	0.23	105
0.0	62.52	60	0.23	77
0.0	63.02	31	2.0	122
0.0	65.02	70	0.25	109
0.0	65.27	81	0.25	100
0.0	65.52	78	0.25	100
0.0	65.77	67	0.25	100
0.0	66.02	88	0.25	100
0.0	66.27	87	0.25	100
0.0	66.52	86	0.25	100
0.0	66.77	73	0.25	100
0.0	67.02	65	0.25	100
0.0	67.27	62	0.25	93
0.0	67.52	82	0.25	100
0.0	67.77	69	0.25	100
0.0	68.02	48	0.23	113
0.0	69.03	96	0.23	110
0.0	69.52	57	0.23	79
0.0	70.03	36	0.23	95
0.0	70.53	84	0.23	81
0.0	71.03	84	0.23	107
0.0	71.53	84	0.23	81
0.0	72.03	74	1.0	105
0.0	73.03	41	0.23	104
0.0	73.53	63	0.23	79
0.0	74.03	98	0.25	102
0.0	74.53	63	0.23	79
0.0	75.03	103	0.23	110
0.0	75.53	72	0.23	81
0.0	76.03	77	0.98	108
0.0	77.26	89	0.25	92
0.0	77.51	65	0.22	78
0.0	77.75	89	0.25	92
0.0	78.0	94	0.24	100
0.0	78.24	76	0.23	91
0.0	78.49	85	0.26	92
0.0	78.99	24	1.81	111
0.0	81.0	84	0.25	100
0.0	81.25	66	0.23	92
0.0	81.5	48	0.23	106
0.0	81.75	69	0.23	96
0.0	82.0	88	0.25	100
0.0	82.25	76	0.25	92
0.0	82.5	60	0.23	107
0.0	82.75	76	0.23	106
0.0	83.0	74	0.23	107
0.0	83.5	72	0.23	96
0.0	84.0	75	0.68	122
0.0	85.0	62	0.23	107
0.0	85.5	60	0.23	96
0.0	86.0	82	0.68	120
0.0	87.01	40	0.68	122
0.0	88.01	65	0.68	120
0.0	89.01	67	0.23	113
0.0	89.51	41	0.23	87
0.0	91.01	33	0.23	104
0.0	91.29	79	0.04	93
0.0	91.37	81	0.04	94
0.0	91.43	83	0.04	96
0.0	91.51	33	0.23	107
0.0	91.79	91	0.04	106
0.0	91.87	93	0.04	108
0.0	91.93	95	0.04	109
0.0	92.01	57	0.23	90
0.0	92.26	60	0.23	82
0.0	92.51	72	0.23	65
0.0	92.76	60	0.23	82
0.0	93.01	53	0.23	72
0.0	93.51	72	0.23	66
0.0	94.01	54	0.27	114
0.0	94.52	55	0.26	105
0.0	95.01	69	0.27	109
0.0	95.52	58	0.26	112
0.0	96.02	96	0.23	89
0.0	96.52	65	0.23	66
0.0	96.77	60	0.23	83
0.0	97.02	93	0.23	89
0.0	97.52	65	0.23	117
0.0	98.02	72	0.23	116
0.0	98.52	74	0.23	77
0.0	99.02	53	0.23	110
0.0	99.52	81	0.23	77
0.0	100.02	59	0.23	83
0.0	100.27	89	0.23	87
0.0	100.52	71	0.23	65
0.0	100.77	38	0.25	110
0.0	101.02	59	0.23	83
0.0	101.52	72	0.23	65
0.0	102.02	54	0.23	83
0.0	102.27	62	0.25	110
0.0	102.52	70	0.23	65
0.0	103.02	54	0.23	83
0.0	103.27	89	0.23	87
0.0	103.53	82	0.23	77
0.0	103.78	50	0.24	108
0.0	104.02	59	0.23	83
0.0	104.53	51	0.75	116
0.0	105.28	66	0.23	71
0.0	105.53	36	0.23	115
0.0	106.03	39	0.75	115
0.0	106.78	66	0.23	82
0.0	107.03	95	0.23	87
0.0	107.53	71	0.23	65
0.0	107.78	58	0.23	83
0.0	108.03	89	0.23	87
0.0	108.28	71	0.23	65
0.0	108.53	72	0.23	65
0.0	108.78	96	0.23	87
0.0	109.03	58	0.23	120
0.0	109.28	70	0.23	65
0.0	109.53	57	0.25	122
0.0	109.78	65	0.23	68
0.0	110.03	72	0.23	81
0.0	110.28	65	0.23	68
0.0	110.53	99	0.23	93
0.0	110.78	47	0.26	113
0.0	111.28	65	0.23	68
0.0	111.53	60	0.23	68
0.0	111.78	35	0.25	116
0.0	112.03	68	0.23	80
0.0	112.27	63	0.23	68
0.0	112.53	94	0.23	97
0.0	112.78	33	0.25	119
0.0	113.03	84	0.23	75
0.0	113.28	65	0.23	68
0.0	113.53	57	0.23	68
0.0	113.78	60	0.23	68
0.0	114.03	62	0.23	84
0.0	114.28	45	0.12	117
0.0	114.53	48	0.23	118
0.0	115.03	53	0.23	121
0.0	115.53	65	0.23	81
0.0	115.78	70	0.23	67
0.0	116.03	77	0.23	75
0.0	116.28	80	0.23	75
0.0	116.53	55	0.23	120
0.0	117.03	69	0.23	86
0.0	117.53	57	0.25	99
0.0	117.78	58	0.26	100
0.0	118.04	59	0.24	101
0.0	118.28	64	0.24	72
0.0	118.53	63	0.24	72
0.0	118.77	62	0.24	81
0.0	119.02	63	0.24	73
0.0	119.27	62	0.24	81
0.0	119.52	62	0.24	106
0.0	119.76	59	0.24	74
0.0	120.01	64	0.24	108
0.0	120.25	59	0.25	74
0.0	120.76	69	0.25	111
0.0	121.01	71	0.24	112
0.0	121.25	63	0.25	81
0.0	121.51	64	0.38	110
0.0	122.01	80	0.25	109
0.0	122.26	76	0.13	110
0.0	122.51	57	0.75	121
0.0	123.51	76	0.38	90
0.0	124.01	87	0.25	109
0.0	124.26	81	0.13	110
0.0	124.51	57	0.75	121
0.0	125.51	88	0.25	111
0.0	125.76	65	0.25	93
0.0	126.01	64	0.25	93
0.0	126.26	76	0.25	93
0.0	126.51	60	0.25	93
0.0	126.76	62	0.25	93
0.0	127.01	60	0.25	93
0.0	127.26	59	0.25	93
0.0	127.51	57	0.23	103
0.0	128.01	64	0.12	88
0.0	128.27	64	0.11	88
0.0	128.51	64	0.21	94
0.0	129.02	64	0.19	88
0.0	129.51	54	3.01	118
0.0	132.52	33	0.25	111
0.0	132.77	87	0.08	107
0.0	132.85	92	0.17	110
0.0	133.02	90	0.08	109
0.0	133.1	91	0.08	110
0.0	133.18	94	0.17	114
0.0	133.35	49	0.11	117
0.0	133.52	93	0.23	122
0.0	133.77	60	0.23	103
0.0	134.03	72	0.22	65
0.0	134.28	33	0.11	108
0.0	134.53	53	0.23	72
0.0	135.03	72	0.23	66
0.0	135.53	54	0.26	114
0.0	136.03	65	0.23	66
0.0	136.28	60	0.23	83
0.0	136.53	45	0.26	109
0.0	137.03	62	0.23	66
0.0	137.28	86	0.23	87
0.0	137.53	48	0.79	116
0.0	138.53	52	0.23	113
0.0	139.03	72	0.23	66
0.0	139.53	96	0.23	89
0.0	139.78	57	0.13	114
0.0	140.03	84	0.23	77
0.0	140.28	86	0.23	87
0.0	140.53	53	0.23	113
0.0	141.03	62	0.23	66
0.0	141.53	39	0.75	120
0.0	142.28	38	0.26	110
0.0	142.53	58	0.23	83
0.0	143.03	71	0.23	65
0.0	143.28	54	0.23	83
0.0	143.53	89	0.23	87
0.0	143.78	71	0.23	65
0.0	144.03	36	0.23	116
0.0	144.28	94	0.23	87
0.0	144.53	51	0.75	120
0.0	145.28	66	0.23	71
0.0	145.53	71	0.23	65
0.0	146.03	58	0.23	83
0.0	146.28	66	0.23	71
0.0	146.53	84	0.23	77
0.0	146.78	50	0.25	110
0.0	147.03	66	0.23	71
0.0	147.28	70	0.23	65
0.0	147.53	51	0.75	120
0.0	148.28	71	0.23	65
0.0	148.53	48	0.23	116
0.0	149.03	71	0.23	65
0.0	149.28	66	0.23	82
0.0	149.53	94	0.23	87
0.0	149.78	66	0.23	71
0.0	150.04	71	0.23	65
0.0	150.28	96	0.23	87
0.0	150.53	66	0.23	71
0.0	150.79	71	0.23	65
0.0	151.04	89	0.23	87
0.0	151.28	95	0.23	87
0.0	151.54	66	0.23	71
0.0	151.79	82	0.23	77
0.0	152.04	96	0.23	87
0.0	152.29	89	0.23	87
0.0	152.54	82	0.23	77
0.0	152.79	66	0.23	82
0.0	153.04	58	0.23	83
0.0	153.29	48	0.19	114
0.0	153.54	72	0.23	65
0.0	153.79	96	0.23	87
0.0	154.04	48	0.19	114
0.0	154.29	51	0.38	120
0.0	154.79	96	0.23	87
0.0	155.04	36	0.38	120
0.0	155.54	51	0.75	120
0.0	156.29	89	0.23	87
0.0	156.54	54	0.23	83
0.0	157.04	82	0.23	77
0.0	157.29	96	0.23	87
0.0	157.79	50	0.26	110
0.0	158.05	67	0.23	81
0.0	158.54	54	0.23	83
0.0	158.78	50	0.19	114
0.0	159.03	70	0.22	77
0.0	159.28	84	0.23	80
0.0	159.53	89	0.22	80
0.0	159.77	48	0.18	114
0.0	160.02	58	0.23	83
0.0	160.26	66	0.23	71
0.0	160.52	84	0.23	77
0.0	160.76	89	0.23	87
0.0	161.01	54	0.23	83
0.0	161.51	34	0.23	120
0.0	162.02	53	0.22	79
0.0	162.26	34	0.25	111
0.0	162.51	60	0.25	111
0.0	162.76	65	0.23	68
0.0	163.01	61	0.25	113
0.0	163.26	47	0.25	113
0.0	163.51	68	0.23	79
0.0	163.76	46	0.25	115
0.0	164.01	57	0.25	115
0.0	164.26	47	0.25	116
0.0	164.51	84	0.23	79
0.0	164.76	32	0.25	117
0.0	165.01	43	0.25	118
0.0	165.26	33	0.25	119
0.0	165.51	75	0.23	81
0.0	165.76	42	0.25	120
0.0	166.01	72	0.24	74
0.0	166.76	81	0.24	71
0.0	167.01	89	0.24	83
0.0	167.51	39	0.23	121
0.0	168.01	77	0.24	84
0.0	168.26	84	0.24	78
0.0	168.51	79	0.24	79
0.0	168.76	72	0.24	72
0.0	169.01	66	0.23	120
0.0	169.51	64	0.24	75
0.0	170.01	34	0.45	114
0.0	170.51	77	0.17	79
0.0	170.68	70	0.17	80
0.0	170.84	77	0.17	82
0.0	171.01	74	0.17	83
0.0	171.18	79	0.17	85
0.0	171.34	74	0.17	86
0.0	171.51	68	0.23	81
0.0	171.76	69	0.23	83
0.0	172.01	86	0.14	103
0.0	172.15	89	0.14	104
0.0	172.29	90	0.14	105
0.0	172.43	91	0.14	107
0.0	172.58	92	0.14	108
0.0	172.87	93	0.14	110
0.0	173.01	94	0.14	112
0.0	173.15	95	0.14	113
0.0	173.29	96	0.14	114
0.0	173.43	97	0.14	116
0.0	173.61	77	0.16	99
0.0	173.86	100	0.14	119
0.0	174.01	67	0.23	111
0.0	174.5	53	0.98	111
0.0	3.59	72	0.09	107
0.0	3.79	60	0.09	100
0.0	4.0	48	1.47	107
0.0	5.5	48	0.11	100
0.0	5.75	72	0.11	107
0.0	6.0	72	1.47	113
0.0	7.5	36	0.11	108
0.0	7.75	36	0.11	108
0.0	8.0	48	0.12	100
0.0	8.5	36	0.11	108
0.0	9.0	50	0.12	100
0.0	9.25	72	0.11	107
0.0	9.5	84	0.23	112
0.0	10.0	52	0.12	100
0.0	10.25	72	0.12	107
0.0	10.5	52	0.23	108
0.0	11.0	53	0.12	100
0.0	11.25	84	0.12	107
0.0	11.5	72	0.23	113
0.0	12.0	60	1.26	117
0.0	13.26	68	0.26	98
0.0	13.52	81	0.25	109
0.0	13.77	70	0.25	100
0.0	14.02	60	0.25	101
0.0	14.27	77	0.25	112
0.0	14.52	82	0.25	113
0.0	14.77	48	0.25	104
0.0	15.02	84	0.25	115
0.0	15.27	85	0.25	116
0.0	15.52	86	0.25	117
0.0	15.77	87	0.25	118
0.0	16.02	88	0.45	122
0.0	20.02	53	0.23	107
0.0	20.53	72	0.23	81
0.0	21.03	48	0.23	95
0.0	21.53	84	0.23	81
0.0	22.03	53	0.23	104
0.0	22.53	77	0.23	81
0.0	23.03	24	0.23	95
0.0	23.53	57	0.23	79
0.0	24.03	72	0.23	108
0.0	24.53	57	0.12	78
0.0	24.78	67	0.12	78
0.0	25.03	35	0.23	95
0.0	25.53	77	0.23	79
0.0	26.03	29	0.23	101
0.0	26.53	62	0.12	78
0.0	26.78	62	0.12	78
0.0	27.03	72	0.23	111
0.0	27.53	57	0.23	78
0.0	28.03	46	1.5	116
0.0	29.53	65	0.23	83
0.0	30.03	43	2.0	107
0.0	32.03	43	0.25	98
0.0	32.28	55	0.25	91
0.0	32.53	50	0.25	98
0.0	32.78	70	0.25	100
0.0	33.03	76	0.25	100
0.0	33.28	75	0.25	100
0.0	33.53	74	0.25	100
0.0	33.78	55	0.25	103
0.0	34.03	67	0.24	93
0.0	34.28	71	0.25	100
0.0	34.53	70	0.24	100
0.0	34.77	47	0.25	107
0.0	35.02	36	0.22	113
0.0	36.0	53	0.23	107
0.0	36.49	84	0.23	81
0.0	36.99	77	0.23	100
0.0	37.5	84	0.23	81
0.0	38.0	53	0.23	104
0.0	38.5	72	0.23	81
0.0	39.0	48	0.23	95
0.0	39.5	72	0.23	80
0.0	40.0	53	0.23	104
0.0	40.5	57	0.23	79
0.0	41.0	29	0.23	95
0.0	41.5	100	0.25	106
0.0	42.0	91	0.23	110
0.0	42.5	57	0.23	79
0.0	43.0	77	1.0	108
0.0	44.0	94	0.26	100
0.0	44.26	73	0.23	83
0.0	44.5	85	0.23	91
0.0	44.75	82	0.23	91
0.0	45.01	77	0.23	91
0.0	45.26	93	0.24	100
0.0	45.5	94	0.26	100
0.0	45.76	73	0.23	92
0.0	46.01	81	0.25	92
0.0	46.26	84	0.25	92
0.0	46.51	89	0.25	92
0.0	46.76	69	0.23	83
0.0	47.01	89	0.25	100
0.0	47.26	73	0.23	93
0.0	47.51	74	0.23	93
0.0	47.76	62	0.23	82
0.0	48.01	55	0.23	115
0.0	48.51	60	0.23	82
0.0	49.01	64	0.23	89
0.0	49.51	60	0.23	107
0.0	50.01	82	0.23	107
0.0	51.01	71	0.17	109
0.0	51.18	59	0.17	109
0.0	51.34	59	0.17	110
0.0	51.51	64	0.17	110
0.0	51.67	57	0.18	112
0.0	51.85	52	0.16	112
0.0	52.01	56	0.18	113
0.0	52.18	50	0.16	113
0.0	52.34	50	0.18	114
0.0	52.52	49	0.16	115
0.0	52.67	50	0.18	115
0.0	52.85	86	0.16	105
0.0	53.01	84	0.23	110
0.0	53.52	72	0.23	81
0.0	54.02	89	0.23	100
0.0	54.52	84	0.23	81
0.0	55.02	72	0.23	107
0.0	55.52	62	0.23	79
0.0	56.02	36	0.23	95
0.0	56.52	57	0.23	79
0.0	57.02	72	0.23	108
0.0	57.52	77	0.12	80
0.0	57.77	67	0.11	78
0.0	58.02	35	0.23	95
0.0	58.52	57	0.23	78
0.0	59.02	41	0.23	112
0.0	59.52	62	0.12	78
0.0	59.77	62	0.12	78
0.0	60.02	65	0.23	95
0.0	60.52	91	0.17	98
0.0	60.68	93	0.18	100
0.0	61.02	77	0.23	112
0.0	61.52	50	0.23	77
0.0	62.02	77	0.23	105
0.0	62.52	50	0.23	77
0.0	63.02	43	2.0	122
0.0	65.02	43	0.25	98
0.0	65.27	79	0.25	100
0.0	65.52	50	0.25	98
0.0	65.77	52	0.25	91
0.0	66.02	76	0.25	100
0.0	66.27	75	0.25	100
0.0	66.52	74	0.25	100
0.0	66.77	55	0.25	103
0.0	67.02	68	0.25	100
0.0	67.27	83	0.25	100
0.0	67.52	70	0.25	100
0.0	67.77	58	0.25	90
0.0	68.02	80	0.23	106
0.0	69.03	84	0.23	110
0.0	69.52	72	0.23	81
0.0	70.03	48	0.23	95
0.0	70.53	86	0.23	100
0.0	71.03	72	0.23	107
0.0	71.53	72	0.23	81
0.0	72.03	24	0.23	95
0.0	72.53	57	0.23	79
0.0	73.03	53	0.23	104
0.0	73.53	57	0.23	79
0.0	74.03	53	0.23	95
0.0	74.53	67	0.23	79
0.0	75.03	91	0.23	110
0.0	75.53	82	0.23	81
0.0	76.03	89	0.98	108
0.0	77.26	97	0.25	100
0.0	77.51	58	0.22	78
0.0	77.75	97	0.25	100
0.0	78.0	85	0.24	92
0.0	78.24	69	0.23	83
0.0	78.49	94	0.26	100
0.0	78.99	81	0.25	92
0.0	79.24	93	0.26	100
0.0	79.75	93	0.25	100
0.0	80.0	65	0.23	82
0.0	80.25	64	0.23	82
0.0	80.5	89	0.25	100
0.0	80.75	62	0.23	82
0.0	81.0	60	0.23	82
0.0	81.5	60	0.23	82
0.0	82.0	72	0.23	105
0.0	82.5	64	0.23	95
0.0	84.0	69	0.68	122
0.0	86.0	81	0.68	120
0.0	87.01	36	0.68	122
0.0	88.01	58	0.68	120
0.0	92.01	93	0.23	116
0.0	92.26	86	0.23	92
0.0	92.51	62	0.23	65
0.0	92.76	57	0.12	108
0.0	93.01	36	0.23	110
0.0	93.51	65	0.23	116
0.0	94.01	53	0.23	72
0.0	94.26	65	0.26	103
0.0	94.76	68	0.27	107
0.0	95.27	68	0.26	110
0.0	95.76	47	0.27	114
0.0	96.52	69	0.23	66
0.0	96.77	50	0.26	110
0.0	97.52	69	0.23	66
0.0	98.02	57	0.23	72
0.0	98.52	84	0.23	77
0.0	99.02	57	0.23	72
0.0	99.52	77	0.23	77
0.0	100.02	54	0.23	83
0.0	100.27	66	0.23	71
0.0	100.52	72	0.23	65
0.0	100.77	50	0.25	110
0.0	101.02	54	0.23	83
0.0	101.52	71	0.23	65
0.0	102.02	59	0.23	83
0.0	102.27	66	0.23	71
0.0	102.52	48	0.38	116
0.0	103.02	95	0.23	87
0.0	103.53	70	0.23	65
0.0	103.78	62	0.24	108
0.0	104.02	54	0.23	83
0.0	104.53	70	0.23	65
0.0	105.03	95	0.23	87
0.0	105.28	89	0.23	87
0.0	105.53	48	0.23	115
0.0	106.03	94	0.23	87
0.0	106.28	66	0.23	71
0.0	106.53	84	0.23	77
0.0	106.78	89	0.23	87
0.0	107.03	96	0.23	87
0.0	107.53	72	0.23	65
0.0	107.78	94	0.23	87
0.0	108.03	66	0.23	71
0.0	108.28	72	0.23	65
0.0	108.53	70	0.23	65
0.0	108.78	94	0.23	87
0.0	109.03	46	0.23	120
0.0	109.28	72	0.23	65
0.0	109.53	45	0.25	122
0.0	109.78	89	0.23	75
0.0	110.03	74	0.23	81
0.0	110.28	89	0.23	75
0.0	110.53	37	0.25	113
0.0	110.78	59	0.26	113
0.0	111.28	89	0.23	75
0.0	111.53	92	0.23	93
0.0	111.78	47	0.25	116
0.0	112.03	72	0.23	80
0.0	112.27	89	0.23	75
0.0	112.53	31	0.25	118
0.0	112.78	65	0.23	68
0.0	113.03	68	0.23	81
0.0	113.28	89	0.23	75
0.0	113.53	93	0.23	92
0.0	113.78	86	0.23	75
0.0	114.03	84	0.23	75
0.0	114.28	33	0.12	117
0.0	114.53	60	0.23	118
0.0	115.03	41	0.23	121
0.0	115.53	60	0.23	81
0.0	115.78	82	0.23	75
0.0	116.03	72	0.23	67
0.0	116.53	43	0.23	120
0.0	117.03	72	0.23	75
0.0	117.53	79	0.25	72
0.0	117.78	76	0.25	72
0.0	118.04	79	0.24	72
0.0	118.28	76	0.24	72
0.0	118.53	75	0.24	72
0.0	118.77	74	0.24	81
0.0	119.02	77	0.24	81
0.0	119.27	74	0.24	81
0.0	119.52	69	0.24	73
0.0	119.76	71	0.24	74
0.0	120.01	76	0.24	108
0.0	120.25	71	0.25	74
0.0	120.76	81	0.25	111
0.0	121.01	83	0.24	112
0.0	121.25	75	0.25	81
0.0	121.51	76	0.38	105
0.0	122.01	66	0.25	116
0.0	122.26	69	0.13	119
0.0	122.51	48	0.75	121
0.0	123.51	57	0.25	97
0.0	123.76	74	0.25	107
0.0	124.01	62	0.25	106
0.0	124.26	69	0.13	119
0.0	124.51	48	0.75	121
0.0	125.51	83	0.25	107
0.0	125.76	70	0.25	93
0.0	126.01	78	0.25	93
0.0	126.26	81	0.25	100
0.0	126.51	74	0.25	93
0.0	126.76	76	0.25	93
0.0	127.01	74	0.25	93
0.0	127.26	73	0.25	93
0.0	127.51	33	0.23	101
0.0	128.01	60	0.12	88
0.0	128.27	59	0.11	95
0.0	128.51	60	0.21	94
0.0	129.02	59	0.19	94
0.0	129.51	48	2.01	119
0.0	131.6	73	0.08	97
0.0	131.68	85	0.17	96
0.0	131.85	76	0.08	99
0.0	131.93	77	0.08	100
0.0	132.02	69	0.05	107
0.0	132.07	70	0.23	109
0.0	132.29	70	0.83	109
0.0	133.27	93	0.08	111
0.0	133.35	95	0.08	116
0.0	133.52	29	0.76	124
0.0	134.28	57	0.11	108
0.0	134.53	57	0.23	72
0.0	135.03	65	0.23	116
0.0	135.53	53	0.23	72
0.0	135.78	65	0.25	103
0.0	136.03	62	0.23	66
0.0	136.28	86	0.23	87
0.0	136.53	69	0.26	109
0.0	137.03	69	0.23	66
0.0	137.28	60	0.23	83
0.0	137.53	72	0.5	116
0.0	138.03	69	0.23	66
0.0	138.28	60	0.23	83
0.0	138.53	64	0.23	113
0.0	139.03	65	0.23	117
0.0	139.53	48	0.13	114
0.0	139.78	69	0.13	114
0.0	140.03	74	0.23	77
0.0	140.28	45	0.13	113
0.0	140.53	57	0.23	72
0.0	141.03	72	0.23	66
0.0	141.53	51	0.75	120
0.0	142.28	89	0.23	87
0.0	142.53	54	0.23	83
0.0	143.03	72	0.23	65
0.0	143.28	58	0.23	83
0.0	143.53	66	0.23	71
0.0	143.78	72	0.23	65
0.0	144.03	48	0.23	116
0.0	144.28	96	0.23	87
0.0	144.53	39	0.75	120
0.0	145.28	89	0.23	87
0.0	145.53	72	0.23	65
0.0	146.03	54	0.23	83
0.0	146.28	89	0.23	87
0.0	146.53	82	0.23	77
0.0	146.78	62	0.25	110
0.0	147.03	89	0.23	87
0.0	147.28	72	0.23	65
0.0	147.53	39	0.75	120
0.0	148.28	72	0.23	65
0.0	148.53	60	0.23	116
0.0	149.03	72	0.23	65
0.0	149.28	89	0.23	87
0.0	149.53	96	0.23	87
0.0	149.78	89	0.23	87
0.0	150.04	72	0.23	65
0.0	150.28	94	0.23	87
0.0	150.53	89	0.23	87
0.0	150.79	84	0.23	77
0.0	151.04	66	0.23	82
0.0	151.28	96	0.23	87
0.0	151.54	89	0.23	87
0.0	151.79	84	0.23	77
0.0	152.04	94	0.23	87
0.0	152.29	66	0.23	71
0.0	152.54	84	0.23	77
0.0	152.79	89	0.23	87
0.0	153.04	54	0.23	83
0.0	153.29	60	0.19	114
0.0	153.54	70	0.23	65
0.0	153.79	94	0.23	87
0.0	154.04	60	0.19	114
0.0	154.29	70	0.23	65
0.0	154.79	94	0.23	87
0.0	155.04	48	0.38	120
0.0	155.54	95	0.23	87
0.0	156.04	70	0.23	65
0.0	156.29	38	0.25	110
0.0	156.54	95	0.23	87
0.0	157.04	84	0.23	77
0.0	157.29	95	0.23	87
0.0	157.79	62	0.26	110
0.0	158.05	89	0.23	87
0.0	158.54	39	0.18	114
0.0	158.78	62	0.19	114
0.0	159.03	82	0.22	80
0.0	159.28	67	0.23	77
0.0	159.53	71	0.22	76
0.0	159.77	60	0.18	114
0.0	160.02	54	0.23	83
0.0	160.26	89	0.23	87
0.0	160.52	82	0.23	77
0.0	160.76	38	0.25	110
0.0	161.01	95	0.23	87
0.0	161.51	46	0.23	120
0.0	162.02	93	0.22	94
0.0	162.26	46	0.25	111
0.0	162.51	81	0.23	87
0.0	162.76	89	0.23	75
0.0	163.01	99	0.23	93
0.0	163.26	59	0.25	113
0.0	163.51	75	0.23	79
0.0	163.76	58	0.25	115
0.0	164.01	45	0.25	115
0.0	164.26	35	0.25	116
0.0	164.51	46	0.25	117
0.0	164.76	63	0.23	68
0.0	165.01	31	0.25	118
0.0	165.26	65	0.23	68
0.0	165.51	84	0.23	75
0.0	165.76	54	0.25	120
0.0	166.01	96	0.24	85
0.0	166.76	33	0.12	117
0.0	167.01	93	0.24	83
0.0	167.51	51	0.23	121
0.0	168.01	89	0.24	84
0.0	168.26	81	0.24	78
0.0	168.76	75	0.24	72
0.0	169.01	73	0.24	82
0.0	169.51	65	0.23	120
0.0	170.01	57	0.45	114
0.0	172.72	94	0.14	109
0.0	173.72	99	0.14	118
0.0	174.01	55	0.23	104
0.0	174.5	94	0.98	124
0.0	8.5	48	0.23	108
0.0	9.0	53	0.12	100
0.0	9.25	53	0.11	100
0.0	9.5	75	0.23	112
0.0	10.0	48	0.12	100
0.0	10.25	48	0.12	100
0.0	10.5	76	0.23	111
0.0	11.0	57	0.12	100
0.0	11.25	57	0.12	100
0.0	11.5	81	0.23	113
0.0	12.0	70	1.26	113
0.0	13.26	65	0.26	98
0.0	13.52	69	0.25	99
0.0	13.77	67	0.25	100
0.0	14.02	80	0.25	111
0.0	14.27	75	0.25	102
0.0	14.52	73	0.25	104
0.0	14.77	51	0.25	104
0.0	15.02	75	0.25	106
0.0	15.27	76	0.25	107
0.0	15.52	77	0.25	108
0.0	15.77	78	0.25	109
0.0	16.02	79	0.45	119
0.0	20.02	41	0.23	107
0.0	20.53	57	0.23	79
0.0	21.03	36	0.23	95
0.0	21.53	86	0.23	100
0.0	22.03	41	0.23	104
0.0	22.53	84	0.23	81
0.0	23.03	62	0.5	105
0.0	23.53	77	0.23	80
0.0	24.03	60	0.23	108
0.0	24.53	67	0.12	78
0.0	24.78	57	0.12	78
0.0	25.03	62	1.0	106
0.0	26.03	58	0.25	100
0.0	26.53	67	0.12	79
0.0	26.78	67	0.12	79
0.0	27.03	60	0.23	111
0.0	27.53	62	0.23	78
0.0	28.03	58	1.5	116
0.0	29.53	94	0.23	107
0.0	30.03	55	2.0	107
0.0	32.03	52	0.25	98
0.0	32.28	79	0.25	100
0.0	32.53	80	0.25	100
0.0	32.78	73	0.25	100
0.0	33.03	69	0.25	100
0.0	33.28	68	0.25	100
0.0	33.53	67	0.25	100
0.0	33.78	75	0.25	100
0.0	34.03	56	0.24	104
0.0	34.28	64	0.25	100
0.0	34.53	63	0.24	100
0.0	34.77	62	0.25	100
0.0	35.02	76	0.22	106
0.0	36.0	41	0.23	107
0.0	36.49	72	0.23	81
0.0	36.99	65	0.23	100
0.0	37.5	86	0.23	100
0.0	38.0	41	0.23	104
0.0	38.5	89	0.23	100
0.0	39.0	86	1.0	105
0.0	40.0	65	0.23	104
0.0	40.5	77	0.23	81
0.0	41.0	74	0.25	102
0.0	41.5	67	0.23	79
0.0	42.0	79	0.23	110
0.0	42.5	65	0.23	79
0.0	43.0	101	1.0	108
0.0	44.0	55	1.5	100
0.0	45.5	70	0.23	83
0.0	45.76	91	0.25	100
0.0	46.01	89	0.25	100
0.0	46.26	93	0.25	100
0.0	46.51	81	0.23	92
0.0	46.76	93	0.25	100
0.0	47.01	65	0.23	82
0.0	47.26	88	0.25	100
0.0	47.51	89	0.25	100
0.0	47.76	53	0.25	116
0.0	48.51	67	0.23	94
0.0	49.01	70	0.23	99
0.0	49.51	48	0.23	107
0.0	50.01	91	0.23	113
0.0	51.01	60	0.17	109
0.0	51.18	64	0.17	109
0.0	51.34	67	0.17	110
0.0	51.51	61	0.17	110
0.0	51.67	55	0.18	112
0.0	51.85	54	0.16	112
0.0	52.01	55	0.18	113
0.0	52.34	53	0.18	114
0.0	52.52	98	0.16	100
0.0	52.67	48	0.18	115
0.0	52.85	46	0.16	116
0.0	53.01	72	0.23	110
0.0	53.52	57	0.23	79
0.0	54.02	48	0.23	95
0.0	54.52	86	0.23	100
0.0	55.02	60	0.23	107
0.0	55.52	84	0.23	81
0.0	56.02	48	0.23	95
0.0	56.52	77	0.23	80
0.0	57.02	60	0.23	108
0.0	57.52	80	0.23	100
0.0	57.77	57	0.11	78
0.0	58.02	62	1.0	106
0.0	59.02	29	0.23	112
0.0	59.52	60	0.25	102
0.0	59.77	77	0.12	79
0.0	60.02	53	0.23	95
0.0	60.52	79	0.17	98
0.0	60.68	81	0.18	100
0.0	61.02	65	0.23	112
0.0	61.52	60	0.23	77
0.0	62.02	65	0.23	105
0.0	62.52	74	0.23	83
0.0	63.02	55	2.0	122
0.0	65.02	52	0.25	98
0.0	65.27	72	0.25	100
0.0	65.52	80	0.25	100
0.0	65.77	62	0.25	91
0.0	66.02	69	0.25	100
0.0	66.27	68	0.25	100
0.0	66.52	67	0.25	100
0.0	66.77	75	0.25	100
0.0	67.02	62	0.25	100
0.0	67.27	76	0.25	100
0.0	67.52	63	0.25	100
0.0	67.77	71	0.25	100
0.0	68.02	58	0.23	106
0.0	69.03	72	0.23	110
0.0	69.52	93	0.23	100
0.0	70.03	89	0.23	100
0.0	70.53	67	0.23	79
0.0	71.03	60	0.23	107
0.0	71.53	89	0.23	100
0.0	72.03	62	0.5	105
0.0	72.53	77	0.23	80
0.0	73.03	65	0.23	104
0.0	73.53	77	0.23	81
0.0	74.03	41	0.23	95
0.0	74.53	57	0.23	79
0.0	75.03	79	0.23	110
0.0	75.53	70	0.23	81
0.0	76.03	101	0.98	108
0.0	77.26	82	0.23	91
0.0	77.51	77	0.22	83
0.0	77.75	82	0.22	91
0.0	78.0	77	0.23	91
0.0	78.24	93	0.25	100
0.0	78.49	70	0.23	83
0.0	78.75	58	0.24	115
0.0	78.99	89	0.25	100
0.0	79.24	69	0.23	83
0.0	79.5	72	0.23	83
0.0	79.75	69	0.23	83
0.0	80.0	89	0.25	100
0.0	80.25	88	0.25	100
0.0	80.5	65	0.23	82
0.0	80.75	77	0.25	92
0.0	81.0	55	0.23	115
0.0	81.5	67	0.23	94
0.0	82.0	60	0.23	105
0.0	82.5	70	0.23	103
0.0	84.0	72	0.68	122
0.0	86.0	77	0.68	120
0.0	87.01	33	0.68	122
0.0	88.01	67	0.68	120
0.0	92.01	96	0.23	116
0.0	92.51	77	0.23	81
0.0	93.01	93	0.23	89
0.0	93.51	69	0.23	66
0.0	94.01	66	0.27	114
0.0	94.52	67	0.26	105
0.0	95.01	57	0.27	109
0.0	95.52	70	0.26	112
0.0	96.02	48	0.78	116
0.0	97.02	52	0.23	113
0.0	97.52	84	0.23	77
0.0	98.02	53	0.23	72
0.0	98.52	72	0.23	66
0.0	99.02	65	0.23	110
0.0	99.52	40	0.23	110
0.0	100.02	95	0.23	87
0.0	100.52	70	0.23	65
0.0	101.02	95	0.23	87
0.0	101.52	63	0.75	116
0.0	102.52	82	0.23	77
0.0	103.02	96	0.23	87
0.0	103.53	72	0.23	65
0.0	103.78	66	0.23	82
0.0	104.02	95	0.23	87
0.0	104.53	63	0.75	116
0.0	105.53	60	0.23	115
0.0	106.03	54	0.23	83
0.0	106.53	72	0.23	65
0.0	107.03	94	0.23	87
0.0	107.53	70	0.23	65
0.0	107.78	54	0.23	83
0.0	108.28	70	0.23	65
0.0	108.53	36	0.23	115
0.0	109.53	33	0.25	122
0.0	110.03	69	0.23	81
0.0	110.53	61	0.25	113
0.0	111.03	67	0.23	79
0.0	111.53	96	0.23	93
0.0	111.78	59	0.25	116
0.0	112.03	65	0.23	80
0.0	112.53	99	0.23	97
0.0	113.03	75	0.23	81
0.0	113.53	96	0.23	92
0.0	114.03	77	0.23	75
0.0	114.53	65	0.23	82
0.0	115.53	84	0.23	92
0.0	116.53	56	0.23	78
0.0	117.53	69	0.25	99
0.0	117.78	70	0.26	100
0.0	118.04	71	0.24	101
0.0	118.28	65	0.24	81
0.0	118.53	65	0.24	81
0.0	119.02	75	0.24	73
0.0	119.52	74	0.24	106
0.0	119.76	60	0.24	81
0.0	120.01	57	0.24	74
0.0	120.25	60	0.25	81
0.0	121.51	57	0.25	97
0.0	121.76	79	0.25	107
0.0	122.01	59	0.25	106
0.0	122.26	64	0.13	110
0.0	122.51	52	0.75	121
0.0	123.51	52	0.45	100
0.0	124.01	75	0.25	109
0.0	124.26	60	0.13	110
0.0	124.51	52	0.75	121
0.0	125.51	64	0.25	98
0.0	125.76	55	0.25	100
0.0	126.01	83	0.25	100
0.0	126.26	86	0.25	108
0.0	126.51	79	0.25	100
0.0	126.76	81	0.25	100
0.0	127.01	79	0.25	100
0.0	127.26	78	0.25	100
0.0	127.51	69	0.23	103
0.0	128.01	69	0.12	106
0.0	128.27	57	0.11	91
0.0	128.51	69	0.21	110
0.0	129.02	52	0.19	91
0.0	129.51	36	2.01	119
0.0	131.62	62	0.06	96
0.0	131.68	74	0.08	97
0.0	131.77	48	1.35	103
0.0	133.27	42	0.25	119
0.0	133.52	41	0.76	124
0.0	134.53	48	0.23	110
0.0	135.03	69	0.23	66
0.0	135.53	66	0.26	114
0.0	136.03	69	0.23	66
0.0	136.53	57	0.26	109
0.0	137.03	84	0.23	77
0.0	137.53	60	0.25	116
0.0	138.03	65	0.23	66
0.0	138.28	86	0.23	87
0.0	138.53	76	0.23	113
0.0	139.03	69	0.23	66
0.0	139.53	60	0.13	114
0.0	140.03	62	0.23	66
0.0	140.53	65	0.23	113
0.0	141.03	65	0.23	66
0.0	141.53	63	0.75	120
0.0	142.53	95	0.23	87
0.0	143.03	70	0.23	65
0.0	143.28	95	0.23	87
0.0	143.78	70	0.23	65
0.0	144.78	70	0.23	65
0.0	145.03	54	0.23	83
0.0	145.53	70	0.23	65
0.0	146.03	95	0.23	87
0.0	146.53	70	0.23	65
0.0	146.78	58	0.23	83
0.0	147.78	95	0.23	87
0.0	148.28	70	0.23	65
0.0	148.53	96	0.23	87
0.0	149.03	70	0.23	65
0.0	149.53	95	0.23	87
0.0	150.04	70	0.23	65
0.0	150.79	72	0.23	65
0.0	151.28	94	0.23	87
0.0	152.04	39	0.18	114
0.0	152.54	36	0.18	114
0.0	153.04	95	0.23	87
0.0	153.54	82	0.23	77
0.0	153.79	38	0.18	114
0.0	154.29	63	0.38	120
0.0	154.79	38	0.19	114
0.0	155.29	71	0.23	65
0.0	155.54	63	0.75	120
0.0	156.54	36	0.23	116
0.0	157.04	39	0.75	120
0.0	157.79	70	0.23	81
0.0	158.54	95	0.23	87
0.0	160.02	95	0.23	87
0.0	160.52	70	0.23	65
0.0	161.01	36	0.23	115
0.0	161.51	84	0.23	77
0.0	162.02	96	0.22	94
0.0	162.51	48	0.25	111
0.0	163.01	49	0.25	113
0.0	163.51	70	0.23	79
0.0	164.01	33	0.25	115
0.0	164.51	68	0.23	80
0.0	165.01	55	0.25	118
0.0	165.51	32	0.25	119
0.0	166.01	41	0.75	126
0.0	167.01	81	0.24	83
0.0	168.01	86	0.24	84
0.0	169.01	54	0.23	120
0.0	170.01	70	0.33	123
0.0	174.01	35	0.23	118
0.0	174.5	60	0.98	111
0.0	8.5	60	0.11	100
0.0	9.0	48	0.12	100
0.0	9.25	48	0.11	100
0.0	9.5	78	0.23	112
0.0	10.0	55	0.12	100
0.0	10.25	55	0.12	100
0.0	10.5	80	0.23	111
0.0	11.0	48	0.12	100
0.0	11.25	48	0.12	100
0.0	11.5	78	0.23	113
0.0	12.0	64	1.26	113
0.0	13.26	71	0.26	98
0.0	13.52	66	0.25	99
0.0	13.77	73	0.25	100
0.0	14.02	86	0.25	111
0.0	14.27	65	0.25	102
0.0	14.52	70	0.25	104
0.0	14.77	53	0.25	109
0.0	15.02	72	0.25	106
0.0	15.27	73	0.25	107
0.0	15.52	74	0.25	108
0.0	15.77	75	0.25	109
0.0	16.02	76	0.45	119
0.0	20.53	84	0.23	81
0.0	21.53	62	0.23	79
0.0	22.53	89	0.23	100
0.0	23.53	72	0.23	80
0.0	24.53	72	0.12	80
0.0	25.53	72	0.23	79
0.0	26.53	77	0.12	79
0.0	26.78	77	0.12	79
0.0	27.53	72	0.23	78
0.0	28.53	70	0.23	78
0.0	29.53	82	0.23	107
0.0	30.53	86	0.23	111
0.0	31.53	82	0.23	92
0.0	32.03	48	0.25	105
0.0	32.28	49	0.25	97
0.0	32.53	38	0.25	98
0.0	32.78	67	0.25	100
0.0	33.03	72	0.25	100
0.0	33.28	71	0.25	100
0.0	33.53	70	0.25	100
0.0	33.78	43	0.25	103
0.0	34.03	44	0.24	104
0.0	34.28	67	0.25	100
0.0	34.53	66	0.24	100
0.0	34.77	69	0.25	100
0.0	35.02	48	0.22	113
0.0	36.49	93	0.23	100
0.0	37.5	62	0.23	79
0.0	38.5	77	0.23	81
0.0	39.5	62	0.5	79
0.0	40.5	84	0.23	81
0.0	41.5	88	0.25	106
0.0	42.5	72	0.23	81
0.0	43.5	65	0.23	79
0.0	44.0	85	0.26	92
0.0	44.26	82	0.23	91
0.0	44.5	61	0.23	78
0.0	44.75	73	0.23	83
0.0	45.01	70	0.23	83
0.0	45.26	84	0.24	92
0.0	45.5	77	0.23	91
0.0	45.76	67	0.23	83
0.0	46.01	65	0.23	83
0.0	46.26	69	0.23	83
0.0	46.51	60	0.23	78
0.0	46.76	84	0.25	92
0.0	47.01	74	0.23	92
0.0	47.26	64	0.23	82
0.0	47.51	65	0.23	82
0.0	47.76	71	0.23	93
0.0	48.01	60	0.23	82
0.0	51.01	62	0.17	109
0.0	51.18	70	0.17	109
0.0	51.34	65	0.67	110
0.0	52.34	48	0.18	114
0.0	52.52	86	0.16	100
0.0	52.67	43	0.18	115
0.0	52.85	74	0.16	105
0.0	53.52	84	0.23	81
0.0	54.52	74	0.23	100
0.0	55.52	57	0.23	79
0.0	56.52	72	0.23	80
0.0	57.52	84	0.12	80
0.0	58.52	72	0.23	79
0.0	59.52	48	0.12	78
0.0	59.77	67	0.12	79
0.0	60.52	67	0.17	98
0.0	60.68	69	0.18	100
0.0	61.52	70	0.23	78
0.0	62.52	65	0.23	83
0.0	63.52	65	0.23	87
0.0	64.52	82	0.23	92
0.0	65.02	48	0.25	105
0.0	65.27	75	0.25	100
0.0	65.52	38	0.25	98
0.0	65.77	51	0.25	99
0.0	66.02	72	0.25	100
0.0	66.27	71	0.25	100
0.0	66.52	70	0.25	100
0.0	66.77	43	0.25	103
0.0	67.02	58	0.25	93
0.0	67.27	79	0.25	100
0.0	67.52	66	0.25	100
0.0	67.77	47	0.25	107
0.0	68.02	70	0.23	96
0.0	69.52	62	0.23	79
0.0	70.53	74	0.23	100
0.0	71.53	65	0.23	100
0.0	72.53	72	0.23	80
0.0	73.53	84	0.23	81
0.0	74.53	77	0.23	81
0.0	75.53	65	0.23	79
0.0	76.52	65	0.23	79
0.0	77.02	85	0.24	92
0.0	77.26	73	0.23	83
0.0	77.51	61	0.22	78
0.0	77.75	73	0.22	83
0.0	78.0	70	0.23	83
0.0	78.24	84	0.25	92
0.0	78.49	77	0.23	91
0.0	78.75	82	0.24	92
0.0	78.99	65	0.23	83
0.0	79.24	77	0.23	92
0.0	79.5	57	0.23	78
0.0	79.75	77	0.23	92
0.0	80.0	80	0.25	92
0.0	80.25	79	0.25	92
0.0	80.5	74	0.23	93
0.0	80.75	71	0.23	93
0.0	84.0	66	0.68	122
0.0	86.0	76	0.68	120
0.0	87.01	48	0.68	122
0.0	88.01	69	0.68	120
0.0	92.51	81	0.23	81
0.0	93.01	96	0.23	89
0.0	93.51	77	0.23	77
0.0	94.01	57	0.23	72
0.0	94.26	60	0.23	83
0.0	94.52	62	0.23	66
0.0	94.76	86	0.23	87
0.0	95.01	53	0.23	72
0.0	95.27	60	0.23	83
0.0	95.52	62	0.23	66
0.0	95.76	71	0.27	114
0.0	96.52	84	0.23	77
0.0	96.77	86	0.23	87
0.0	97.02	53	0.23	72
0.0	97.52	77	0.23	117
0.0	98.02	93	0.23	89
0.0	98.52	69	0.23	110
0.0	99.52	52	0.23	110
0.0	100.02	96	0.23	87
0.0	100.52	82	0.23	77
0.0	101.02	96	0.23	87
0.0	101.52	51	0.75	116
0.0	102.52	36	0.38	116
0.0	103.02	94	0.23	87
0.0	103.53	71	0.23	65
0.0	103.78	89	0.23	87
0.0	104.02	96	0.23	87
0.0	104.53	72	0.23	65
0.0	105.03	96	0.23	87
0.0	105.53	71	0.23	65
0.0	106.03	96	0.23	87
0.0	106.53	82	0.23	77
0.0	107.03	36	0.23	115
0.0	107.53	82	0.23	77
0.0	107.78	96	0.23	87
0.0	108.28	82	0.23	77
0.0	108.53	82	0.23	77
0.0	110.03	81	0.23	87
0.0	110.53	49	0.25	113
0.0	111.03	77	0.23	79
0.0	111.78	63	0.23	68
0.0	112.03	87	0.23	79
0.0	112.53	43	0.25	118
0.0	113.03	70	0.23	81
0.0	114.03	81	0.23	75
0.0	114.53	69	0.23	82
0.0	115.53	89	0.23	92
0.0	116.53	80	0.23	94
0.0	117.78	64	0.25	72
0.0	118.04	67	0.24	72
0.0	118.28	77	0.24	81
0.0	118.53	77	0.24	81
0.0	119.02	65	0.24	81
0.0	119.52	57	0.24	73
0.0	119.76	72	0.24	81
0.0	120.01	69	0.24	74
0.0	120.25	72	0.25	81
0.0	121.51	73	0.25	105
0.0	121.76	86	0.25	107
0.0	122.01	62	0.25	106
0.0	122.26	60	0.13	110
0.0	122.51	93	0.75	119
0.0	123.51	73	0.25	105
0.0	123.76	65	0.25	110
0.0	124.01	82	0.25	109
0.0	124.26	64	0.13	110
0.0	124.51	93	0.75	119
0.0	125.51	78	0.25	98
0.0	125.76	41	0.25	94
0.0	126.01	88	0.25	108
0.0	126.26	38	0.25	94
0.0	126.51	84	0.25	107
0.0	126.76	86	0.25	107
0.0	127.01	84	0.25	107
0.0	127.26	83	0.25	107
0.0	127.51	64	0.23	103
0.0	129.51	60	2.01	118
0.0	131.68	59	0.17	101
0.0	131.85	86	0.17	98
0.0	132.02	78	0.08	100
0.0	132.1	79	0.08	101
0.0	132.18	72	0.93	112
0.0	133.52	53	0.76	124
0.0	134.53	60	0.23	110
0.0	135.03	77	0.23	77
0.0	135.53	57	0.23	72
0.0	135.78	86	0.23	88
0.0	136.03	84	0.23	77
0.0	136.53	96	0.23	89
0.0	136.78	56	0.27	110
0.0	137.53	57	0.23	72
0.0	138.03	62	0.23	66
0.0	138.53	96	0.23	89
0.0	139.03	81	0.23	77
0.0	139.53	72	0.13	114
0.0	140.03	81	0.23	77
0.0	141.03	69	0.23	66
0.0	141.53	58	0.23	83
0.0	142.03	71	0.23	65
0.0	142.53	96	0.23	87
0.0	143.03	82	0.23	77
0.0	143.28	94	0.23	87
0.0	143.78	82	0.23	77
0.0	144.78	82	0.23	77
0.0	145.03	96	0.23	87
0.0	145.53	82	0.23	77
0.0	146.03	96	0.23	87
0.0	146.53	72	0.23	65
0.0	146.78	54	0.23	83
0.0	147.78	96	0.23	87
0.0	148.28	82	0.23	77
0.0	148.53	58	0.23	83
0.0	149.03	82	0.23	77
0.0	149.53	54	0.23	83
0.0	150.04	82	0.23	77
0.0	150.79	82	0.23	77
0.0	151.28	38	0.26	110
0.0	152.04	51	0.18	114
0.0	152.54	48	0.18	114
0.0	153.04	96	0.23	87
0.0	153.54	84	0.23	77
0.0	153.79	50	0.18	114
0.0	154.29	72	0.23	65
0.0	154.79	50	0.19	114
0.0	155.29	82	0.23	77
0.0	155.54	54	0.23	83
0.0	156.04	82	0.23	77
0.0	156.54	96	0.23	87
0.0	157.04	51	0.75	120
0.0	158.54	94	0.23	87
0.0	160.02	96	0.23	87
0.0	160.52	72	0.23	65
0.0	161.01	96	0.23	87
0.0	161.51	58	0.23	120
0.0	162.51	77	0.23	87
0.0	163.01	37	0.25	113
0.0	163.51	87	0.23	84
0.0	164.51	72	0.23	80
0.0	165.51	70	0.23	81
0.0	166.01	84	0.24	85
0.0	169.01	85	0.24	82
0.0	170.01	62	0.23	79
0.0	170.26	63	0.23	73
0.0	174.01	47	0.23	118
0.0	174.5	72	0.98	118
0.0	8.5	64	0.11	100
0.0	9.0	74	0.12	107
0.0	9.5	36	0.12	108
0.0	10.0	72	0.12	107
0.0	10.5	36	0.12	108
0.0	11.0	84	0.12	107
0.0	11.5	36	0.12	108
0.0	12.0	67	1.26	113
0.0	13.26	61	0.26	98
0.0	13.52	72	0.25	99
0.0	13.77	63	0.25	100
0.0	14.02	76	0.25	111
0.0	14.27	50	0.25	102
0.0	14.52	76	0.25	104
0.0	14.77	41	0.25	109
0.0	15.02	78	0.25	106
0.0	15.27	79	0.25	107
0.0	15.52	80	0.25	108
0.0	15.77	81	0.25	109
0.0	16.02	82	0.45	119
0.0	20.53	77	0.23	81
0.0	21.53	74	0.23	100
0.0	22.53	72	0.23	81
0.0	23.53	84	0.23	80
0.0	24.53	77	0.12	80
0.0	25.53	84	0.23	79
0.0	28.53	65	0.23	78
0.0	29.53	70	0.23	83
0.0	30.53	74	0.23	87
0.0	31.53	65	0.23	92
0.0	32.03	36	0.25	105
0.0	32.28	37	0.25	97
0.0	32.53	86	0.25	100
0.0	32.78	52	0.25	91
0.0	33.03	66	0.25	100
0.0	33.28	65	0.25	100
0.0	33.53	64	0.25	100
0.0	33.78	81	0.25	100
0.0	34.03	32	0.24	104
0.0	34.28	61	0.25	100
0.0	34.53	60	0.24	100
0.0	34.77	71	0.25	100
0.0	35.02	60	0.22	113
0.0	36.49	81	0.23	100
0.0	37.5	74	0.23	100
0.0	38.5	65	0.23	100
0.0	40.5	72	0.23	81
0.0	41.5	63	0.23	79
0.0	42.5	82	0.23	81
0.0	43.5	62	0.23	79
0.0	44.5	77	0.23	83
0.0	46.01	74	0.23	92
0.0	46.26	77	0.23	92
0.0	46.51	72	0.23	83
0.0	48.01	67	0.23	115
0.0	51.01	67	0.17	109
0.0	51.18	61	0.17	109
0.0	51.34	60	0.17	110
0.0	51.51	66	0.17	110
0.0	51.67	59	0.18	112
0.0	51.85	61	0.16	112
0.0	52.01	60	0.18	113
0.0	52.52	74	0.16	100
0.0	52.67	100	0.18	102
0.0	52.85	44	0.16	116
0.0	53.52	77	0.23	81
0.0	54.52	62	0.23	79
0.0	55.52	67	0.23	79
0.0	56.52	84	0.23	80
0.0	57.52	92	0.23	100
0.0	58.52	77	0.23	79
0.0	61.52	65	0.23	78
0.0	62.52	94	0.23	107
0.0	63.52	70	0.23	87
0.0	64.52	65	0.23	92
0.0	65.02	36	0.25	105
0.0	65.27	69	0.25	100
0.0	65.52	86	0.25	100
0.0	65.77	39	0.25	99
0.0	66.02	66	0.25	100
0.0	66.27	65	0.25	100
0.0	66.52	64	0.25	100
0.0	66.77	81	0.25	100
0.0	67.02	67	0.25	93
0.0	67.27	73	0.25	100
0.0	67.52	60	0.25	100
0.0	67.77	77	0.25	100
0.0	68.02	36	0.23	113
0.0	69.52	81	0.23	100
0.0	70.53	62	0.23	79
0.0	71.53	77	0.23	81
0.0	73.53	72	0.23	81
0.0	74.53	72	0.23	81
0.0	75.53	101	0.23	106
0.0	76.52	57	0.23	108
0.0	77.02	94	0.24	100
0.0	77.51	101	0.24	100
0.0	78.75	73	0.23	92
0.0	78.99	74	0.23	92
0.0	79.24	84	0.26	92
0.0	80.25	50	0.25	108
0.0	84.0	73	0.68	122
0.0	86.0	64	0.68	120
0.0	88.01	57	0.68	120
0.0	92.51	65	0.23	65
0.0	93.51	81	0.23	77
0.0	94.26	86	0.23	88
0.0	94.52	72	0.23	66
0.0	94.76	60	0.23	83
0.0	95.01	93	0.23	89
0.0	95.27	86	0.23	88
0.0	95.52	72	0.23	66
0.0	95.76	59	0.27	114
0.0	96.52	74	0.23	77
0.0	97.02	57	0.23	72
0.0	97.52	74	0.23	77
0.0	98.52	65	0.23	66
0.0	99.52	64	0.23	110
0.0	100.02	94	0.23	87
0.0	100.52	84	0.23	77
0.0	101.02	94	0.23	87
0.0	101.52	39	0.75	116
0.0	102.52	84	0.23	77
0.0	103.02	39	0.76	116
0.0	104.02	94	0.23	87
0.0	104.53	71	0.23	65
0.0	105.03	94	0.23	87
0.0	105.53	72	0.23	65
0.0	106.03	95	0.23	87
0.0	106.53	70	0.23	65
0.0	107.03	48	0.23	115
0.0	107.53	84	0.23	77
0.0	107.78	95	0.23	87
0.0	108.28	84	0.23	77
0.0	108.53	84	0.23	77
0.0	110.03	77	0.23	87
0.0	111.03	69	0.23	79
0.0	111.78	89	0.23	75
0.0	112.03	80	0.23	79
0.0	112.53	96	0.23	97
0.0	113.03	44	0.25	119
0.0	114.03	69	0.23	84
0.0	116.53	84	0.23	94
0.0	121.51	85	0.25	105
0.0	121.76	81	0.25	107
0.0	122.51	95	0.75	119
0.0	123.51	85	0.25	105
0.0	123.76	79	0.25	107
0.0	124.51	95	0.75	119
0.0	127.51	40	0.23	101
0.0	129.51	72	2.01	117
0.0	131.68	63	0.05	97
0.0	131.77	36	1.35	103
0.0	134.03	62	0.22	65
0.0	135.03	81	0.23	77
0.0	135.78	60	0.23	83
0.0	136.03	67	0.26	105
0.0	136.53	53	0.23	72
0.0	136.78	68	0.27	110
0.0	137.53	53	0.23	72
0.0	138.03	72	0.29	66
0.0	138.53	57	0.23	72
0.0	139.03	84	0.23	77
0.0	140.03	77	0.23	77
0.0	141.03	84	0.23	77
0.0	141.53	54	0.23	83
0.0	142.03	72	0.23	65
0.0	142.53	94	0.23	87
0.0	143.03	84	0.23	77
0.0	143.28	96	0.23	87
0.0	143.78	84	0.23	77
0.0	144.78	84	0.23	77
0.0	145.03	95	0.23	87
0.0	145.53	84	0.23	77
0.0	146.03	94	0.23	87
0.0	146.53	71	0.23	65
0.0	146.78	95	0.23	87
0.0	147.78	94	0.23	87
0.0	148.28	84	0.23	77
0.0	148.53	94	0.23	87
0.0	149.03	84	0.23	77
0.0	149.53	58	0.23	83
0.0	150.04	84	0.23	77
0.0	150.79	70	0.23	65
0.0	151.28	50	0.26	110
0.0	152.04	63	0.18	114
0.0	152.54	60	0.18	114
0.0	153.04	94	0.23	87
0.0	153.54	39	0.18	114
0.0	153.79	62	0.18	114
0.0	154.29	71	0.23	65
0.0	154.79	62	0.19	114
0.0	155.29	84	0.23	77
0.0	155.54	58	0.23	83
0.0	156.04	84	0.23	77
0.0	156.54	94	0.23	87
0.0	157.04	63	0.75	120
0.0	158.54	96	0.23	87
0.0	160.02	94	0.23	87
0.0	160.52	71	0.23	65
0.0	161.01	94	0.23	87
0.0	161.51	71	0.23	65
0.0	162.51	36	0.25	111
0.0	163.51	82	0.23	84
0.0	164.51	58	0.25	117
0.0	165.51	44	0.25	119
0.0	166.01	29	0.75	126
0.0	169.01	42	0.23	120
0.0	170.01	64	0.23	79
0.0	170.26	65	0.23	73
0.0	174.01	62	0.23	104
0.0	174.5	77	0.98	118
0.0	9.0	84	0.12	107
0.0	9.5	60	0.12	100
0.0	10.0	84	0.12	107
0.0	10.5	64	0.12	100
0.0	11.0	72	0.12	107
0.0	11.5	69	0.12	100
0.0	12.0	79	1.26	117
0.0	13.26	54	0.26	98
0.0	13.52	62	0.25	99
0.0	13.77	52	0.25	100
0.0	14.02	88	0.25	111
0.0	14.27	59	0.25	102
0.0	14.52	66	0.25	104
0.0	14.77	29	0.25	109
0.0	15.02	68	0.25	106
0.0	15.27	69	0.25	107
0.0	15.52	70	0.25	108
0.0	15.77	71	0.25	109
0.0	16.02	72	0.45	119
0.0	20.53	67	0.23	79
0.0	24.53	84	0.12	80
0.0	28.53	86	0.23	103
0.0	29.53	33	0.23	108
0.0	30.53	60	0.23	77
0.0	31.53	50	0.23	77
0.0	32.03	24	0.25	105
0.0	32.28	81	0.25	100
0.0	32.53	68	0.25	100
0.0	32.78	62	0.25	91
0.0	33.03	55	0.25	92
0.0	33.28	50	0.25	92
0.0	33.53	52	0.25	92
0.0	33.78	63	0.25	100
0.0	34.03	84	0.24	100
0.0	34.28	52	0.25	93
0.0	34.53	55	0.24	93
0.0	34.77	35	0.25	107
0.0	35.02	70	0.22	96
0.0	36.49	69	0.23	100
0.0	41.5	76	0.25	106
0.0	42.5	70	0.23	81
0.0	43.5	45	0.23	108
0.0	44.5	65	0.23	78
0.0	46.51	65	0.23	78
0.0	48.01	70	0.23	93
0.0	51.01	64	0.17	109
0.0	51.18	66	0.17	109
0.0	51.34	62	0.17	110
0.0	51.51	68	0.17	110
0.0	51.67	64	0.18	112
0.0	51.85	58	0.16	112
0.0	52.01	51	0.18	113
0.0	52.67	88	0.18	102
0.0	53.52	67	0.23	79
0.0	57.52	72	0.12	80
0.0	61.52	86	0.23	103
0.0	62.52	82	0.23	107
0.0	63.52	98	0.23	111
0.0	64.52	50	0.23	77
0.0	65.02	24	0.25	105
0.0	65.27	46	0.25	91
0.0	65.52	68	0.25	100
0.0	65.77	27	0.25	99
0.0	66.02	55	0.25	92
0.0	66.27	50	0.25	92
0.0	66.52	52	0.25	92
0.0	66.77	63	0.25	100
0.0	67.02	56	0.25	104
0.0	67.27	71	0.25	100
0.0	67.52	55	0.25	93
0.0	67.77	59	0.25	107
0.0	68.02	68	0.23	106
0.0	69.52	69	0.23	100
0.0	74.53	84	0.23	81
0.0	75.53	89	0.23	106
0.0	76.52	72	0.23	77
0.0	77.02	70	0.22	83
0.0	77.51	85	0.22	91
0.0	78.75	91	0.24	100
0.0	79.5	60	0.23	78
0.0	84.0	68	0.68	122
0.0	86.0	75	0.68	120
0.0	88.01	83	0.68	120
0.0	92.51	74	0.23	81
0.0	93.51	74	0.23	77
0.0	94.52	65	0.23	66
0.0	95.01	96	0.23	89
0.0	95.52	65	0.23	66
0.0	96.02	72	0.5	116
0.0	96.52	81	0.23	77
0.0	97.02	64	0.23	113
0.0	97.52	81	0.23	77
0.0	98.52	45	0.23	110
0.0	99.52	65	0.23	66
0.0	110.03	84	0.23	87
0.0	111.03	72	0.23	79
0.0	112.03	84	0.23	79
0.0	112.53	55	0.25	118
0.0	113.03	56	0.25	119
0.0	114.03	65	0.23	84
0.0	121.51	78	0.25	105
0.0	121.76	61	0.25	101
0.0	122.51	103	0.75	119
0.0	123.51	78	0.25	105
0.0	123.76	86	0.25	107
0.0	124.51	103	0.75	119
0.0	127.51	76	0.23	105
0.0	129.51	61	1.84	117
0.0	131.52	36	0.25	101
0.0	131.77	75	0.08	98
0.0	131.85	58	0.17	103
0.0	132.02	87	0.17	100
0.0	132.18	80	0.08	102
0.0	132.27	46	0.25	108
0.0	132.52	45	0.25	111
0.0	132.77	44	0.25	114
0.0	133.02	93	0.17	112
0.0	134.03	84	0.22	81
0.0	135.03	74	0.23	77
0.0	136.03	74	0.23	77
0.0	136.53	93	0.23	89
0.0	137.03	70	0.26	112
0.0	137.53	93	0.23	89
0.0	138.03	81	0.23	77
0.0	138.53	93	0.23	89
0.0	139.03	74	0.23	77
0.0	140.03	45	0.13	113
0.0	141.03	77	0.23	77
0.0	162.51	84	0.23	87
0.0	164.51	34	0.25	117
0.0	165.51	56	0.25	119
0.0	166.01	53	0.75	126
0.0	174.01	89	0.23	121
0.0	174.5	67	0.98	118
0.0	9.0	72	0.12	107
0.0	9.5	63	0.12	100
0.0	10.0	76	0.12	107
0.0	10.5	68	0.12	100
0.0	11.0	81	0.12	107
0.0	11.5	66	0.12	100
0.0	12.0	76	1.26	117
0.0	13.26	63	0.26	98
0.0	13.52	53	0.25	99
0.0	13.77	61	0.25	100
0.0	14.02	83	0.25	111
0.0	14.27	53	0.25	102
0.0	14.52	49	0.25	103
0.0	14.77	83	0.25	114
0.0	15.02	47	0.25	105
0.0	15.27	46	0.25	106
0.0	15.52	45	0.25	107
0.0	15.77	44	0.25	108
0.0	16.02	52	0.45	113
0.0	28.53	74	0.23	78
0.0	29.53	45	0.23	108
0.0	30.53	50	0.23	77
0.0	31.53	60	0.23	77
0.0	32.03	82	0.25	117
0.0	32.28	25	0.25	97
0.0	32.53	83	0.25	100
0.0	32.78	51	0.25	99
0.0	33.03	64	0.25	92
0.0	33.28	58	0.25	92
0.0	33.53	62	0.25	92
0.0	33.78	78	0.25	100
0.0	34.03	77	0.24	100
0.0	34.28	62	0.25	93
0.0	34.53	64	0.24	93
0.0	34.77	77	0.25	100
0.0	35.02	68	0.22	106
0.0	42.5	101	0.23	106
0.0	43.5	33	0.23	108
0.0	44.5	58	0.23	78
0.0	46.51	57	0.23	78
0.0	51.01	69	0.17	109
0.0	51.18	63	0.17	109
0.0	51.34	64	0.17	110
0.0	51.51	58	0.17	110
0.0	51.67	53	0.18	112
0.0	51.85	51	0.16	112
0.0	52.01	59	0.18	113
0.0	52.67	76	0.18	102
0.0	61.52	74	0.23	78
0.0	62.52	70	0.23	83
0.0	63.52	86	0.23	111
0.0	64.52	60	0.23	77
0.0	65.02	82	0.25	117
0.0	65.27	55	0.25	91
0.0	65.52	83	0.25	100
0.0	65.77	89	0.25	100
0.0	66.02	64	0.25	92
0.0	66.27	58	0.25	92
0.0	66.52	62	0.25	92
0.0	66.77	78	0.25	100
0.0	67.02	44	0.25	104
0.0	67.27	64	0.25	100
0.0	67.52	64	0.25	93
0.0	67.77	74	0.25	100
0.0	68.02	76	0.23	106
0.0	75.53	57	0.23	79
0.0	76.52	70	0.23	77
0.0	77.02	77	0.22	91
0.0	77.51	91	0.24	92
0.0	78.75	67	0.23	83
0.0	79.5	96	0.25	100
0.0	84.0	76	0.68	122
0.0	86.0	67	0.68	120
0.0	88.01	70	0.68	120
0.0	92.51	84	0.23	81
0.0	93.51	84	0.23	77
0.0	94.52	69	0.23	66
0.0	95.52	69	0.23	66
0.0	96.02	60	0.25	116
0.0	96.52	77	0.23	77
0.0	97.02	76	0.23	113
0.0	98.52	57	0.23	110
0.0	99.52	62	0.23	66
0.0	111.03	87	0.23	84
0.0	112.03	77	0.23	79
0.0	112.53	60	0.23	68
0.0	114.03	72	0.23	84
0.0	121.51	80	0.25	105
0.0	121.76	74	0.25	107
0.0	123.51	80	0.25	105
0.0	123.76	58	0.25	101
0.0	127.51	81	0.23	113
0.0	129.51	49	3.61	118
0.0	134.03	74	0.22	81
0.0	135.03	84	0.23	77
0.0	136.03	55	0.26	105
0.0	137.03	74	0.23	77
0.0	137.53	96	0.23	89
0.0	138.03	77	0.23	77
0.0	138.53	53	0.23	72
0.0	140.03	57	0.13	113
0.0	141.03	74	0.23	77
0.0	164.51	80	0.23	79
0.0	174.01	101	0.23	121
0.0	174.5	93	0.98	124
0.0	9.0	77	0.12	107
0.0	9.5	66	0.12	100
0.0	10.0	79	0.12	107
0.0	10.5	60	0.12	100
0.0	11.0	77	0.12	107
0.0	11.5	60	0.12	100
0.0	12.0	84	1.26	117
0.0	13.26	57	0.26	98
0.0	13.52	56	0.25	99
0.0	13.77	55	0.25	100
0.0	14.02	71	0.25	101
0.0	14.27	55	0.25	108
0.0	14.52	58	0.25	103
0.0	14.77	89	0.25	114
0.0	15.02	56	0.25	105
0.0	15.27	55	0.25	106
0.0	15.52	54	0.25	107
0.0	15.77	53	0.25	108
0.0	16.02	43	0.45	113
0.0	28.53	62	0.23	103
0.0	29.53	57	0.23	108
0.0	30.53	77	0.23	87
0.0	31.53	90	0.23	115
0.0	32.03	88	0.25	117
0.0	32.28	91	0.25	100
0.0	32.53	26	0.25	98
0.0	32.78	39	0.25	99
0.0	33.03	52	0.25	100
0.0	33.28	53	0.25	101
0.0	33.53	54	0.25	102
0.0	33.78	31	0.25	103
0.0	34.03	80	0.24	100
0.0	34.28	57	0.25	105
0.0	34.53	58	0.24	106
0.0	34.77	74	0.25	100
0.0	35.02	58	0.22	106
0.0	42.5	89	0.23	106
0.0	43.5	82	0.23	77
0.0	51.18	68	0.17	109
0.0	51.34	69	0.17	110
0.0	51.51	63	0.17	110
0.0	51.67	62	0.18	112
0.0	51.85	56	0.16	112
0.0	52.01	53	0.18	113
0.0	61.52	62	0.23	103
0.0	62.52	33	0.23	117
0.0	63.52	74	0.23	87
0.0	64.52	90	0.23	115
0.0	65.02	88	0.25	117
0.0	65.27	49	0.25	97
0.0	65.52	26	0.25	98
0.0	65.77	82	0.25	100
0.0	66.02	52	0.25	100
0.0	66.27	53	0.25	101
0.0	66.52	54	0.25	102
0.0	66.77	31	0.25	103
0.0	67.02	32	0.25	104
0.0	67.27	67	0.25	100
0.0	67.52	58	0.25	106
0.0	67.77	35	0.25	107
0.0	68.02	73	0.23	106
0.0	75.53	77	0.23	106
0.0	76.52	82	0.23	77
0.0	79.5	89	0.25	92
0.0	84.0	80	0.68	122
0.0	86.0	72	0.68	120
0.0	88.01	55	0.68	120
0.0	92.51	69	0.23	65
0.0	94.52	84	0.23	77
0.0	95.52	84	0.23	77
0.0	99.52	72	0.23	66
0.0	111.03	82	0.23	84
0.0	121.76	58	0.25	101
0.0	123.76	61	0.25	101
0.0	129.51	52	3.34	118
0.0	132.85	52	0.27	112
0.0	134.03	81	0.22	81
0.0	136.03	81	0.23	77
0.0	137.03	58	0.26	112
0.0	141.03	81	0.23	77
0.0	174.01	50	0.23	104
0.0	174.5	105	0.98	124
0.0	12.0	72	1.26	117
0.0	13.26	59	0.26	104
0.0	13.52	58	0.25	105
0.0	13.77	57	0.25	106
0.0	14.02	68	0.25	101
0.0	14.27	43	0.25	108
0.0	14.52	52	0.25	103
0.0	14.77	79	0.25	114
0.0	15.02	50	0.25	105
0.0	15.27	49	0.25	106
0.0	15.52	48	0.25	107
0.0	15.77	47	0.25	108
0.0	16.02	46	0.45	113
0.0	31.53	78	0.23	115
0.0	32.03	85	0.25	117
0.0	32.28	87	0.25	100
0.0	32.53	90	0.25	100
0.0	32.78	27	0.25	99
0.0	33.03	40	0.25	100
0.0	33.28	41	0.25	101
0.0	33.53	42	0.25	102
0.0	33.78	85	0.25	100
0.0	34.03	74	0.24	100
0.0	34.28	45	0.25	105
0.0	34.53	46	0.24	106
0.0	34.77	81	0.25	100
0.0	42.5	77	0.23	106
0.0	64.52	78	0.23	115
0.0	65.02	85	0.25	117
0.0	65.27	37	0.25	97
0.0	65.52	90	0.25	100
0.0	65.77	85	0.25	100
0.0	66.02	40	0.25	100
0.0	66.27	41	0.25	101
0.0	66.52	42	0.25	102
0.0	66.77	85	0.25	100
0.0	67.02	84	0.25	100
0.0	67.27	61	0.25	100
0.0	67.52	46	0.25	106
0.0	67.77	81	0.25	100
0.0	75.53	62	0.23	79
0.0	79.5	81	0.23	92
0.0	84.0	81	0.68	122
0.0	86.0	70	0.68	120
0.0	88.01	77	0.68	120
0.0	94.52	74	0.23	77
0.0	95.52	74	0.23	77
0.0	111.03	36	0.24	114
0.0	121.76	65	0.25	113
0.0	123.76	81	0.25	107
0.0	129.68	71	0.17	100
0.0	129.85	70	2.22	103
0.0	132.12	71	0.06	111
0.0	132.18	88	0.17	102
0.0	132.35	55	0.17	108
0.0	132.52	90	0.17	106
0.0	132.68	86	0.08	106
0.0	132.77	32	0.25	114
0.0	133.02	51	0.17	114
0.0	136.03	43	0.26	105
0.0	137.03	81	0.23	77
0.0	174.01	91	0.23	121
0.0	175.01	55	0.48	114
0.0	12.0	82	1.26	117
0.0	13.26	47	0.26	104
0.0	13.52	46	0.25	105
0.0	13.77	45	0.25	106
0.0	14.02	74	0.25	101
0.0	14.27	31	0.25	108
0.0	14.52	54	0.25	109
0.0	14.77	91	0.25	114
0.0	15.02	52	0.25	110
0.0	15.27	51	0.25	111
0.0	15.52	50	0.25	112
0.0	15.77	49	0.25	113
0.0	16.02	48	0.45	122
0.0	32.03	92	0.25	117
0.0	32.28	84	0.25	100
0.0	32.78	89	0.25	100
0.0	33.03	28	0.25	100
0.0	33.28	29	0.25	101
0.0	33.53	30	0.25	102
0.0	34.03	72	0.24	100
0.0	34.28	33	0.25	105
0.0	34.53	34	0.24	106
0.0	65.02	92	0.25	117
0.0	65.27	25	0.25	97
0.0	65.77	79	0.25	100
0.0	66.02	28	0.25	100
0.0	66.27	29	0.25	101
0.0	66.52	30	0.25	102
0.0	67.02	77	0.25	100
0.0	67.27	52	0.25	93
0.0	67.52	34	0.25	106
0.0	84.0	83	0.68	122
0.0	86.0	65	0.68	120
0.0	88.01	76	0.68	120
0.0	94.52	81	0.23	77
0.0	95.52	81	0.23	77
0.0	129.68	73	0.17	85
0.0	130.02	75	0.17	87
0.0	130.18	68	0.17	105
0.0	130.35	77	0.17	88
0.0	130.52	66	1.33	107
0.0	131.9	67	0.06	104
0.0	131.96	68	0.06	106
0.0	132.02	57	0.17	105
0.0	132.18	56	0.17	106
0.0	132.35	89	0.17	104
0.0	132.52	84	0.08	105
0.0	132.6	85	0.08	105
0.0	132.68	63	0.05	102
0.0	132.73	62	0.06	102
0.0	132.85	60	0.27	103
0.0	136.03	77	0.23	77
0.0	137.03	46	0.26	112
0.0	174.01	96	0.23	121
0.0	175.01	31	0.23	114
0.0	13.26	35	0.26	104
0.0	13.52	34	0.25	105
0.0	13.77	33	0.25	106
0.0	14.02	64	0.25	101
0.0	14.27	81	0.25	112
0.0	14.52	42	0.25	109
0.0	14.77	86	0.25	114
0.0	15.02	40	0.25	110
0.0	15.27	39	0.25	111
0.0	15.52	38	0.25	112
0.0	15.77	37	0.25	113
0.0	16.02	36	0.45	122
0.0	84.0	84	0.68	122
0.0	86.0	66	0.68	120
0.0	88.01	53	0.68	120
0.0	94.52	77	0.23	77
0.0	95.52	77	0.23	77
0.0	131.52	84	0.17	95
0.0	131.79	65	0.06	101
0.0	131.85	66	0.67	102
0.0	132.52	66	0.6	101
0.0	137.03	77	0.23	77
0.0	13.26	77	0.26	108
0.0	13.77	79	0.25	110
0.0	14.02	51	0.25	101
0.0	14.27	87	0.25	112
0.0	14.52	30	0.25	109
0.0	14.77	57	0.25	104
0.0	15.02	28	0.25	110
0.0	15.27	27	0.25	111
0.0	15.52	26	0.25	112
0.0	15.77	25	0.25	113
0.0	16.02	24	0.45	122
0.0	84.0	85	0.68	122
0.0	86.0	71	0.68	120
0.0	88.01	81	0.68	120
0.0	131.52	48	0.25	101
0.0	132.02	47	0.25	106
0.0	132.27	34	0.25	108
0.0	132.52	54	0.6	109
0.0	84.0	87	0.68	122
0.0	88.01	74	0.68	120
0.0	131.52	72	0.67	96
0.0	132.23	71	0.06	111
0.0	132.35	69	0.05	107
0.0	132.4	68	0.06	105
0.0	132.46	67	0.06	103
0.0	132.57	65	0.05	101
0.0	132.68	53	0.17	111
0.0	132.91	59	0.05	104
0.0	132.96	58	0.06	104
0.0	133.02	43	0.25	116
0.0	88.01	52	0.68	120
0.0	132.02	35	0.25	106
0.0	132.27	81	0.08	102
0.0	132.35	82	0.08	103
0.0	132.43	83	0.08	104
0.0	132.68	91	0.17	108
0.0	133.02	31	0.25	116
0.0	88.01	79	0.68	120
0.0	88.01	72	0.68	120
