Track	Start_Time	Pitch	Duration	Dynamic
0.0	0.0	48	1.0	95
0.0	8.0	60	1.0	95
0.0	16.0	53	8.0	95
0.0	24.0	56	1.0	95
0.0	28.0	55	4.0	95
0.0	32.0	48	1.0	95
0.0	40.0	55	17.0	95
0.0	60.0	50	0.73	95
0.0	61.0	50	0.73	95
0.0	62.0	43	0.73	95
0.0	64.0	48	0.48	95
0.0	64.48	48	0.25	95
0.0	64.73	48	0.27	95
0.0	65.0	48	0.23	95
0.0	65.23	48	0.25	95
0.0	65.48	48	0.25	95
0.0	65.73	48	0.27	95
0.0	66.0	48	0.23	95
0.0	66.23	48	0.25	95
0.0	66.48	48	0.25	95
0.0	66.73	48	0.27	95
0.0	67.0	48	0.23	95
0.0	67.23	48	0.25	95
0.0	67.48	48	0.25	95
0.0	67.73	48	0.27	95
0.0	68.0	48	0.23	95
0.0	68.23	48	0.25	95
0.0	68.48	48	0.25	95
0.0	68.73	48	0.27	95
0.0	69.0	48	0.23	95
0.0	69.23	48	0.25	95
0.0	69.48	48	0.25	95
0.0	69.73	48	0.27	95
0.0	70.0	48	0.23	95
0.0	70.23	48	0.25	95
0.0	70.48	48	0.25	95
0.0	70.73	48	0.27	95
0.0	71.0	48	0.23	95
0.0	71.23	48	0.25	95
0.0	71.48	48	0.25	95
0.0	71.73	48	8.75	95
0.0	80.48	41	0.25	95
0.0	80.73	41	0.27	95
0.0	81.0	41	0.23	95
0.0	81.23	41	0.25	95
0.0	81.48	41	0.25	95
0.0	81.73	41	0.27	95
0.0	82.0	41	0.23	95
0.0	82.23	41	0.25	95
0.0	82.48	41	0.25	95
0.0	82.73	41	0.27	95
0.0	83.0	41	0.23	95
0.0	83.23	41	0.25	95
0.0	83.48	41	0.25	95
0.0	83.73	41	0.27	95
0.0	84.0	41	0.23	95
0.0	84.23	41	0.25	95
0.0	84.48	41	0.25	95
0.0	84.73	41	0.27	95
0.0	85.0	41	0.23	95
0.0	85.23	41	0.25	95
0.0	85.48	41	0.25	95
0.0	85.73	41	0.27	95
0.0	86.0	41	0.23	95
0.0	86.23	41	0.25	95
0.0	86.48	41	0.25	95
0.0	86.73	41	0.27	95
0.0	87.0	41	0.23	95
0.0	87.23	41	0.25	95
0.0	87.48	41	0.52	95
0.0	88.0	44	0.48	95
0.0	88.48	44	0.25	95
0.0	88.73	44	0.27	95
0.0	89.0	44	0.23	95
0.0	89.23	44	0.25	95
0.0	89.48	44	0.25	95
0.0	89.73	44	0.27	95
0.0	90.0	44	0.23	95
0.0	90.23	44	0.25	95
0.0	90.48	44	0.25	95
0.0	90.73	44	0.27	95
0.0	91.0	44	0.23	95
0.0	91.23	44	0.25	95
0.0	91.48	44	0.25	95
0.0	91.73	44	0.27	95
0.0	92.0	44	0.23	95
0.0	92.23	44	0.25	95
0.0	92.48	44	0.25	95
0.0	92.73	44	0.27	95
0.0	93.0	44	0.23	95
0.0	93.23	44	0.25	95
0.0	93.48	44	0.25	95
0.0	93.73	44	0.27	95
0.0	94.0	44	0.23	95
0.0	94.23	44	0.25	95
0.0	94.48	44	0.25	95
0.0	94.73	44	0.27	95
0.0	95.0	44	0.23	95
0.0	95.23	44	0.25	95
0.0	95.48	44	0.25	95
0.0	95.73	44	8.75	95
0.0	104.48	44	0.25	95
0.0	104.73	44	0.27	95
0.0	105.0	44	0.23	95
0.0	105.23	44	0.25	95
0.0	105.48	44	0.25	95
0.0	105.73	44	0.27	95
0.0	106.0	44	0.23	95
0.0	106.23	44	0.25	95
0.0	106.48	44	0.25	95
0.0	106.73	44	0.27	95
0.0	107.0	44	0.23	95
0.0	107.23	44	0.25	95
0.0	107.48	44	0.25	95
0.0	107.73	44	0.27	95
0.0	108.0	44	0.23	95
0.0	108.23	44	0.25	95
0.0	108.48	44	0.25	95
0.0	108.73	44	0.27	95
0.0	109.0	44	0.23	95
0.0	109.23	44	0.25	95
0.0	109.48	44	0.25	95
0.0	109.73	44	0.27	95
0.0	110.0	44	0.23	95
0.0	110.23	44	0.25	95
0.0	110.48	44	0.25	95
0.0	110.73	44	0.27	95
0.0	111.0	44	0.23	95
0.0	111.23	44	0.25	95
0.0	111.48	44	0.25	95
0.0	111.73	44	8.75	95
0.0	120.48	44	0.25	95
0.0	120.73	44	0.27	95
0.0	121.0	44	0.23	95
0.0	121.23	44	0.25	95
0.0	121.48	44	0.25	95
0.0	121.73	44	0.27	95
0.0	122.0	44	0.23	95
0.0	122.23	44	0.25	95
0.0	122.48	44	0.25	95
0.0	122.73	44	0.27	95
0.0	123.0	44	0.23	95
0.0	123.23	44	0.25	95
0.0	123.48	44	0.25	95
0.0	123.73	44	0.27	95
0.0	124.0	44	0.23	95
0.0	124.23	44	0.25	95
0.0	124.48	44	0.25	95
0.0	124.73	44	0.27	95
0.0	125.0	44	0.23	95
0.0	125.23	44	0.25	95
0.0	125.48	44	0.25	95
0.0	125.73	44	0.27	95
0.0	126.0	44	0.23	95
0.0	126.23	44	0.25	95
0.0	126.48	44	0.25	95
0.0	126.73	44	0.27	95
0.0	127.0	44	0.23	95
0.0	127.23	44	0.25	95
0.0	127.48	44	0.25	95
0.0	127.73	44	9.27	95
0.0	144.0	46	1.0	95
0.0	152.0	46	0.73	95
0.0	153.0	46	0.73	95
0.0	154.0	46	0.48	95
0.0	154.48	53	13.0	95
0.0	167.48	55	18.0	95
0.0	185.48	48	0.52	95
0.0	186.0	48	0.48	95
0.0	186.48	48	0.52	95
0.0	187.0	55	2.48	95
0.0	189.48	53	3.75	95
0.0	193.23	48	0.0	95
0.0	0.0	55	1.0	95
0.0	8.0	55	1.0	95
0.0	16.0	46	8.0	95
0.0	24.0	51	1.0	95
0.0	28.0	43	4.0	95
0.0	32.0	60	1.0	95
0.0	40.0	60	1.0	95
0.0	48.0	51	8.0	95
0.0	56.0	43	1.0	95
0.0	60.0	55	1.73	95
0.0	62.0	50	0.73	95
0.0	64.0	55	32.48	95
0.0	96.48	48	0.25	95
0.0	96.73	48	0.27	95
0.0	97.0	48	0.23	95
0.0	97.23	48	0.25	95
0.0	97.48	48	0.25	95
0.0	97.73	48	0.27	95
0.0	98.0	48	0.23	95
0.0	98.23	48	0.25	95
0.0	98.48	48	0.25	95
0.0	98.73	48	0.27	95
0.0	99.0	48	0.23	95
0.0	99.23	48	0.25	95
0.0	99.48	48	0.25	95
0.0	99.73	48	0.27	95
0.0	100.0	48	0.23	95
0.0	100.23	48	0.25	95
0.0	100.48	48	0.25	95
0.0	100.73	48	0.27	95
0.0	101.0	48	0.23	95
0.0	101.23	48	0.25	95
0.0	101.48	48	0.25	95
0.0	101.73	48	0.27	95
0.0	102.0	48	0.23	95
0.0	102.23	48	0.25	95
0.0	102.48	48	0.25	95
0.0	102.73	48	0.27	95
0.0	103.0	48	0.23	95
0.0	103.23	48	0.25	95
0.0	103.48	48	0.25	95
0.0	103.73	48	8.75	95
0.0	112.48	41	0.25	95
0.0	112.73	41	0.27	95
0.0	113.0	41	0.23	95
0.0	113.23	41	0.25	95
0.0	113.48	41	0.25	95
0.0	113.73	41	0.27	95
0.0	114.0	41	0.23	95
0.0	114.23	41	0.25	95
0.0	114.48	41	0.25	95
0.0	114.73	41	0.27	95
0.0	115.0	41	0.23	95
0.0	115.23	41	0.25	95
0.0	115.48	41	0.25	95
0.0	115.73	41	0.27	95
0.0	116.0	41	0.23	95
0.0	116.23	41	0.25	95
0.0	116.48	41	0.25	95
0.0	116.73	41	0.27	95
0.0	117.0	41	0.23	95
0.0	117.23	41	0.25	95
0.0	117.48	41	0.25	95
0.0	117.73	41	0.27	95
0.0	118.0	41	0.23	95
0.0	118.23	41	0.25	95
0.0	118.48	41	0.25	95
0.0	118.73	41	0.27	95
0.0	119.0	41	0.23	95
0.0	119.23	41	0.25	95
0.0	119.48	41	0.25	95
0.0	119.73	41	73.5	95
0.0	0.0	60	1.0	95
0.0	8.0	48	1.0	95
0.0	16.0	58	8.0	95
0.0	24.0	44	1.0	95
0.0	28.0	50	4.0	95
0.0	32.0	55	9.0	95
0.0	48.0	44	8.0	95
0.0	56.0	50	1.0	95
0.0	60.0	43	0.73	95
0.0	61.0	55	1.73	95
0.0	72.0	44	0.48	95
0.0	72.48	44	0.25	95
0.0	72.73	44	0.27	95
0.0	73.0	44	0.23	95
0.0	73.23	44	0.25	95
0.0	73.48	44	0.25	95
0.0	73.73	44	0.27	95
0.0	74.0	44	0.23	95
0.0	74.23	44	0.25	95
0.0	74.48	44	0.25	95
0.0	74.73	44	0.27	95
0.0	75.0	44	0.23	95
0.0	75.23	44	0.25	95
0.0	75.48	44	0.25	95
0.0	75.73	44	0.27	95
0.0	76.0	44	0.23	95
0.0	76.23	44	0.25	95
0.0	76.48	44	0.25	95
0.0	76.73	44	0.27	95
0.0	77.0	44	0.23	95
0.0	77.23	44	0.25	95
0.0	77.48	44	0.25	95
0.0	77.73	44	0.27	95
0.0	78.0	44	0.23	95
0.0	78.23	44	0.25	95
0.0	78.48	44	0.25	95
0.0	78.73	44	0.27	95
0.0	79.0	44	0.23	95
0.0	79.23	44	0.25	95
0.0	79.48	44	0.25	95
0.0	79.73	44	8.75	95
0.0	96.0	48	0.48	95
0.0	104.0	51	0.48	95
0.0	112.0	48	17.0	95
0.0	136.0	44	32.48	95
0.0	168.73	44	0.27	95
0.0	169.0	44	0.23	95
0.0	169.23	44	0.25	95
0.0	169.48	44	0.52	95
0.0	170.0	44	0.23	95
0.0	170.23	44	0.25	95
0.0	170.48	44	0.52	95
0.0	171.0	44	0.23	95
0.0	171.23	44	0.25	95
0.0	171.48	44	0.25	95
0.0	171.73	44	0.27	95
0.0	172.0	44	0.48	95
0.0	172.48	44	0.52	95
0.0	173.0	44	0.23	95
0.0	173.23	44	0.5	95
0.0	173.73	44	0.27	95
0.0	174.0	44	0.48	95
0.0	174.48	44	0.25	95
0.0	174.73	44	0.27	95
0.0	175.0	44	0.23	95
0.0	175.23	44	0.25	95
0.0	175.48	44	0.52	95
0.0	176.0	53	4.0	95
0.0	180.0	46	0.48	95
0.0	180.48	46	0.25	95
0.0	180.73	46	0.27	95
0.0	181.0	46	0.23	95
0.0	181.23	46	0.25	95
0.0	181.48	53	8.52	95
0.0	190.0	60	0.48	95
0.0	190.48	48	0.52	95
0.0	191.0	48	0.48	95
0.0	191.48	48	0.52	95
0.0	192.0	55	1.23	95
0.0	40.0	48	1.0	95
0.0	48.0	56	8.0	95
0.0	56.0	55	4.73	95
0.0	61.0	43	0.73	95
0.0	62.0	55	2.48	95
0.0	72.0	51	0.48	95
0.0	80.0	41	0.48	95
0.0	87.73	41	24.75	95
0.0	120.0	51	0.48	95
0.0	128.0	60	1.0	95
0.0	136.0	51	1.0	95
0.0	144.0	53	1.0	95
0.0	152.0	53	0.73	95
0.0	153.0	53	0.73	95
0.0	154.0	53	0.48	95
0.0	154.48	46	22.0	95
0.0	176.48	46	0.25	95
0.0	176.73	46	0.27	95
0.0	177.0	46	0.23	95
0.0	177.23	46	0.25	95
0.0	177.48	53	2.52	95
0.0	180.0	53	4.0	95
0.0	184.0	48	0.48	95
0.0	184.48	48	0.52	95
0.0	185.0	55	2.48	95
0.0	187.48	48	1.0	95
0.0	188.48	60	1.0	95
0.0	189.48	58	3.75	95
0.0	80.0	48	16.48	95
0.0	104.0	44	0.48	95
0.0	112.0	41	0.48	95
0.0	120.0	44	0.48	95
0.0	128.0	55	29.0	95
0.0	160.0	55	6.48	95
0.0	166.48	55	1.52	95
0.0	168.0	44	0.48	95
0.0	168.48	44	0.25	95
0.0	169.73	44	0.27	95
0.0	170.73	44	0.27	95
0.0	172.23	44	0.25	95
0.0	172.73	44	0.27	95
0.0	173.48	44	0.25	95
0.0	174.23	44	0.25	95
0.0	175.73	44	17.5	95
0.0	88.0	51	0.48	95
0.0	96.0	55	33.0	95
0.0	136.0	56	1.0	95
0.0	144.0	58	1.0	95
0.0	152.0	58	0.73	95
0.0	153.0	58	0.73	95
0.0	154.0	58	0.48	95
0.0	154.48	58	13.0	95
0.0	167.48	60	0.52	95
0.0	168.0	51	0.48	95
0.0	176.0	46	0.48	95
0.0	177.48	46	2.52	95
0.0	181.48	58	8.52	95
0.0	190.0	55	2.48	95
0.0	192.48	48	0.25	95
0.0	192.73	48	0.27	95
0.0	193.0	48	0.23	95
0.0	128.0	48	29.0	95
0.0	160.0	48	0.48	95
0.0	160.48	48	0.25	95
0.0	160.73	48	0.27	95
0.0	161.0	48	0.23	95
0.0	161.23	48	0.25	95
0.0	161.48	48	0.25	95
0.0	161.73	48	0.27	95
0.0	162.0	48	0.23	95
0.0	162.23	48	0.5	95
0.0	162.73	48	0.27	95
0.0	163.0	48	0.23	95
0.0	163.23	48	0.25	95
0.0	163.48	48	0.25	95
0.0	163.73	48	0.27	95
0.0	164.0	48	0.48	95
0.0	164.48	48	0.25	95
0.0	164.73	48	0.27	95
0.0	165.0	48	0.23	95
0.0	165.23	48	0.25	95
0.0	165.48	48	0.25	95
0.0	165.73	48	0.27	95
0.0	166.0	55	0.48	95
0.0	166.48	48	18.0	95
0.0	185.0	48	0.48	95
0.0	187.0	48	0.48	95
0.0	188.0	48	3.0	95
0.0	192.0	48	0.48	95
0.0	156.0	55	4.48	95
0.0	162.48	48	0.25	95
0.0	164.23	48	0.25	95
0.0	166.0	48	0.48	95
0.0	167.0	53	9.48	95
0.0	177.48	58	6.52	95
0.0	188.48	55	2.0	95
0.0	156.0	60	1.0	95
0.0	167.0	58	13.0	95
0.0	181.48	46	11.75	95
0.0	156.0	48	4.48	95
1.0	0.0	55	1.0	95
1.0	8.0	55	1.0	95
1.0	16.0	58	8.0	95
1.0	24.0	56	1.0	95
1.0	28.0	43	4.0	95
1.0	32.0	55	9.0	95
1.0	48.0	44	8.0	95
1.0	56.0	43	1.0	95
1.0	60.0	55	1.73	95
1.0	62.0	43	0.73	95
1.0	64.0	48	0.48	95
1.0	64.48	48	0.25	95
1.0	64.73	48	0.27	95
1.0	65.0	48	0.23	95
1.0	65.23	48	0.25	95
1.0	65.48	48	0.25	95
1.0	65.73	48	0.27	95
1.0	66.0	48	0.23	95
1.0	66.23	48	0.25	95
1.0	66.48	48	0.25	95
1.0	66.73	48	0.27	95
1.0	67.0	48	0.23	95
1.0	67.23	48	0.25	95
1.0	67.48	48	0.25	95
1.0	67.73	48	0.27	95
1.0	68.0	48	0.23	95
1.0	68.23	48	0.25	95
1.0	68.48	48	0.25	95
1.0	68.73	48	0.27	95
1.0	69.0	48	0.23	95
1.0	69.23	48	0.25	95
1.0	69.48	48	0.25	95
1.0	69.73	48	0.27	95
1.0	70.0	48	0.23	95
1.0	70.23	48	0.25	95
1.0	70.48	48	0.25	95
1.0	70.73	48	0.27	95
1.0	71.0	48	0.23	95
1.0	71.23	48	0.25	95
1.0	71.48	48	0.25	95
1.0	71.73	48	8.75	95
1.0	80.48	41	0.25	95
1.0	80.73	41	0.27	95
1.0	81.0	41	0.23	95
1.0	81.23	41	0.25	95
1.0	81.48	41	0.25	95
1.0	81.73	41	0.27	95
1.0	82.0	41	0.48	95
1.0	82.48	41	0.25	95
1.0	82.73	41	0.27	95
1.0	83.0	41	0.23	95
1.0	83.23	41	0.25	95
1.0	83.48	41	0.25	95
1.0	83.73	41	0.27	95
1.0	84.0	41	0.23	95
1.0	84.23	41	0.25	95
1.0	84.48	41	0.25	95
1.0	84.73	41	0.27	95
1.0	85.0	41	0.23	95
1.0	85.23	41	0.25	95
1.0	85.48	41	0.25	95
1.0	85.73	41	0.27	95
1.0	86.0	41	0.23	95
1.0	86.23	41	0.25	95
1.0	86.48	41	0.25	95
1.0	86.73	41	0.27	95
1.0	87.0	41	0.23	95
1.0	87.23	41	0.25	95
1.0	87.48	41	0.25	95
1.0	87.73	41	24.75	95
1.0	112.48	41	0.25	95
1.0	112.73	41	0.27	95
1.0	113.0	41	0.23	95
1.0	113.23	41	0.25	95
1.0	113.48	41	0.25	95
1.0	113.73	41	0.27	95
1.0	114.0	41	0.23	95
1.0	114.23	41	0.25	95
1.0	114.48	41	0.25	95
1.0	114.73	41	0.27	95
1.0	115.0	41	0.23	95
1.0	115.23	41	0.25	95
1.0	115.48	41	0.25	95
1.0	115.73	41	0.27	95
1.0	116.0	41	0.23	95
1.0	116.23	41	0.25	95
1.0	116.48	41	0.25	95
1.0	116.73	41	0.27	95
1.0	117.0	41	0.23	95
1.0	117.23	41	0.25	95
1.0	117.48	41	0.25	95
1.0	117.73	41	0.27	95
1.0	118.0	41	0.23	95
1.0	118.23	41	0.25	95
1.0	118.48	41	0.25	95
1.0	118.73	41	0.27	95
1.0	119.0	41	0.23	95
1.0	119.23	41	0.25	95
1.0	119.48	41	0.25	95
1.0	119.73	41	73.5	95
1.0	0.0	48	1.0	95
1.0	8.0	48	1.0	95
1.0	16.0	46	8.0	95
1.0	24.0	44	1.0	95
1.0	28.0	50	4.0	95
1.0	32.0	60	1.0	95
1.0	40.0	55	17.0	95
1.0	60.0	50	0.73	95
1.0	61.0	43	0.73	95
1.0	62.0	55	2.48	95
1.0	72.0	44	0.48	95
1.0	72.48	44	0.25	95
1.0	72.73	44	0.27	95
1.0	73.0	44	0.23	95
1.0	73.23	44	0.25	95
1.0	73.48	44	0.25	95
1.0	73.73	44	0.27	95
1.0	74.0	44	0.23	95
1.0	74.23	44	0.25	95
1.0	74.48	44	0.25	95
1.0	74.73	44	0.27	95
1.0	75.0	44	0.23	95
1.0	75.23	44	0.25	95
1.0	75.48	44	0.25	95
1.0	75.73	44	0.27	95
1.0	76.0	44	0.23	95
1.0	76.23	44	0.25	95
1.0	76.48	44	0.25	95
1.0	76.73	44	0.27	95
1.0	77.0	44	0.23	95
1.0	77.23	44	0.25	95
1.0	77.48	44	0.25	95
1.0	77.73	44	0.27	95
1.0	78.0	44	0.23	95
1.0	78.23	44	0.25	95
1.0	78.48	44	0.25	95
1.0	78.73	44	0.27	95
1.0	79.0	44	0.23	95
1.0	79.23	44	0.25	95
1.0	79.48	44	0.25	95
1.0	79.73	44	8.75	95
1.0	88.48	44	0.25	95
1.0	88.73	44	0.27	95
1.0	89.0	44	0.23	95
1.0	89.23	44	0.25	95
1.0	89.48	44	0.25	95
1.0	89.73	44	0.27	95
1.0	90.0	44	0.23	95
1.0	90.23	44	0.25	95
1.0	90.48	44	0.25	95
1.0	90.73	44	0.27	95
1.0	91.0	44	0.23	95
1.0	91.23	44	0.25	95
1.0	91.48	44	0.25	95
1.0	91.73	44	0.27	95
1.0	92.0	44	0.23	95
1.0	92.23	44	0.25	95
1.0	92.48	44	0.25	95
1.0	92.73	44	0.27	95
1.0	93.0	44	0.23	95
1.0	93.23	44	0.25	95
1.0	93.48	44	0.25	95
1.0	93.73	44	0.27	95
1.0	94.0	44	0.23	95
1.0	94.23	44	0.25	95
1.0	94.48	44	0.25	95
1.0	94.73	44	0.27	95
1.0	95.0	44	0.23	95
1.0	95.23	44	0.25	95
1.0	95.48	44	0.25	95
1.0	95.73	44	8.75	95
1.0	104.48	44	0.25	95
1.0	104.73	44	0.27	95
1.0	105.0	44	0.23	95
1.0	105.23	44	0.25	95
1.0	105.48	44	0.25	95
1.0	105.73	44	0.27	95
1.0	106.0	44	0.23	95
1.0	106.23	44	0.25	95
1.0	106.48	44	0.25	95
1.0	106.73	44	0.27	95
1.0	107.0	44	0.23	95
1.0	107.23	44	0.25	95
1.0	107.48	44	0.25	95
1.0	107.73	44	0.27	95
1.0	108.0	44	0.23	95
1.0	108.23	44	0.25	95
1.0	108.48	44	0.25	95
1.0	108.73	44	0.27	95
1.0	109.0	44	0.23	95
1.0	109.23	44	0.25	95
1.0	109.48	44	0.25	95
1.0	109.73	44	0.27	95
1.0	110.0	44	0.23	95
1.0	110.23	44	0.25	95
1.0	110.48	44	0.25	95
1.0	110.73	44	0.27	95
1.0	111.0	44	0.23	95
1.0	111.23	44	0.25	95
1.0	111.48	44	0.25	95
1.0	111.73	44	8.75	95
1.0	120.48	44	0.25	95
1.0	120.73	44	0.27	95
1.0	121.0	44	0.23	95
1.0	121.23	44	0.25	95
1.0	121.48	44	0.25	95
1.0	121.73	44	0.27	95
1.0	122.0	44	0.23	95
1.0	122.23	44	0.25	95
1.0	122.48	44	0.25	95
1.0	122.73	44	0.27	95
1.0	123.0	44	0.23	95
1.0	123.23	44	0.25	95
1.0	123.48	44	0.25	95
1.0	123.73	44	0.27	95
1.0	124.0	44	0.23	95
1.0	124.23	44	0.25	95
1.0	124.48	44	0.25	95
1.0	124.73	44	0.27	95
1.0	125.0	44	0.23	95
1.0	125.23	44	0.25	95
1.0	125.48	44	0.25	95
1.0	125.73	44	0.27	95
1.0	126.0	44	0.23	95
1.0	126.23	44	0.25	95
1.0	126.48	44	0.25	95
1.0	126.73	44	0.27	95
1.0	127.0	44	0.23	95
1.0	127.23	44	0.25	95
1.0	127.48	44	0.25	95
1.0	127.73	44	9.27	95
1.0	144.0	46	1.0	95
1.0	152.0	46	0.73	95
1.0	153.0	53	0.73	95
1.0	154.0	46	0.48	95
1.0	154.48	58	13.0	95
1.0	167.48	60	0.52	95
1.0	168.0	44	0.48	95
1.0	168.48	44	0.25	95
1.0	168.73	44	0.27	95
1.0	169.0	44	0.23	95
1.0	169.23	44	0.25	95
1.0	169.48	44	0.52	95
1.0	170.0	44	0.23	95
1.0	170.23	44	0.25	95
1.0	170.48	44	0.25	95
1.0	170.73	44	0.27	95
1.0	171.0	44	0.23	95
1.0	171.23	44	0.25	95
1.0	171.48	44	0.25	95
1.0	171.73	44	0.27	95
1.0	172.0	44	0.48	95
1.0	172.48	44	0.52	95
1.0	173.0	44	0.23	95
1.0	173.23	44	0.5	95
1.0	173.73	44	0.27	95
1.0	174.0	44	0.48	95
1.0	174.48	44	0.25	95
1.0	174.73	44	0.27	95
1.0	175.0	44	0.23	95
1.0	175.23	44	0.25	95
1.0	175.48	44	0.52	95
1.0	176.0	53	4.0	95
1.0	180.0	46	0.48	95
1.0	180.48	46	0.52	95
1.0	181.0	46	0.23	95
1.0	181.23	46	0.25	95
1.0	181.48	53	8.52	95
1.0	190.0	55	2.48	95
1.0	192.48	48	0.25	95
1.0	192.73	48	0.27	95
1.0	193.0	48	0.23	95
1.0	193.23	48	0.0	95
1.0	0.0	60	1.0	95
1.0	8.0	60	1.0	95
1.0	16.0	53	8.0	95
1.0	24.0	51	1.0	95
1.0	28.0	55	4.0	95
1.0	32.0	48	1.0	95
1.0	40.0	48	1.0	95
1.0	48.0	56	8.0	95
1.0	56.0	50	1.0	95
1.0	60.0	43	0.73	95
1.0	61.0	50	0.73	95
1.0	62.0	50	0.73	95
1.0	64.0	55	32.48	95
1.0	96.48	48	0.25	95
1.0	96.73	48	0.27	95
1.0	97.0	48	0.23	95
1.0	97.23	48	0.25	95
1.0	97.48	48	0.25	95
1.0	97.73	48	0.27	95
1.0	98.0	48	0.23	95
1.0	98.23	48	0.25	95
1.0	98.48	48	0.25	95
1.0	98.73	48	0.27	95
1.0	99.0	48	0.23	95
1.0	99.23	48	0.25	95
1.0	99.48	48	0.25	95
1.0	99.73	48	0.27	95
1.0	100.0	48	0.23	95
1.0	100.23	48	0.25	95
1.0	100.48	48	0.25	95
1.0	100.73	48	0.27	95
1.0	101.0	48	0.23	95
1.0	101.23	48	0.25	95
1.0	101.48	48	0.25	95
1.0	101.73	48	0.27	95
1.0	102.0	48	0.23	95
1.0	102.23	48	0.25	95
1.0	102.48	48	0.25	95
1.0	102.73	48	0.27	95
1.0	103.0	48	0.23	95
1.0	103.23	48	0.25	95
1.0	103.48	48	0.25	95
1.0	103.73	48	8.75	95
1.0	120.0	44	0.48	95
1.0	128.0	60	1.0	95
1.0	136.0	56	1.0	95
1.0	144.0	53	1.0	95
1.0	152.0	53	0.73	95
1.0	153.0	46	0.73	95
1.0	154.0	53	0.48	95
1.0	154.48	53	13.0	95
1.0	167.48	55	18.0	95
1.0	185.48	48	0.52	95
1.0	186.0	48	0.48	95
1.0	186.48	48	0.52	95
1.0	187.0	55	2.48	95
1.0	189.48	53	3.75	95
1.0	40.0	60	1.0	95
1.0	48.0	51	8.0	95
1.0	56.0	55	4.73	95
1.0	61.0	55	1.73	95
1.0	72.0	51	0.48	95
1.0	80.0	41	0.48	95
1.0	82.23	41	0.25	95
1.0	88.0	51	0.48	95
1.0	96.0	48	0.48	95
1.0	104.0	51	0.48	95
1.0	112.0	48	17.0	95
1.0	136.0	51	1.0	95
1.0	144.0	58	1.0	95
1.0	152.0	58	0.73	95
1.0	153.0	58	0.73	95
1.0	154.0	58	0.48	95
1.0	154.48	46	22.0	95
1.0	176.48	46	0.25	95
1.0	176.73	46	0.27	95
1.0	177.0	46	0.23	95
1.0	177.23	46	0.25	95
1.0	177.48	46	2.52	95
1.0	180.0	53	4.0	95
1.0	184.0	48	0.48	95
1.0	184.48	48	0.52	95
1.0	185.0	48	0.48	95
1.0	187.0	48	0.48	95
1.0	187.48	48	1.0	95
1.0	188.48	55	2.0	95
1.0	190.48	48	0.52	95
1.0	191.0	48	0.48	95
1.0	191.48	48	0.52	95
1.0	192.0	55	1.23	95
1.0	80.0	48	16.48	95
1.0	104.0	44	0.48	95
1.0	112.0	41	0.48	95
1.0	120.0	51	0.48	95
1.0	128.0	48	29.0	95
1.0	160.0	48	0.48	95
1.0	160.48	48	0.25	95
1.0	160.73	48	0.27	95
1.0	161.0	48	0.23	95
1.0	161.23	48	0.25	95
1.0	161.48	48	0.52	95
1.0	162.0	48	0.23	95
1.0	162.23	48	0.5	95
1.0	162.73	48	0.27	95
1.0	163.0	48	0.23	95
1.0	163.23	48	0.25	95
1.0	163.48	48	0.25	95
1.0	163.73	48	0.27	95
1.0	164.0	48	0.48	95
1.0	164.48	48	0.25	95
1.0	164.73	48	0.27	95
1.0	165.0	48	0.23	95
1.0	165.23	48	0.5	95
1.0	165.73	48	0.27	95
1.0	166.0	55	0.48	95
1.0	166.48	48	18.0	95
1.0	185.0	55	2.48	95
1.0	188.0	48	3.0	95
1.0	192.0	48	0.48	95
1.0	88.0	44	0.48	95
1.0	96.0	55	33.0	95
1.0	136.0	44	32.48	95
1.0	169.73	44	0.27	95
1.0	172.23	44	0.25	95
1.0	172.73	44	0.27	95
1.0	173.48	44	0.25	95
1.0	174.23	44	0.25	95
1.0	175.73	44	17.5	95
1.0	128.0	55	29.0	95
1.0	160.0	55	6.48	95
1.0	166.48	55	1.52	95
1.0	168.0	51	0.48	95
1.0	176.0	46	0.48	95
1.0	177.48	58	6.52	95
1.0	188.48	60	1.0	95
1.0	189.48	58	3.75	95
1.0	156.0	48	4.48	95
1.0	161.73	48	0.27	95
1.0	162.48	48	0.25	95
1.0	164.23	48	0.25	95
1.0	165.48	48	0.25	95
1.0	166.0	48	0.48	95
1.0	167.0	58	13.0	95
1.0	180.73	46	0.27	95
1.0	181.48	58	8.52	95
1.0	190.0	60	0.48	95
1.0	156.0	55	4.48	95
1.0	167.0	53	9.48	95
1.0	177.48	53	2.52	95
1.0	181.48	46	11.75	95
1.0	156.0	60	1.0	95
2.0	64.0	75	0.23	95
2.0	64.23	75	0.25	95
2.0	64.48	75	0.25	95
2.0	64.73	75	1.0	95
2.0	65.73	75	0.27	95
2.0	66.0	75	0.23	95
2.0	66.23	75	1.0	95
2.0	67.23	75	1.0	95
2.0	68.23	75	0.25	95
2.0	68.48	75	0.25	95
2.0	68.73	75	1.0	95
2.0	69.73	75	0.27	95
2.0	70.0	75	0.23	95
2.0	70.23	75	1.0	95
2.0	71.23	75	2.0	95
2.0	73.23	75	1.5	95
2.0	74.73	75	1.0	95
2.0	75.73	75	1.5	95
2.0	77.23	75	1.5	95
2.0	78.73	75	1.0	95
2.0	79.73	75	8.5	95
2.0	88.23	75	0.25	95
2.0	88.48	75	0.25	95
2.0	88.73	75	1.0	95
2.0	89.73	75	0.27	95
2.0	90.0	75	0.23	95
2.0	90.23	75	1.0	95
2.0	91.23	75	1.5	95
2.0	92.73	77	1.0	95
2.0	93.73	79	2.27	95
2.0	96.0	75	0.23	95
2.0	96.23	75	0.25	95
2.0	96.48	75	0.25	95
2.0	96.73	75	1.0	95
2.0	97.73	75	0.27	95
2.0	98.0	75	0.23	95
2.0	98.23	75	1.0	95
2.0	99.23	75	1.0	95
2.0	100.23	75	0.25	95
2.0	100.48	75	0.25	95
2.0	100.73	75	1.0	95
2.0	101.73	75	0.27	95
2.0	102.0	75	0.23	95
2.0	102.23	75	1.0	95
2.0	103.23	75	2.0	95
2.0	105.23	75	1.5	95
2.0	106.73	75	1.0	95
2.0	107.73	75	1.5	95
2.0	109.23	75	1.5	95
2.0	110.73	75	1.0	95
2.0	111.73	75	8.5	95
2.0	120.23	72	1.51	76
2.0	121.9	75	6.1	95
2.0	65.0	72	0.23	95
2.0	65.23	72	1.5	95
2.0	66.73	72	1.0	95
2.0	67.73	72	1.5	95
2.0	69.23	72	1.5	95
2.0	70.73	72	1.0	95
2.0	71.73	72	9.5	95
2.0	81.23	72	1.5	95
2.0	82.73	72	1.0	95
2.0	83.73	72	1.5	95
2.0	85.23	72	1.5	95
2.0	86.73	72	1.0	95
2.0	87.73	72	1.5	95
2.0	89.23	72	1.5	95
2.0	90.73	72	1.0	95
2.0	91.73	72	0.27	95
2.0	92.0	72	5.23	95
2.0	97.23	72	1.5	95
2.0	98.73	72	1.0	95
2.0	99.73	72	1.5	95
2.0	101.23	72	1.5	95
2.0	102.73	72	1.0	95
2.0	103.73	72	9.5	95
2.0	113.23	72	1.5	95
2.0	114.73	72	1.0	95
2.0	115.73	72	1.5	95
2.0	117.23	72	1.5	95
2.0	118.73	72	1.0	95
2.0	119.73	72	0.75	95
2.0	120.48	68	0.25	95
2.0	120.73	63	0.27	95
2.0	121.0	67	0.23	95
2.0	121.23	68	0.25	95
2.0	121.48	70	0.25	95
2.0	121.73	72	0.75	95
2.0	122.48	68	0.25	95
2.0	122.73	63	0.27	95
2.0	123.0	67	0.23	95
2.0	123.23	68	0.25	95
2.0	123.48	70	0.25	95
2.0	123.73	72	4.27	95
2.0	65.48	75	0.25	95
2.0	66.48	72	0.25	95
2.0	67.0	75	0.23	95
2.0	67.48	72	0.25	95
2.0	68.0	75	0.23	95
2.0	69.0	72	0.23	95
2.0	69.48	75	0.25	95
2.0	70.48	72	0.25	95
2.0	71.0	75	0.23	95
2.0	71.48	72	0.25	95
2.0	72.0	79	0.23	95
2.0	72.23	79	0.25	95
2.0	72.48	79	0.25	95
2.0	72.73	79	1.0	95
2.0	73.73	79	0.27	95
2.0	74.0	79	0.23	95
2.0	74.23	79	1.0	95
2.0	75.23	79	1.0	95
2.0	76.23	79	0.25	95
2.0	76.48	79	0.25	95
2.0	76.73	79	1.0	95
2.0	77.73	79	0.27	95
2.0	78.0	79	0.23	95
2.0	78.23	79	1.0	95
2.0	79.23	79	14.51	95
2.0	93.9	75	2.33	95
2.0	97.0	72	0.23	95
2.0	97.48	75	0.25	95
2.0	98.48	72	0.25	95
2.0	99.0	75	0.23	95
2.0	99.48	72	0.25	95
2.0	100.0	75	0.23	95
2.0	101.0	72	0.23	95
2.0	101.48	75	0.25	95
2.0	102.48	72	0.25	95
2.0	103.0	75	0.23	95
2.0	103.48	72	0.25	95
2.0	104.0	79	0.23	95
2.0	104.23	79	0.25	95
2.0	104.48	79	0.25	95
2.0	104.73	79	1.0	95
2.0	105.73	79	0.27	95
2.0	106.0	79	0.23	95
2.0	106.23	79	1.0	95
2.0	107.23	79	1.0	95
2.0	108.23	79	0.25	95
2.0	108.48	79	0.25	95
2.0	108.73	79	1.0	95
2.0	109.73	79	0.27	95
2.0	110.0	79	0.23	95
2.0	110.23	79	1.0	95
2.0	111.23	79	16.77	95
2.0	73.0	75	0.23	95
2.0	73.48	79	0.25	95
2.0	74.48	75	0.25	95
2.0	75.0	79	0.23	95
2.0	75.48	75	0.25	95
2.0	76.0	79	0.23	95
2.0	77.0	75	0.23	95
2.0	77.48	79	0.25	95
2.0	78.48	75	0.25	95
2.0	79.0	79	0.23	95
2.0	79.48	75	0.25	95
2.0	80.0	77	0.23	95
2.0	80.23	77	0.25	95
2.0	80.48	77	0.25	95
2.0	80.73	77	1.0	95
2.0	81.73	77	0.27	95
2.0	82.0	77	0.23	95
2.0	82.23	77	1.0	95
2.0	83.23	77	1.0	95
2.0	84.23	77	0.25	95
2.0	84.48	77	0.25	95
2.0	84.73	77	1.0	95
2.0	85.73	77	0.27	95
2.0	86.0	77	0.23	95
2.0	86.23	77	1.0	95
2.0	87.23	77	5.77	95
2.0	93.0	74	0.23	95
2.0	93.23	75	1.0	95
2.0	94.33	77	17.9	95
2.0	112.23	77	0.25	95
2.0	112.48	77	0.25	95
2.0	112.73	77	1.0	95
2.0	113.73	77	0.27	95
2.0	114.0	77	0.23	95
2.0	114.23	77	1.0	95
2.0	115.23	77	1.0	95
2.0	116.23	77	0.25	95
2.0	116.48	77	0.25	95
2.0	116.73	77	1.0	95
2.0	117.73	77	0.27	95
2.0	118.0	77	0.23	95
2.0	118.23	77	1.0	95
2.0	119.23	77	8.77	95
2.0	81.0	72	0.23	95
2.0	81.48	77	0.25	95
2.0	82.48	72	0.25	95
2.0	83.0	77	0.23	95
2.0	83.48	72	0.25	95
2.0	84.0	77	0.23	95
2.0	85.0	72	0.23	95
2.0	85.48	77	0.25	95
2.0	86.48	72	0.25	95
2.0	87.0	77	0.23	95
2.0	87.48	72	0.25	95
2.0	88.0	75	0.23	95
2.0	89.0	72	0.23	95
2.0	89.48	75	0.25	95
2.0	90.48	72	0.25	95
2.0	91.0	75	0.23	95
2.0	91.48	72	0.25	95
2.0	92.23	74	0.25	95
2.0	92.48	75	1.0	95
2.0	93.48	77	1.25	95
2.0	94.82	79	9.42	95
2.0	105.0	75	0.23	95
2.0	105.48	79	0.25	95
2.0	106.48	75	0.25	95
2.0	107.0	79	0.23	95
2.0	107.48	75	0.25	95
2.0	108.0	79	0.23	95
2.0	109.0	75	0.23	95
2.0	109.48	79	0.25	95
2.0	110.48	75	0.25	95
2.0	111.0	79	0.23	95
2.0	111.48	75	0.25	95
2.0	112.0	77	0.23	95
2.0	113.0	72	0.23	95
2.0	113.48	77	0.25	95
2.0	114.48	72	0.25	95
2.0	115.0	77	0.23	95
2.0	115.48	72	0.25	95
2.0	116.0	77	0.23	95
2.0	117.0	72	0.23	95
2.0	117.48	77	0.25	95
2.0	118.48	72	0.25	95
2.0	119.0	77	0.23	95
2.0	119.48	72	0.25	95
2.0	120.0	75	2.23	95
2.0	122.23	72	1.77	76
2.0	124.0	92	4.0	50
3.0	64.0	72	0.23	79
3.0	64.23	72	0.25	79
3.0	64.48	72	0.25	79
3.0	64.73	72	1.0	79
3.0	65.73	72	0.27	79
3.0	66.0	72	0.23	79
3.0	66.23	72	1.0	79
3.0	67.23	72	1.0	79
3.0	68.23	72	0.25	79
3.0	68.48	72	0.25	79
3.0	68.73	72	1.0	79
3.0	69.73	72	0.27	79
3.0	70.0	72	0.23	79
3.0	70.23	72	1.0	79
3.0	71.23	72	2.0	79
3.0	73.23	72	1.5	79
3.0	74.73	72	1.0	79
3.0	75.73	72	1.5	79
3.0	77.23	72	1.5	79
3.0	78.73	72	1.0	79
3.0	79.73	72	0.27	79
3.0	80.0	72	0.48	79
3.0	80.48	72	0.25	79
3.0	80.73	72	1.0	79
3.0	81.73	72	0.27	79
3.0	82.0	72	0.23	79
3.0	82.23	72	1.0	79
3.0	83.23	72	1.0	79
3.0	84.23	72	0.25	79
3.0	84.48	72	0.25	79
3.0	84.73	72	1.0	79
3.0	85.73	72	0.27	79
3.0	86.0	72	0.23	79
3.0	86.23	72	1.0	79
3.0	87.23	72	1.0	79
3.0	88.23	72	0.25	79
3.0	88.48	72	0.25	79
3.0	88.73	72	1.0	79
3.0	89.73	72	0.27	79
3.0	90.0	72	0.23	79
3.0	90.23	72	1.0	79
3.0	91.23	72	1.5	79
3.0	92.73	74	0.27	79
3.0	93.0	70	0.23	79
3.0	93.23	72	1.0	79
3.0	94.33	74	0.4	79
3.0	94.82	75	9.42	79
3.0	104.23	75	0.25	79
3.0	104.48	75	0.25	79
3.0	104.73	75	1.0	79
3.0	105.73	75	0.27	79
3.0	106.0	75	0.23	79
3.0	106.23	75	1.0	79
3.0	107.23	75	1.0	79
3.0	108.23	75	0.25	79
3.0	108.48	75	0.25	79
3.0	108.73	75	1.0	79
3.0	109.73	75	0.27	79
3.0	110.0	75	0.23	79
3.0	110.23	75	1.0	79
3.0	111.23	75	16.77	79
3.0	65.0	67	0.23	79
3.0	65.23	67	1.5	79
3.0	66.73	67	1.0	79
3.0	67.73	67	1.5	79
3.0	69.23	67	1.5	79
3.0	70.73	67	1.0	79
3.0	71.73	67	17.5	79
3.0	89.23	67	1.5	79
3.0	90.73	67	1.0	79
3.0	91.73	67	0.27	79
3.0	92.0	67	5.23	79
3.0	97.23	67	1.5	79
3.0	98.73	67	1.0	79
3.0	99.73	67	1.5	79
3.0	101.23	67	1.5	79
3.0	102.73	67	1.0	79
3.0	103.73	67	18.0	79
3.0	121.73	68	0.75	79
3.0	122.48	65	0.25	79
3.0	122.73	60	0.27	79
3.0	123.0	63	0.23	79
3.0	123.23	65	0.25	79
3.0	123.48	67	4.52	79
3.0	65.48	72	0.25	79
3.0	66.48	67	0.25	79
3.0	67.0	72	0.23	79
3.0	67.48	67	0.25	79
3.0	68.0	72	0.48	79
3.0	69.0	67	0.23	79
3.0	69.48	72	0.25	79
3.0	70.48	67	0.25	79
3.0	71.0	72	0.23	79
3.0	71.48	67	0.25	79
3.0	72.0	75	0.23	79
3.0	72.23	75	0.25	79
3.0	72.48	75	0.25	79
3.0	72.73	75	1.0	79
3.0	73.73	75	0.27	79
3.0	74.0	75	0.23	79
3.0	74.23	75	1.0	79
3.0	75.23	75	1.0	79
3.0	76.23	75	0.25	79
3.0	76.48	75	0.25	79
3.0	76.73	75	1.0	79
3.0	77.73	75	0.27	79
3.0	78.0	75	0.23	79
3.0	78.23	75	1.0	79
3.0	79.23	75	14.51	79
3.0	93.9	72	2.33	79
3.0	96.23	72	0.25	79
3.0	96.48	72	0.25	79
3.0	96.73	72	1.0	79
3.0	97.73	72	0.27	79
3.0	98.0	72	0.23	79
3.0	98.23	72	1.0	79
3.0	99.23	72	1.0	79
3.0	100.23	72	0.25	79
3.0	100.48	72	0.25	79
3.0	100.73	72	1.0	79
3.0	101.73	72	0.27	79
3.0	102.0	72	0.23	79
3.0	102.23	72	1.0	79
3.0	103.23	72	2.0	79
3.0	105.23	72	1.5	79
3.0	106.73	72	1.0	79
3.0	107.73	72	1.5	79
3.0	109.23	72	1.5	79
3.0	110.73	72	1.0	79
3.0	111.73	72	0.27	79
3.0	112.0	72	0.23	79
3.0	112.23	72	0.25	79
3.0	112.48	72	0.25	79
3.0	112.73	72	1.0	79
3.0	113.73	72	0.27	79
3.0	114.0	72	0.23	79
3.0	114.23	72	1.0	79
3.0	115.23	72	1.0	79
3.0	116.23	72	0.25	79
3.0	116.48	72	0.25	79
3.0	116.73	72	1.0	79
3.0	117.73	72	0.27	79
3.0	118.0	72	0.23	79
3.0	118.23	72	1.0	79
3.0	119.23	72	1.0	79
3.0	120.23	68	1.51	63
3.0	121.9	72	6.1	79
3.0	73.0	72	0.23	79
3.0	73.48	75	0.25	79
3.0	74.48	72	0.25	79
3.0	75.0	75	0.23	79
3.0	75.48	72	0.25	79
3.0	76.0	75	0.23	79
3.0	77.0	72	0.23	79
3.0	77.48	75	0.25	79
3.0	78.48	72	0.25	79
3.0	79.0	75	0.23	79
3.0	79.48	72	0.25	79
3.0	80.23	72	0.5	79
3.0	81.0	68	0.23	79
3.0	81.23	68	1.5	79
3.0	82.73	68	1.0	79
3.0	83.73	68	1.5	79
3.0	85.23	68	1.5	79
3.0	86.73	68	1.0	79
3.0	87.73	68	25.5	79
3.0	113.23	68	1.5	79
3.0	114.73	68	1.0	79
3.0	115.73	68	1.5	79
3.0	117.23	68	1.5	79
3.0	118.73	68	1.0	79
3.0	119.73	68	0.75	79
3.0	120.48	65	0.25	79
3.0	120.73	60	0.27	79
3.0	121.0	63	0.23	79
3.0	121.23	65	0.25	79
3.0	121.48	67	2.25	79
3.0	123.73	68	4.27	79
3.0	81.48	72	0.25	79
3.0	82.48	68	0.25	79
3.0	83.0	72	0.23	79
3.0	83.48	68	0.25	79
3.0	84.0	72	0.23	79
3.0	85.0	68	0.23	79
3.0	85.48	72	0.25	79
3.0	86.48	68	0.25	79
3.0	87.0	72	0.23	79
3.0	87.48	68	0.25	79
3.0	88.0	72	0.23	79
3.0	89.0	67	0.23	79
3.0	89.48	72	0.25	79
3.0	90.48	67	0.25	79
3.0	91.0	72	0.23	79
3.0	91.48	67	0.25	79
3.0	92.23	70	0.25	79
3.0	92.48	72	1.0	79
3.0	93.48	74	0.25	79
3.0	93.73	75	2.27	79
3.0	96.0	72	0.23	79
3.0	97.0	67	0.23	79
3.0	97.48	72	0.25	79
3.0	98.48	67	0.25	79
3.0	99.0	72	0.23	79
3.0	99.48	67	0.25	79
3.0	100.0	72	0.23	79
3.0	101.0	67	0.23	79
3.0	101.48	72	0.25	79
3.0	102.48	67	0.25	79
3.0	103.0	72	0.23	79
3.0	103.48	67	0.25	79
3.0	104.0	75	0.23	79
3.0	105.0	72	0.23	79
3.0	105.48	75	0.25	79
3.0	106.48	72	0.25	79
3.0	107.0	75	0.23	79
3.0	107.48	72	0.25	79
3.0	108.0	75	0.23	79
3.0	109.0	72	0.23	79
3.0	109.48	75	0.25	79
3.0	110.48	72	0.25	79
3.0	111.0	75	0.23	79
3.0	111.48	72	0.25	79
3.0	113.0	68	0.23	79
3.0	113.48	72	0.25	79
3.0	114.48	68	0.25	79
3.0	115.0	72	0.23	79
3.0	115.48	68	0.25	79
3.0	116.0	72	0.23	79
3.0	117.0	68	0.23	79
3.0	117.48	72	0.25	79
3.0	118.48	68	0.25	79
3.0	119.0	72	0.23	79
3.0	119.48	68	0.25	79
3.0	120.0	72	2.23	79
3.0	122.23	68	1.77	63
3.0	124.0	77	4.0	50
3.0	124.0	65	4.0	50
4.0	0.0	60	0.23	95
4.0	0.23	55	0.25	95
4.0	0.48	62	0.25	95
4.0	0.73	55	0.27	95
4.0	1.0	63	0.23	95
4.0	1.23	55	0.25	95
4.0	1.48	60	0.25	95
4.0	1.73	55	0.27	95
4.0	2.0	62	0.23	95
4.0	2.23	55	0.25	95
4.0	2.48	63	0.25	95
4.0	2.73	55	0.27	95
4.0	3.0	65	0.23	95
4.0	3.23	55	0.25	95
4.0	3.48	62	0.25	95
4.0	3.73	55	0.27	95
4.0	4.0	70	0.23	95
4.0	4.23	55	0.25	95
4.0	4.48	67	0.25	95
4.0	4.73	55	0.27	95
4.0	5.0	68	0.23	95
4.0	5.23	55	0.25	95
4.0	5.48	65	0.25	95
4.0	5.73	55	0.27	95
4.0	6.0	67	0.23	95
4.0	6.23	55	0.25	95
4.0	6.48	63	0.25	95
4.0	6.73	55	0.27	95
4.0	7.0	65	0.23	95
4.0	7.23	55	0.25	95
4.0	7.48	62	0.25	95
4.0	7.73	55	0.27	95
4.0	8.0	60	0.23	95
4.0	8.23	55	0.25	95
4.0	8.48	62	0.25	95
4.0	8.73	55	0.27	95
4.0	9.0	63	0.23	95
4.0	9.23	55	0.25	95
4.0	9.48	60	0.25	95
4.0	9.73	55	0.27	95
4.0	10.0	62	0.23	95
4.0	10.23	55	0.25	95
4.0	10.48	63	0.25	95
4.0	10.73	55	0.27	95
4.0	11.0	65	0.23	95
4.0	11.23	55	0.25	95
4.0	11.48	62	0.25	95
4.0	11.73	55	0.27	95
4.0	12.0	70	0.23	95
4.0	12.23	55	0.25	95
4.0	12.48	67	0.25	95
4.0	12.73	55	0.27	95
4.0	13.0	68	0.23	95
4.0	13.23	55	0.25	95
4.0	13.48	65	0.25	95
4.0	13.73	55	0.27	95
4.0	14.0	67	0.23	95
4.0	14.23	55	0.25	95
4.0	14.48	63	0.25	95
4.0	14.73	55	0.27	95
4.0	15.0	65	0.23	95
4.0	15.23	55	0.25	95
4.0	15.48	62	0.25	95
4.0	15.73	55	0.27	95
4.0	16.0	60	0.23	95
4.0	16.23	55	0.25	95
4.0	16.48	62	0.25	95
4.0	16.73	55	0.27	95
4.0	17.0	63	0.23	95
4.0	17.23	55	0.25	95
4.0	17.48	60	0.25	95
4.0	17.73	55	0.27	95
4.0	18.0	62	0.23	95
4.0	18.23	55	0.25	95
4.0	18.48	63	0.25	95
4.0	18.73	55	0.27	95
4.0	19.0	65	0.23	95
4.0	19.23	55	0.25	95
4.0	19.48	62	0.25	95
4.0	19.73	55	0.27	95
4.0	20.0	70	0.23	95
4.0	20.23	55	0.25	95
4.0	20.48	67	0.25	95
4.0	20.73	55	0.27	95
4.0	21.0	68	0.23	95
4.0	21.23	55	0.25	95
4.0	21.48	65	0.25	95
4.0	21.73	55	0.27	95
4.0	22.0	67	0.23	95
4.0	22.23	55	0.25	95
4.0	22.48	63	0.25	95
4.0	22.73	55	0.27	95
4.0	23.0	65	0.23	95
4.0	23.23	55	0.25	95
4.0	23.48	62	0.25	95
4.0	23.73	55	0.27	95
4.0	24.0	60	0.23	95
4.0	24.23	55	0.25	95
4.0	24.48	62	0.25	95
4.0	24.73	55	0.27	95
4.0	25.0	63	0.23	95
4.0	25.23	55	0.25	95
4.0	25.48	60	0.25	95
4.0	25.73	55	0.27	95
4.0	26.0	62	0.23	95
4.0	26.23	55	0.25	95
4.0	26.48	63	0.25	95
4.0	26.73	55	0.27	95
4.0	27.0	65	0.23	95
4.0	27.23	55	0.25	95
4.0	27.48	62	0.25	95
4.0	27.73	55	0.27	95
4.0	28.0	70	0.23	95
4.0	28.23	55	0.25	95
4.0	28.48	67	0.25	95
4.0	28.73	55	0.27	95
4.0	29.0	68	0.23	95
4.0	29.23	55	0.25	95
4.0	29.48	65	0.25	95
4.0	29.73	55	0.27	95
4.0	30.0	67	0.23	95
4.0	30.23	55	0.25	95
4.0	30.48	63	0.25	95
4.0	30.73	55	0.27	95
4.0	31.0	65	0.23	95
4.0	31.23	55	0.25	95
4.0	31.48	62	0.25	95
4.0	31.73	55	0.27	95
4.0	32.0	60	0.23	95
4.0	32.23	55	0.25	95
4.0	32.48	62	0.25	95
4.0	32.73	55	0.27	95
4.0	33.0	63	0.23	95
4.0	33.23	55	0.25	95
4.0	33.48	60	0.25	95
4.0	33.73	55	0.27	95
4.0	34.0	62	0.23	95
4.0	34.23	55	0.25	95
4.0	34.48	63	0.25	95
4.0	34.73	55	0.27	95
4.0	35.0	65	0.23	95
4.0	35.23	55	0.25	95
4.0	35.48	62	0.25	95
4.0	35.73	55	0.27	95
4.0	36.0	70	0.23	95
4.0	36.23	55	0.25	95
4.0	36.48	67	0.25	95
4.0	36.73	55	0.27	95
4.0	37.0	68	0.23	95
4.0	37.23	55	0.25	95
4.0	37.48	65	0.25	95
4.0	37.73	55	0.27	95
4.0	38.0	67	0.23	95
4.0	38.23	55	0.25	95
4.0	38.48	63	0.25	95
4.0	38.73	55	0.27	95
4.0	39.0	65	0.23	95
4.0	39.23	55	0.25	95
4.0	39.48	62	0.25	95
4.0	39.73	55	0.27	95
4.0	40.0	60	0.23	95
4.0	40.23	55	0.25	95
4.0	40.48	62	0.25	95
4.0	40.73	55	0.27	95
4.0	41.0	63	0.23	95
4.0	41.23	55	0.25	95
4.0	41.48	60	0.25	95
4.0	41.73	55	0.27	95
4.0	42.0	62	0.23	95
4.0	42.23	55	0.25	95
4.0	42.48	63	0.25	95
4.0	42.73	55	0.27	95
4.0	43.0	65	0.23	95
4.0	43.23	55	0.25	95
4.0	43.48	62	0.25	95
4.0	43.73	55	0.27	95
4.0	44.0	70	0.23	95
4.0	44.23	55	0.25	95
4.0	44.48	67	0.25	95
4.0	44.73	55	0.27	95
4.0	45.0	68	0.23	95
4.0	45.23	55	0.25	95
4.0	45.48	65	0.25	95
4.0	45.73	55	0.27	95
4.0	46.0	67	0.23	95
4.0	46.23	55	0.25	95
4.0	46.48	63	0.25	95
4.0	46.73	55	0.27	95
4.0	47.0	65	0.23	95
4.0	47.23	55	0.25	95
4.0	47.48	62	0.25	95
4.0	47.73	55	0.27	95
4.0	48.0	60	0.23	95
4.0	48.23	55	0.25	95
4.0	48.48	62	0.25	95
4.0	48.73	55	0.27	95
4.0	49.0	63	0.23	95
4.0	49.23	55	0.25	95
4.0	49.48	60	0.25	95
4.0	49.73	55	0.27	95
4.0	50.0	62	0.23	95
4.0	50.23	55	0.25	95
4.0	50.48	63	0.25	95
4.0	50.73	55	0.27	95
4.0	51.0	65	0.23	95
4.0	51.23	55	0.25	95
4.0	51.48	62	0.25	95
4.0	51.73	55	0.27	95
4.0	52.0	70	0.23	95
4.0	52.23	55	0.25	95
4.0	52.48	67	0.25	95
4.0	52.73	55	0.27	95
4.0	53.0	68	0.23	95
4.0	53.23	55	0.25	95
4.0	53.48	65	0.25	95
4.0	53.73	55	0.27	95
4.0	54.0	67	0.23	95
4.0	54.23	55	0.25	95
4.0	54.48	63	0.25	95
4.0	54.73	55	0.27	95
4.0	55.0	65	0.23	95
4.0	55.23	55	0.25	95
4.0	55.48	62	0.25	95
4.0	55.73	55	0.27	95
4.0	56.0	60	0.23	95
4.0	56.23	55	0.25	95
4.0	56.48	62	0.25	95
4.0	56.73	55	0.27	95
4.0	57.0	63	0.23	95
4.0	57.23	55	0.25	95
4.0	57.48	60	0.25	95
4.0	57.73	55	0.27	95
4.0	58.0	62	0.23	95
4.0	58.23	55	0.25	95
4.0	58.48	63	0.25	95
4.0	58.73	55	0.27	95
4.0	59.0	65	0.23	95
4.0	59.23	55	0.25	95
4.0	59.48	62	0.25	95
4.0	59.73	55	0.27	95
4.0	60.0	70	0.23	95
4.0	60.23	67	0.25	95
4.0	60.48	63	0.25	95
4.0	60.73	60	0.27	95
4.0	61.0	55	0.23	95
4.0	61.23	60	0.25	95
4.0	61.48	63	0.25	76
4.0	61.73	67	0.27	95
4.0	62.0	70	0.23	95
4.0	62.23	72	0.25	76
4.0	62.48	70	0.25	76
4.0	62.73	67	0.27	95
4.0	63.0	63	0.23	95
4.0	63.23	60	0.25	95
4.0	63.48	63	0.25	95
4.0	63.73	67	0.27	95
5.0	0.0	63	0.23	95
5.0	0.48	65	0.25	95
5.0	1.0	67	0.23	95
5.0	1.48	63	0.25	95
5.0	2.0	65	0.23	95
5.0	2.48	67	0.25	95
5.0	3.0	68	0.23	95
5.0	3.48	65	0.25	95
5.0	4.0	67	0.48	95
5.0	4.48	63	0.25	95
5.0	5.0	65	0.48	95
5.0	5.48	62	0.25	95
5.0	6.0	63	0.48	95
5.0	6.48	60	0.25	95
5.0	7.0	62	0.48	95
5.0	7.48	58	0.25	95
5.0	8.0	63	0.23	95
5.0	8.48	65	0.25	95
5.0	9.0	67	0.23	95
5.0	9.48	63	0.25	95
5.0	10.0	65	0.23	95
5.0	10.48	67	0.25	95
5.0	11.0	68	0.23	95
5.0	11.48	65	0.25	95
5.0	12.0	67	0.48	95
5.0	12.48	63	0.25	95
5.0	13.0	65	0.48	95
5.0	13.48	62	0.25	95
5.0	14.0	63	0.48	95
5.0	14.48	60	0.25	95
5.0	15.0	62	0.48	95
5.0	15.48	58	0.25	95
5.0	16.0	63	0.23	95
5.0	16.48	65	0.25	95
5.0	17.0	67	0.23	95
5.0	17.48	63	0.25	95
5.0	18.0	65	0.23	95
5.0	18.48	67	0.25	95
5.0	19.0	68	0.23	95
5.0	19.48	65	0.25	95
5.0	20.0	67	0.48	95
5.0	20.48	63	0.25	95
5.0	21.0	65	0.48	95
5.0	21.48	62	0.25	95
5.0	22.0	63	0.48	95
5.0	22.48	60	0.25	95
5.0	23.0	62	0.48	95
5.0	23.48	58	0.25	95
5.0	24.0	63	0.23	95
5.0	24.48	65	0.25	95
5.0	25.0	67	0.23	95
5.0	25.48	63	0.25	95
5.0	26.0	65	0.23	95
5.0	26.48	67	0.25	95
5.0	27.0	68	0.23	95
5.0	27.48	65	0.25	95
5.0	28.0	67	0.48	95
5.0	28.48	63	0.25	95
5.0	29.0	65	0.48	95
5.0	29.48	62	0.25	95
5.0	30.0	63	0.48	95
5.0	30.48	60	0.25	95
5.0	31.0	62	0.48	95
5.0	31.48	58	0.25	95
5.0	32.0	63	0.23	95
5.0	32.48	65	0.25	95
5.0	33.0	67	0.23	95
5.0	33.48	63	0.25	95
5.0	34.0	65	0.23	95
5.0	34.48	67	0.25	95
5.0	35.0	68	0.23	95
5.0	35.48	65	0.25	95
5.0	36.0	67	0.48	95
5.0	36.48	63	0.25	95
5.0	37.0	65	0.48	95
5.0	37.48	62	0.25	95
5.0	38.0	63	0.48	95
5.0	38.48	60	0.25	95
5.0	39.0	62	0.48	95
5.0	39.48	58	0.25	95
5.0	40.0	63	0.23	95
5.0	40.48	65	0.25	95
5.0	41.0	67	0.23	95
5.0	41.48	63	0.25	95
5.0	42.0	65	0.23	95
5.0	42.48	67	0.25	95
5.0	43.0	68	0.23	95
5.0	43.48	65	0.25	95
5.0	44.0	67	0.48	95
5.0	44.48	63	0.25	95
5.0	45.0	65	0.48	95
5.0	45.48	62	0.25	95
5.0	46.0	63	0.48	95
5.0	46.48	60	0.25	95
5.0	47.0	62	0.48	95
5.0	47.48	58	0.25	95
5.0	48.0	63	0.23	95
5.0	48.48	65	0.25	95
5.0	49.0	67	0.23	95
5.0	49.48	63	0.25	95
5.0	50.0	65	0.23	95
5.0	50.48	67	0.25	95
5.0	51.0	68	0.23	95
5.0	51.48	65	0.25	95
5.0	52.0	67	0.48	95
5.0	52.48	63	0.25	95
5.0	53.0	65	0.48	95
5.0	53.48	62	0.25	95
5.0	54.0	63	0.48	95
5.0	54.48	60	0.25	95
5.0	55.0	62	0.48	95
5.0	55.48	58	0.25	95
5.0	56.0	63	0.23	95
5.0	56.48	65	0.25	95
5.0	57.0	67	0.23	95
5.0	57.48	63	0.25	95
5.0	58.0	65	0.23	95
5.0	58.48	67	0.25	95
5.0	59.0	68	0.23	95
5.0	59.48	65	0.25	95
5.0	60.0	67	0.23	79
5.0	60.23	63	0.25	79
5.0	60.48	60	0.25	79
5.0	60.73	55	0.27	79
5.0	61.0	50	0.23	63
5.0	61.23	55	0.25	63
5.0	61.48	60	0.25	79
5.0	61.73	63	0.27	79
5.0	62.0	67	0.23	79
5.0	62.23	68	0.25	63
5.0	62.48	67	0.25	63
5.0	62.73	63	0.27	79
5.0	63.0	60	0.23	79
5.0	63.23	55	0.25	79
5.0	63.48	60	0.25	79
5.0	63.73	63	0.27	79
6.0	0.0	36	1.0	95
6.0	8.0	36	1.0	95
6.0	16.0	34	8.0	95
6.0	24.0	32	1.0	95
6.0	28.0	31	4.0	95
6.0	32.0	36	1.0	95
6.0	40.0	36	1.0	95
6.0	48.0	32	8.0	95
6.0	56.0	31	1.0	95
6.0	60.0	31	0.73	95
6.0	61.0	31	0.73	95
6.0	62.0	31	0.73	95
6.0	64.0	36	0.48	95
6.0	64.48	36	0.25	95
6.0	64.73	36	0.27	95
6.0	65.0	36	0.23	95
6.0	65.23	36	0.25	95
6.0	65.48	36	0.25	95
6.0	65.73	36	0.27	95
6.0	66.0	36	0.23	95
6.0	66.23	36	0.5	95
6.0	66.73	36	0.27	95
6.0	67.0	36	0.23	95
6.0	67.23	36	0.25	95
6.0	67.48	36	0.25	95
6.0	67.73	36	0.27	95
6.0	68.0	36	0.23	95
6.0	68.23	36	0.25	95
6.0	68.48	36	0.25	95
6.0	68.73	36	0.27	95
6.0	69.0	36	0.23	95
6.0	69.23	36	0.25	95
6.0	69.48	36	0.25	95
6.0	69.73	36	0.27	95
6.0	70.0	36	0.23	95
6.0	70.23	36	0.25	95
6.0	70.48	36	0.25	95
6.0	70.73	36	0.27	95
6.0	71.0	36	0.23	95
6.0	71.23	36	0.25	95
6.0	71.48	36	0.25	95
6.0	71.73	36	24.75	95
6.0	96.48	36	0.25	95
6.0	96.73	36	0.27	95
6.0	97.0	36	0.23	95
6.0	97.23	36	0.25	95
6.0	97.48	36	0.25	95
6.0	97.73	36	0.27	95
6.0	98.0	36	0.23	95
6.0	98.23	36	0.25	95
6.0	98.48	36	0.25	95
6.0	98.73	36	0.5	95
6.0	99.23	36	0.25	95
6.0	99.48	36	0.25	95
6.0	99.73	36	0.27	95
6.0	100.0	36	0.23	95
6.0	100.23	36	0.5	95
6.0	100.73	36	0.27	95
6.0	101.0	36	0.23	95
6.0	101.23	36	0.25	95
6.0	101.48	36	0.25	95
6.0	101.73	36	0.27	95
6.0	102.0	36	0.23	95
6.0	102.23	36	0.5	95
6.0	102.73	36	0.27	95
6.0	103.0	36	0.23	95
6.0	103.23	36	0.25	95
6.0	103.48	36	0.25	95
6.0	103.73	36	25.27	95
6.0	136.0	32	32.48	95
6.0	168.73	32	0.27	95
6.0	169.0	32	0.23	95
6.0	169.23	32	0.25	95
6.0	169.48	32	0.52	95
6.0	170.0	32	0.23	95
6.0	170.23	32	0.25	95
6.0	170.48	32	0.25	95
6.0	170.73	32	0.5	95
6.0	171.23	32	0.25	95
6.0	171.48	32	0.25	95
6.0	171.73	32	0.5	95
6.0	172.23	32	0.25	95
6.0	172.48	32	0.52	95
6.0	173.0	32	0.23	95
6.0	173.23	32	0.5	95
6.0	173.73	32	0.27	95
6.0	174.0	32	0.48	95
6.0	174.48	32	0.25	95
6.0	174.73	32	0.27	95
6.0	175.0	32	0.23	95
6.0	175.23	32	0.25	95
6.0	175.48	32	0.25	95
6.0	175.73	32	17.5	95
6.0	193.23	36	0.0	95
6.0	66.48	36	0.25	95
6.0	72.0	32	0.48	95
6.0	72.48	32	0.25	95
6.0	72.73	32	0.27	95
6.0	73.0	32	0.23	95
6.0	73.23	32	0.25	95
6.0	73.48	32	0.25	95
6.0	73.73	32	0.5	95
6.0	74.23	32	0.25	95
6.0	74.48	32	0.25	95
6.0	74.73	32	0.27	95
6.0	75.0	32	0.23	95
6.0	75.23	32	0.25	95
6.0	75.48	32	0.25	95
6.0	75.73	32	0.27	95
6.0	76.0	32	0.23	95
6.0	76.23	32	0.25	95
6.0	76.48	32	0.25	95
6.0	76.73	32	0.27	95
6.0	77.0	32	0.23	95
6.0	77.23	32	0.25	95
6.0	77.48	32	0.25	95
6.0	77.73	32	0.27	95
6.0	78.0	32	0.48	95
6.0	78.48	32	0.25	95
6.0	78.73	32	0.27	95
6.0	79.0	32	0.23	95
6.0	79.23	32	0.25	95
6.0	79.48	32	0.25	95
6.0	79.73	32	8.75	95
6.0	88.48	32	0.25	95
6.0	88.73	32	0.27	95
6.0	89.0	32	0.23	95
6.0	89.23	32	0.25	95
6.0	89.48	32	0.25	95
6.0	89.73	32	0.27	95
6.0	90.0	32	0.23	95
6.0	90.23	32	0.25	95
6.0	90.48	32	0.52	95
6.0	91.0	32	0.23	95
6.0	91.23	32	0.25	95
6.0	91.48	32	0.25	95
6.0	91.73	32	0.27	95
6.0	92.0	32	0.23	95
6.0	92.23	32	0.25	95
6.0	92.48	32	0.25	95
6.0	92.73	32	0.27	95
6.0	93.0	32	0.23	95
6.0	93.23	32	0.25	95
6.0	93.48	32	0.25	95
6.0	93.73	32	0.27	95
6.0	94.0	32	0.23	95
6.0	94.23	32	0.25	95
6.0	94.48	32	0.25	95
6.0	94.73	32	0.27	95
6.0	95.0	32	0.23	95
6.0	95.23	32	0.25	95
6.0	95.48	32	0.52	95
6.0	96.0	36	0.48	95
6.0	99.0	36	0.23	95
6.0	100.48	36	0.25	95
6.0	102.48	36	0.25	95
6.0	104.0	32	0.48	95
6.0	104.48	32	0.25	95
6.0	104.73	32	0.27	95
6.0	105.0	32	0.23	95
6.0	105.23	32	0.25	95
6.0	105.48	32	0.25	95
6.0	105.73	32	0.5	95
6.0	106.23	32	0.5	95
6.0	106.73	32	0.5	95
6.0	107.23	32	0.25	95
6.0	107.48	32	0.25	95
6.0	107.73	32	0.5	95
6.0	108.23	32	0.5	95
6.0	108.73	32	0.27	95
6.0	109.0	32	0.23	95
6.0	109.23	32	0.25	95
6.0	109.48	32	0.25	95
6.0	109.73	32	0.5	95
6.0	110.23	32	0.25	95
6.0	110.48	32	0.25	95
6.0	110.73	32	0.27	95
6.0	111.0	32	0.23	95
6.0	111.23	32	0.25	95
6.0	111.48	32	0.52	95
6.0	112.0	29	0.48	95
6.0	112.48	29	0.25	95
6.0	112.73	29	0.5	95
6.0	113.23	29	0.25	95
6.0	113.48	29	0.25	95
6.0	113.73	29	0.27	95
6.0	114.0	29	0.23	95
6.0	114.23	29	0.25	95
6.0	114.48	29	0.25	95
6.0	114.73	29	0.27	95
6.0	115.0	29	0.23	95
6.0	115.23	29	0.25	95
6.0	115.48	29	0.25	95
6.0	115.73	29	0.5	95
6.0	116.23	29	0.25	95
6.0	116.48	29	0.52	95
6.0	117.0	29	0.23	95
6.0	117.23	29	0.25	95
6.0	117.48	29	0.25	95
6.0	117.73	29	0.5	95
6.0	118.23	29	0.25	95
6.0	118.48	29	0.52	95
6.0	119.0	29	0.23	95
6.0	119.23	29	0.25	95
6.0	119.48	29	0.52	95
6.0	120.0	32	0.48	95
6.0	120.48	32	0.25	95
6.0	120.73	32	0.27	95
6.0	121.0	32	0.23	95
6.0	121.23	32	0.25	95
6.0	121.48	32	0.25	95
6.0	121.73	32	0.27	95
6.0	122.0	32	0.23	95
6.0	122.23	32	0.25	95
6.0	122.48	32	0.25	95
6.0	122.73	32	0.27	95
6.0	123.0	32	0.23	95
6.0	123.23	32	0.25	95
6.0	123.48	32	0.25	95
6.0	123.73	32	0.27	95
6.0	124.0	32	0.48	95
6.0	124.48	32	0.25	95
6.0	124.73	32	0.27	95
6.0	125.0	32	0.23	95
6.0	125.23	32	0.25	95
6.0	125.48	32	0.25	95
6.0	125.73	32	0.27	95
6.0	126.0	32	0.23	95
6.0	126.23	32	0.25	95
6.0	126.48	32	0.25	95
6.0	126.73	32	0.27	95
6.0	127.0	32	0.23	95
6.0	127.23	32	0.25	95
6.0	127.48	32	0.25	95
6.0	127.73	32	9.27	95
6.0	144.0	34	1.0	95
6.0	152.0	34	0.73	95
6.0	153.0	34	0.73	95
6.0	154.0	34	0.48	95
6.0	154.48	34	13.0	95
6.0	167.48	36	17.0	95
6.0	184.48	36	0.52	95
6.0	185.0	36	0.48	95
6.0	185.48	36	0.52	95
6.0	186.0	36	0.48	95
6.0	186.48	36	0.52	95
6.0	187.0	36	0.48	95
6.0	187.48	36	1.0	95
6.0	188.48	36	2.0	95
6.0	190.48	36	0.52	95
6.0	191.0	36	0.48	95
6.0	191.48	36	0.52	95
6.0	192.0	36	0.48	95
6.0	192.48	36	0.25	95
6.0	192.73	36	0.27	95
6.0	193.0	36	0.23	95
6.0	74.0	32	0.23	95
6.0	78.23	32	0.25	95
6.0	80.0	29	0.48	95
6.0	80.48	29	0.25	95
6.0	80.73	29	0.5	95
6.0	81.23	29	0.25	95
6.0	81.48	29	0.25	95
6.0	81.73	29	0.27	95
6.0	82.0	29	0.23	95
6.0	82.23	29	0.5	95
6.0	82.73	29	0.27	95
6.0	83.0	29	0.48	95
6.0	83.48	29	0.25	95
6.0	83.73	29	0.27	95
6.0	84.0	29	0.23	95
6.0	84.23	29	0.25	95
6.0	84.48	29	0.25	95
6.0	84.73	29	0.27	95
6.0	85.0	29	0.23	95
6.0	85.23	29	0.25	95
6.0	85.48	29	0.25	95
6.0	85.73	29	0.5	95
6.0	86.23	29	0.25	95
6.0	86.48	29	0.25	95
6.0	86.73	29	0.27	95
6.0	87.0	29	0.23	95
6.0	87.23	29	0.25	95
6.0	87.48	29	0.52	95
6.0	88.0	32	0.48	95
6.0	90.73	32	0.27	95
6.0	95.73	32	8.75	95
6.0	106.0	32	0.23	95
6.0	106.48	32	0.25	95
6.0	107.0	32	0.23	95
6.0	108.0	32	0.23	95
6.0	108.48	32	0.25	95
6.0	110.0	32	0.23	95
6.0	111.73	32	8.75	95
6.0	124.23	32	0.25	95
6.0	128.0	36	29.0	95
6.0	160.0	36	0.48	95
6.0	160.48	36	0.25	95
6.0	160.73	36	0.27	95
6.0	161.0	36	0.23	95
6.0	161.23	36	0.25	95
6.0	161.48	36	0.52	95
6.0	162.0	36	0.48	95
6.0	162.48	36	0.25	95
6.0	162.73	36	0.27	95
6.0	163.0	36	0.23	95
6.0	163.23	36	0.25	95
6.0	163.48	36	0.25	95
6.0	163.73	36	0.27	95
6.0	164.0	36	0.48	95
6.0	164.48	36	0.25	95
6.0	164.73	36	0.27	95
6.0	165.0	36	0.23	95
6.0	165.23	36	0.25	95
6.0	165.48	36	0.25	95
6.0	165.73	36	0.27	95
6.0	166.0	36	0.48	95
6.0	166.48	36	1.52	95
6.0	168.0	32	0.48	95
6.0	168.48	32	0.25	95
6.0	169.73	32	0.27	95
6.0	171.0	32	0.23	95
6.0	172.0	32	0.48	95
6.0	172.73	32	0.27	95
6.0	173.48	32	0.25	95
6.0	174.23	32	0.25	95
6.0	176.0	34	0.48	95
6.0	176.48	34	0.25	95
6.0	176.73	34	0.27	95
6.0	177.0	34	0.23	95
6.0	177.23	34	0.25	95
6.0	177.48	34	2.52	95
6.0	180.0	34	0.48	95
6.0	180.48	34	0.25	95
6.0	180.73	34	0.5	95
6.0	181.23	34	0.25	95
6.0	181.48	34	8.52	95
6.0	190.0	36	0.48	95
6.0	81.0	29	0.23	95
6.0	82.48	29	0.25	95
6.0	83.23	29	0.25	95
6.0	86.0	29	0.23	95
6.0	87.73	29	24.75	95
6.0	113.0	29	0.23	95
6.0	116.0	29	0.23	95
6.0	116.73	29	0.27	95
6.0	118.0	29	0.23	95
6.0	118.73	29	0.27	95
6.0	119.73	29	73.5	95
6.0	156.0	36	4.48	95
6.0	161.73	36	0.27	95
6.0	162.23	36	0.5	95
6.0	164.23	36	0.25	95
6.0	167.0	34	9.48	95
6.0	181.0	34	0.23	95
6.0	184.0	36	0.48	95
6.0	188.0	36	0.48	95
6.0	189.48	34	3.75	95
7.0	0.0	46	1.0	95
7.0	1.0	42	1.0	15
7.0	7.0	36	0.23	95
7.0	7.23	36	0.25	95
7.0	7.48	36	0.52	95
7.0	8.0	46	1.0	95
7.0	9.0	42	1.0	15
7.0	16.0	57	4.0	95
7.0	24.0	46	1.0	95
7.0	25.0	42	1.0	15
7.0	28.0	49	4.0	95
7.0	32.0	36	7.23	95
7.0	39.23	36	0.5	95
7.0	39.73	36	0.27	95
7.0	40.0	36	12.0	95
7.0	56.0	46	1.0	95
7.0	57.0	42	1.0	15
7.0	60.0	36	1.0	95
7.0	61.0	36	1.0	95
7.0	62.0	38	3.0	95
7.0	65.0	36	0.23	95
7.0	65.23	36	1.25	95
7.0	66.48	38	1.52	95
7.0	68.0	46	0.48	95
7.0	68.48	46	0.52	95
7.0	69.0	36	0.23	95
7.0	69.23	36	1.25	95
7.0	70.48	46	0.52	95
7.0	71.0	46	1.0	95
7.0	72.0	36	1.23	95
7.0	73.23	36	1.25	95
7.0	74.48	46	0.52	95
7.0	75.0	36	0.23	95
7.0	75.23	36	1.25	95
7.0	76.48	46	0.52	95
7.0	77.0	46	1.0	95
7.0	78.0	36	1.23	95
7.0	79.23	36	1.25	95
7.0	80.48	46	0.52	95
7.0	81.0	46	1.0	95
7.0	82.0	46	0.48	95
7.0	82.48	38	1.52	95
7.0	84.0	36	1.23	95
7.0	85.23	36	1.25	95
7.0	86.48	38	1.52	95
7.0	88.0	38	0.23	95
7.0	88.23	36	0.25	95
7.0	88.48	38	0.25	95
7.0	88.73	36	0.27	95
7.0	89.0	36	0.23	95
7.0	89.23	36	0.25	95
7.0	89.48	36	0.25	95
7.0	89.73	48	1.5	95
7.0	91.23	48	34.0	95
7.0	125.23	47	1.5	95
7.0	126.73	36	0.5	95
7.0	127.23	38	25.25	95
7.0	152.73	36	1.0	95
7.0	153.73	36	0.27	95
7.0	154.0	38	0.48	95
7.0	154.48	38	2.0	95
7.0	156.48	36	0.25	95
7.0	156.73	36	1.5	95
7.0	158.23	36	1.5	95
7.0	159.73	36	0.27	95
7.0	160.0	49	0.48	95
7.0	160.48	46	0.52	95
7.0	161.0	36	0.23	95
7.0	161.23	36	1.25	95
7.0	162.48	46	0.52	95
7.0	163.0	36	0.23	95
7.0	163.23	36	1.25	95
7.0	164.48	46	0.52	95
7.0	165.0	46	1.0	95
7.0	166.0	36	1.23	95
7.0	167.23	36	1.25	95
7.0	168.48	46	0.52	95
7.0	169.0	36	0.23	95
7.0	169.23	36	1.25	95
7.0	170.48	38	1.52	95
7.0	172.0	36	1.23	95
7.0	173.23	36	1.25	95
7.0	174.48	38	1.52	95
7.0	176.0	36	1.23	95
7.0	177.23	36	1.25	95
7.0	178.48	38	1.52	95
7.0	180.0	46	0.48	95
7.0	180.48	46	0.52	95
7.0	181.0	46	1.0	95
7.0	182.0	36	1.23	95
7.0	183.23	36	1.25	95
7.0	184.48	46	0.52	95
7.0	185.0	46	1.0	95
7.0	186.0	36	1.23	95
7.0	187.23	36	2.0	95
7.0	189.23	36	0.25	111
7.0	189.48	36	0.52	111
7.0	190.0	38	0.23	95
7.0	190.23	38	0.25	95
7.0	190.48	38	0.52	95
7.0	191.0	36	0.48	111
7.0	191.48	36	0.52	111
7.0	192.0	36	1.23	95
7.0	193.23	36	0.0	95
7.0	0.0	36	1.0	95
7.0	7.0	38	0.23	50
7.0	7.23	38	0.25	50
7.0	7.48	38	0.52	50
7.0	8.0	36	12.0	95
7.0	24.0	36	8.0	95
7.0	32.0	46	1.0	95
7.0	33.0	42	1.0	15
7.0	39.0	38	0.23	50
7.0	39.23	38	0.5	50
7.0	39.73	38	21.27	50
7.0	61.0	42	1.0	95
7.0	62.0	42	35.0	95
7.0	97.0	42	1.0	95
7.0	98.0	42	0.48	95
7.0	98.48	38	1.52	95
7.0	100.0	42	0.48	95
7.0	100.48	42	0.52	95
7.0	101.0	36	0.23	95
7.0	101.23	36	1.25	95
7.0	102.48	42	0.52	95
7.0	103.0	36	0.23	95
7.0	103.23	36	1.25	95
7.0	104.48	42	0.52	95
7.0	105.0	42	1.0	95
7.0	106.0	42	0.48	95
7.0	106.48	38	1.52	95
7.0	108.0	36	1.23	95
7.0	109.23	36	1.25	95
7.0	110.48	38	1.52	95
7.0	112.0	36	1.23	95
7.0	113.23	36	1.25	95
7.0	114.48	42	0.52	95
7.0	115.0	36	0.23	95
7.0	115.23	36	1.25	95
7.0	116.48	38	1.52	95
7.0	118.0	36	1.23	95
7.0	119.23	36	1.0	95
7.0	120.23	36	0.5	95
7.0	120.73	36	0.27	95
7.0	121.0	38	0.23	95
7.0	121.23	38	0.5	95
7.0	121.73	38	0.27	95
7.0	122.0	36	0.23	95
7.0	122.23	36	0.25	95
7.0	122.48	36	0.25	95
7.0	122.73	36	0.27	95
7.0	123.0	36	0.23	95
7.0	123.23	38	0.25	95
7.0	123.48	36	0.25	95
7.0	123.73	36	0.27	95
7.0	124.0	38	0.23	95
7.0	124.23	36	0.25	95
7.0	124.48	36	0.25	95
7.0	124.73	36	0.5	95
7.0	125.23	36	0.25	95
7.0	125.48	36	0.52	95
7.0	126.0	38	0.48	95
7.0	126.48	47	66.75	95
7.0	7.73	36	0.27	95
7.0	16.0	36	9.0	95
7.0	28.0	36	4.0	95
7.0	39.0	36	0.23	95
7.0	39.48	38	0.25	50
7.0	40.0	46	1.0	95
7.0	41.0	42	1.0	15
7.0	48.0	57	4.0	95
7.0	56.0	36	5.0	95
7.0	61.0	38	1.0	95
7.0	62.0	36	2.48	95
7.0	64.48	46	0.52	95
7.0	65.0	46	1.0	95
7.0	66.0	36	1.23	95
7.0	67.23	36	1.25	95
7.0	68.48	38	1.52	95
7.0	70.0	36	1.23	95
7.0	71.23	36	1.25	95
7.0	72.48	38	1.52	95
7.0	74.0	46	0.48	95
7.0	74.48	38	1.52	95
7.0	76.0	46	0.48	95
7.0	76.48	38	1.52	95
7.0	78.0	46	0.48	95
7.0	78.48	46	0.52	95
7.0	79.0	36	0.23	95
7.0	79.48	38	1.52	95
7.0	81.0	36	0.48	95
7.0	81.48	46	0.52	95
7.0	82.0	36	1.23	95
7.0	83.23	36	1.25	95
7.0	84.48	38	1.52	95
7.0	86.0	46	0.48	95
7.0	86.48	46	0.52	95
7.0	87.0	36	0.23	95
7.0	87.23	36	1.0	95
7.0	88.23	38	0.25	95
7.0	88.48	36	0.25	95
7.0	88.73	38	1.5	95
7.0	90.23	36	0.25	95
7.0	90.48	38	0.25	95
7.0	90.73	36	0.27	95
7.0	91.0	36	0.23	95
7.0	91.23	36	0.25	95
7.0	91.48	47	0.25	95
7.0	91.73	47	0.27	95
7.0	92.0	36	0.23	95
7.0	92.23	36	0.25	95
7.0	92.48	36	0.25	95
7.0	92.73	38	2.5	95
7.0	95.23	38	0.25	95
7.0	95.48	36	0.52	95
7.0	96.0	36	1.23	95
7.0	97.23	36	1.25	95
7.0	98.48	42	0.52	95
7.0	99.0	36	0.23	95
7.0	99.23	36	1.25	95
7.0	100.48	38	1.52	95
7.0	102.0	42	0.48	95
7.0	102.48	38	1.52	95
7.0	104.0	36	1.23	95
7.0	105.23	36	1.25	95
7.0	106.48	42	0.52	95
7.0	107.0	36	0.48	95
7.0	107.48	38	1.52	95
7.0	109.0	36	0.23	95
7.0	109.48	38	1.52	95
7.0	111.0	36	0.23	95
7.0	111.23	36	1.25	95
7.0	112.48	42	0.52	95
7.0	113.0	42	1.0	95
7.0	114.0	36	1.23	95
7.0	115.48	38	1.52	95
7.0	117.0	42	1.0	95
7.0	118.0	42	0.48	95
7.0	118.48	38	1.52	95
7.0	120.0	57	0.23	95
7.0	120.48	38	0.52	95
7.0	121.0	36	0.23	95
7.0	121.23	36	0.25	95
7.0	121.48	38	0.25	95
7.0	121.73	36	0.27	95
7.0	122.0	38	0.23	95
7.0	122.23	38	0.25	95
7.0	122.48	38	0.25	95
7.0	122.73	38	0.27	95
7.0	123.0	38	0.23	95
7.0	123.23	36	0.25	95
7.0	123.48	38	0.25	95
7.0	123.73	38	0.27	95
7.0	124.0	36	0.48	95
7.0	124.48	38	0.25	95
7.0	124.73	38	1.0	95
7.0	125.73	38	0.5	95
7.0	126.23	38	1.0	95
7.0	127.23	36	0.25	95
7.0	127.48	36	0.52	95
7.0	128.0	46	9.0	95
7.0	137.0	42	9.0	15
7.0	152.0	38	1.48	95
7.0	153.48	36	0.25	95
7.0	154.0	36	0.48	95
7.0	154.48	36	1.52	95
7.0	156.0	38	1.23	95
7.0	157.23	38	0.5	95
7.0	157.73	38	1.0	95
7.0	158.73	38	0.5	95
7.0	159.23	38	1.77	95
7.0	161.0	46	1.0	95
7.0	162.0	36	1.23	95
7.0	163.48	46	0.52	95
7.0	164.0	36	1.23	95
7.0	165.23	36	1.25	95
7.0	166.48	38	1.52	95
7.0	168.0	46	0.48	95
7.0	168.48	38	1.52	95
7.0	170.0	36	1.23	95
7.0	171.23	36	1.25	95
7.0	172.48	38	1.52	95
7.0	174.0	36	1.23	95
7.0	175.23	36	1.25	95
7.0	176.48	46	0.52	95
7.0	177.0	36	0.23	95
7.0	177.48	46	1.0	95
7.0	178.48	46	0.52	95
7.0	179.0	36	0.48	95
7.0	179.48	38	1.52	95
7.0	181.0	36	0.23	95
7.0	181.23	36	1.25	95
7.0	182.48	38	1.52	95
7.0	184.0	36	1.23	95
7.0	185.23	36	1.25	95
7.0	186.48	38	1.52	95
7.0	188.0	38	0.48	95
7.0	188.48	38	0.52	95
7.0	189.0	36	0.23	111
7.0	189.73	36	1.5	111
7.0	191.23	36	0.25	111
7.0	191.73	36	0.27	111
7.0	192.0	57	0.48	95
7.0	192.48	38	0.75	95
7.0	7.73	38	31.5	50
7.0	39.48	36	0.25	95
7.0	48.0	36	9.0	95
7.0	60.0	42	1.0	95
7.0	64.0	57	0.48	95
7.0	64.48	38	1.52	95
7.0	66.0	46	0.48	95
7.0	66.48	46	0.52	95
7.0	67.0	36	0.23	95
7.0	67.48	38	1.52	95
7.0	69.0	46	1.0	95
7.0	70.0	46	0.48	95
7.0	70.48	38	1.52	95
7.0	72.0	49	0.48	95
7.0	72.48	46	0.52	95
7.0	73.0	46	1.0	95
7.0	74.0	36	1.23	95
7.0	75.48	38	1.52	95
7.0	77.0	36	0.23	95
7.0	77.23	36	1.25	95
7.0	78.48	38	1.52	95
7.0	80.0	57	0.48	95
7.0	80.48	38	1.52	95
7.0	82.48	46	0.52	95
7.0	83.0	46	1.0	95
7.0	84.0	46	0.48	95
7.0	84.48	46	0.52	95
7.0	85.0	36	0.23	95
7.0	85.48	46	0.52	95
7.0	86.0	36	1.23	95
7.0	87.48	46	41.52	95
7.0	129.0	42	9.0	15
7.0	144.0	36	8.73	95
7.0	153.0	38	1.48	95
7.0	155.48	36	1.25	95
7.0	157.0	38	0.23	95
7.0	157.48	38	0.52	95
7.0	158.0	36	0.48	95
7.0	158.48	38	0.25	95
7.0	159.0	38	0.48	95
7.0	159.48	36	0.52	95
7.0	160.0	36	1.23	95
7.0	161.48	46	0.52	95
7.0	162.0	46	1.0	95
7.0	163.0	46	1.0	95
7.0	164.0	46	1.0	95
7.0	165.0	36	0.23	95
7.0	165.48	38	1.52	95
7.0	167.0	36	0.48	95
7.0	167.48	46	0.52	95
7.0	168.0	36	1.23	95
7.0	169.48	46	0.52	95
7.0	170.0	46	0.48	95
7.0	170.48	46	0.52	95
7.0	171.0	36	0.23	95
7.0	171.48	46	0.52	95
7.0	172.0	46	0.48	95
7.0	172.48	46	0.52	95
7.0	173.0	36	0.48	95
7.0	173.48	38	1.52	95
7.0	175.0	36	0.23	95
7.0	175.48	46	0.52	95
7.0	176.0	46	0.48	95
7.0	176.48	38	1.52	95
7.0	178.0	36	1.23	95
7.0	179.23	36	1.25	95
7.0	180.48	38	1.52	95
7.0	182.0	46	0.48	95
7.0	182.48	46	0.75	95
7.0	183.48	46	0.52	95
7.0	184.0	46	0.48	95
7.0	184.48	38	1.52	95
7.0	186.0	46	1.0	95
7.0	187.0	46	1.0	95
7.0	188.23	38	0.25	95
7.0	188.73	38	1.5	95
7.0	190.73	38	2.27	95
7.0	193.0	36	0.23	95
7.0	60.0	38	1.0	95
7.0	64.0	36	1.23	95
7.0	65.48	46	0.52	95
7.0	67.0	46	1.0	95
7.0	68.0	36	1.23	95
7.0	69.48	46	0.52	95
7.0	71.0	36	0.23	95
7.0	71.48	46	1.52	95
7.0	73.0	36	0.23	95
7.0	73.48	46	0.52	95
7.0	75.0	46	1.0	95
7.0	76.0	36	1.23	95
7.0	77.48	46	0.52	95
7.0	79.0	46	1.0	95
7.0	80.0	36	1.23	95
7.0	81.23	36	1.25	95
7.0	83.0	36	0.23	95
7.0	83.48	46	0.52	95
7.0	85.0	46	1.0	95
7.0	87.0	46	1.0	95
7.0	88.0	36	0.23	95
7.0	89.0	50	0.23	95
7.0	89.23	50	104.0	95
7.0	65.48	38	1.52	95
7.0	67.48	46	0.52	95
7.0	69.48	38	1.52	95
7.0	71.48	38	1.52	95
7.0	73.48	38	1.52	95
7.0	75.48	46	0.52	95
7.0	77.48	38	1.52	95
7.0	79.48	46	1.52	95
7.0	81.48	38	1.52	95
7.0	83.48	38	1.52	95
7.0	85.48	38	1.52	95
7.0	87.48	38	0.52	95
7.0	88.0	57	0.23	95
7.0	89.0	49	0.23	95
7.0	89.48	48	0.25	95
7.0	89.73	36	0.27	95
7.0	90.0	38	0.23	95
7.0	90.23	38	0.25	95
7.0	90.48	36	0.25	95
7.0	90.73	38	1.5	95
7.0	92.23	38	0.25	95
7.0	92.48	38	0.25	95
7.0	92.73	36	0.27	95
7.0	93.0	47	0.23	95
7.0	93.23	47	32.25	95
7.0	125.48	38	0.52	95
7.0	126.0	36	0.48	95
7.0	126.48	36	0.25	95
7.0	126.73	45	1.0	95
7.0	127.73	43	0.27	95
7.0	128.0	36	9.0	95
7.0	144.0	46	17.0	95
7.0	161.48	38	1.52	95
7.0	163.48	38	1.52	95
7.0	165.48	46	0.52	95
7.0	166.0	46	0.48	95
7.0	166.48	46	0.52	95
7.0	167.0	46	1.0	95
7.0	169.0	46	1.0	95
7.0	171.0	46	1.0	95
7.0	173.0	46	1.0	95
7.0	174.0	46	0.48	95
7.0	174.48	46	0.52	95
7.0	175.0	46	1.0	95
7.0	177.0	46	1.0	95
7.0	178.0	46	1.0	95
7.0	179.0	46	1.0	95
7.0	180.0	36	1.23	95
7.0	181.48	38	1.52	95
7.0	183.0	36	0.48	95
7.0	183.48	38	1.52	95
7.0	185.0	36	0.48	95
7.0	185.48	38	1.52	95
7.0	187.0	36	0.48	95
7.0	187.48	46	5.75	95
7.0	90.0	36	0.23	95
7.0	91.0	48	0.23	95
7.0	91.48	36	0.25	95
7.0	91.73	36	0.27	95
7.0	92.0	57	0.23	95
7.0	93.0	36	0.23	95
7.0	93.23	36	0.25	95
7.0	93.48	45	0.25	95
7.0	93.73	36	0.27	95
7.0	94.0	43	0.23	95
7.0	94.23	43	0.25	95
7.0	94.48	41	0.25	95
7.0	94.73	36	0.27	95
7.0	95.0	38	0.23	95
7.0	95.23	36	0.5	95
7.0	95.73	38	1.27	95
7.0	97.0	36	0.23	95
7.0	97.48	38	1.52	95
7.0	99.0	42	1.0	95
7.0	100.0	36	1.23	95
7.0	101.48	42	0.52	95
7.0	102.0	36	1.23	95
7.0	103.48	42	1.52	95
7.0	105.0	36	0.23	95
7.0	105.48	38	1.52	95
7.0	107.0	42	1.0	95
7.0	108.0	42	0.48	95
7.0	108.48	42	0.52	95
7.0	109.0	42	1.0	95
7.0	110.0	36	1.23	95
7.0	111.48	42	1.52	95
7.0	113.0	36	0.23	95
7.0	113.48	42	0.52	95
7.0	114.0	42	0.48	95
7.0	114.48	38	1.52	95
7.0	116.0	36	1.23	95
7.0	117.23	36	1.25	95
7.0	118.48	42	0.52	95
7.0	119.0	36	0.23	95
7.0	119.48	38	1.25	95
7.0	120.73	38	0.27	95
7.0	121.48	36	0.25	95
7.0	124.0	49	0.23	95
7.0	124.23	38	0.5	95
7.0	125.0	36	0.23	95
7.0	125.73	36	0.27	95
7.0	126.23	36	0.25	95
7.0	127.0	36	0.23	95
7.0	127.48	45	65.75	95
7.0	90.0	57	0.23	95
7.0	91.0	49	0.23	95
7.0	92.0	38	0.23	95
7.0	93.48	36	0.25	95
7.0	93.73	45	33.27	95
7.0	127.0	38	0.23	95
7.0	127.73	36	0.27	95
7.0	136.0	36	9.0	95
7.0	145.0	42	48.0	15
7.0	193.0	42	0.23	95
7.0	94.0	36	0.23	95
7.0	94.23	36	0.25	95
7.0	94.48	36	0.25	95
7.0	94.73	41	98.5	95
7.0	95.0	36	0.23	95
7.0	95.48	38	0.52	95
7.0	96.0	57	0.48	95
7.0	96.48	38	1.52	95
7.0	98.0	36	1.23	95
7.0	99.48	42	0.52	95
7.0	101.0	42	1.0	95
7.0	103.0	42	1.0	95
7.0	104.0	49	0.48	95
7.0	104.48	38	1.52	95
7.0	106.0	36	1.23	95
7.0	107.23	36	1.25	95
7.0	108.48	38	1.52	95
7.0	110.0	42	0.48	95
7.0	110.48	42	0.52	95
7.0	111.0	42	1.0	95
7.0	112.0	57	0.48	95
7.0	112.48	38	1.52	95
7.0	115.0	42	1.0	95
7.0	116.0	42	0.48	95
7.0	116.48	42	0.52	95
7.0	117.0	36	0.23	95
7.0	117.48	38	1.52	95
7.0	119.0	42	1.0	95
7.0	120.0	36	0.23	95
7.0	120.48	36	0.25	95
7.0	125.0	48	68.23	95
7.0	95.73	36	0.27	95
7.0	96.48	42	0.52	95
7.0	97.48	42	0.52	95
7.0	99.48	38	1.52	95
7.0	101.48	38	1.52	95
7.0	103.48	38	1.52	95
7.0	105.48	42	0.52	95
7.0	107.48	42	0.52	95
7.0	109.48	42	0.52	95
7.0	111.48	38	1.52	95
7.0	113.48	38	1.52	95
7.0	115.48	42	0.52	95
7.0	117.48	42	0.52	95
7.0	119.48	42	10.52	95
7.0	136.0	46	9.0	95
7.0	152.48	36	0.52	95
7.0	160.48	38	1.52	95
7.0	162.48	38	1.52	95
7.0	164.48	38	1.52	95
7.0	167.48	38	1.52	95
7.0	169.48	38	1.52	95
7.0	171.48	38	1.52	95
7.0	173.48	46	0.52	95
7.0	175.48	38	1.52	95
7.0	177.48	38	1.52	95
7.0	179.48	46	1.0	95
7.0	181.48	46	0.52	95
7.0	183.0	46	1.0	95
7.0	185.48	46	0.52	95
7.0	186.48	46	0.52	95
7.0	187.48	38	0.75	95
7.0	192.48	42	0.52	95
8.0	128.0	79	0.48	95
8.0	128.48	75	1.0	95
8.0	129.48	74	0.52	95
8.0	130.0	74	1.0	95
8.0	131.0	79	0.48	95
8.0	131.48	79	1.0	95
8.0	132.48	79	0.52	95
8.0	133.0	75	2.48	95
8.0	135.48	79	2.52	95
8.0	138.0	79	0.48	95
8.0	138.48	75	3.52	95
8.0	142.0	79	0.48	95
8.0	142.48	75	14.25	95
8.0	156.73	84	0.27	95
8.0	157.0	87	0.23	95
8.0	157.23	84	0.25	95
8.0	157.48	79	1.52	95
8.0	159.0	84	0.23	95
8.0	159.23	82	0.25	95
8.0	159.48	82	0.52	95
8.0	160.0	84	8.0	95
8.0	128.0	75	0.48	95
8.0	128.48	79	1.0	95
8.0	129.48	77	0.52	95
8.0	130.0	77	1.0	95
8.0	131.0	75	0.48	95
8.0	131.48	75	1.0	95
8.0	132.48	75	0.52	95
8.0	133.0	79	2.48	95
8.0	135.48	75	2.52	95
8.0	138.0	75	0.48	95
8.0	138.48	79	3.52	95
8.0	142.0	75	0.48	95
8.0	142.48	79	15.25	95
8.0	157.73	67	0.27	95
8.0	158.0	63	0.23	95
8.0	158.23	67	0.25	95
8.0	158.48	75	9.52	95
8.0	129.0	79	2.48	95
8.0	132.0	79	1.0	95
8.0	133.48	74	1.0	95
8.0	134.48	74	10.0	95
8.0	144.48	74	1.0	95
8.0	145.48	77	1.0	95
8.0	146.48	77	0.52	95
8.0	147.0	74	1.0	95
8.0	148.0	77	1.0	95
8.0	149.0	74	2.48	95
8.0	151.48	77	16.52	95
8.0	129.0	75	2.48	95
8.0	132.0	75	1.0	95
8.0	133.48	77	1.0	95
8.0	134.48	77	2.0	95
8.0	136.48	77	1.0	95
8.0	137.48	79	1.0	95
8.0	139.0	80	1.0	95
8.0	140.0	77	1.0	95
8.0	141.0	80	2.48	95
8.0	143.48	80	24.52	95
8.0	130.48	77	3.52	95
8.0	134.0	74	0.48	95
8.0	135.0	75	0.48	95
8.0	136.0	77	0.48	95
8.0	136.48	80	0.52	95
8.0	137.0	80	2.48	95
8.0	139.48	80	0.52	95
8.0	140.0	80	1.0	95
8.0	141.0	77	2.48	95
8.0	143.48	77	1.0	95
8.0	144.48	77	0.52	95
8.0	145.0	74	2.48	95
8.0	147.48	74	0.52	95
8.0	148.0	74	1.0	95
8.0	149.0	77	0.48	95
8.0	149.48	77	1.0	95
8.0	150.48	82	9.0	95
8.0	159.73	82	8.27	95
8.0	130.48	74	3.52	95
8.0	134.0	77	0.48	95
8.0	135.0	79	0.48	95
8.0	136.0	80	0.48	95
8.0	137.0	77	2.48	95
8.0	139.48	77	0.52	95
8.0	140.48	80	1.0	95
8.0	141.48	79	1.0	95
8.0	143.0	80	0.48	95
8.0	144.0	77	0.48	95
8.0	145.0	77	0.48	95
8.0	145.48	82	0.52	95
8.0	146.0	77	1.0	95
8.0	147.0	77	1.0	95
8.0	148.48	77	1.0	95
8.0	149.48	82	0.52	95
8.0	150.0	77	0.48	95
8.0	150.48	77	1.0	95
8.0	151.48	74	16.52	95
8.0	137.48	75	1.0	95
8.0	139.0	77	1.0	95
8.0	140.48	77	1.0	95
8.0	141.48	75	1.0	95
8.0	143.0	77	0.48	95
8.0	144.0	74	0.48	95
8.0	146.0	82	0.48	95
8.0	146.48	82	0.52	95
8.0	147.48	77	0.52	95
8.0	148.48	74	1.0	95
8.0	150.0	82	0.48	95
8.0	151.0	74	0.48	95
8.0	152.0	58	0.23	95
8.0	152.23	60	0.25	95
8.0	152.48	63	0.25	95
8.0	152.73	65	0.27	95
8.0	153.0	67	0.23	95
8.0	153.23	65	0.25	95
8.0	153.48	67	0.25	95
8.0	153.73	68	0.27	95
8.0	154.0	70	0.23	95
8.0	154.23	68	0.25	95
8.0	154.48	67	0.25	95
8.0	154.73	65	0.27	95
8.0	155.0	63	0.23	95
8.0	155.23	62	0.25	95
8.0	155.48	60	0.25	95
8.0	155.73	58	0.27	95
8.0	156.0	60	0.23	95
8.0	156.23	72	0.25	95
8.0	156.48	75	2.25	95
8.0	158.73	79	9.27	95
8.0	151.0	77	0.48	95
9.0	0.0	48	1.0	95
9.0	8.0	63	1.0	95
9.0	16.0	62	8.0	95
9.0	24.0	44	1.0	95
9.0	28.0	43	4.0	95
9.0	32.0	67	9.0	95
9.0	48.0	63	8.0	95
9.0	56.0	43	1.0	95
9.0	60.0	43	0.73	95
9.0	61.0	67	1.73	95
9.0	64.0	63	8.0	95
9.0	72.0	44	8.0	95
9.0	80.0	41	8.0	95
9.0	88.0	60	8.0	95
9.0	96.0	60	8.0	95
9.0	104.0	44	8.0	95
9.0	112.0	56	8.0	95
9.0	120.0	68	8.0	95
9.0	128.0	48	1.0	95
9.0	136.0	68	1.0	95
9.0	144.0	62	1.0	95
9.0	152.0	46	0.73	95
9.0	153.0	58	0.73	95
9.0	154.0	46	0.48	95
9.0	154.48	58	29.52	95
9.0	184.0	48	8.0	95
9.0	192.0	67	0.0	95
9.0	192.0	60	0.0	95
9.0	192.0	63	0.0	95
9.0	192.0	48	0.0	95
9.0	0.0	60	1.0	95
9.0	8.0	48	1.0	95
9.0	16.0	65	8.0	95
9.0	24.0	60	1.0	95
9.0	28.0	59	4.0	95
9.0	32.0	60	1.0	95
9.0	40.0	48	1.0	95
9.0	48.0	68	8.0	95
9.0	56.0	59	1.0	95
9.0	60.0	59	0.73	95
9.0	61.0	62	0.73	95
9.0	62.0	43	0.73	95
9.0	64.0	67	40.0	95
9.0	104.0	68	8.0	95
9.0	112.0	41	8.0	95
9.0	120.0	44	8.0	95
9.0	128.0	67	40.0	95
9.0	168.0	63	24.0	95
9.0	0.0	63	1.0	95
9.0	8.0	60	1.0	95
9.0	16.0	58	8.0	95
9.0	24.0	63	1.0	95
9.0	28.0	62	4.0	95
9.0	32.0	48	1.0	95
9.0	40.0	60	1.0	95
9.0	48.0	60	8.0	95
9.0	56.0	62	1.0	95
9.0	60.0	62	0.73	95
9.0	61.0	59	0.73	95
9.0	62.0	59	0.73	95
9.0	64.0	60	8.0	95
9.0	72.0	68	8.0	95
9.0	80.0	65	8.0	95
9.0	88.0	68	8.0	95
9.0	96.0	67	33.0	95
9.0	136.0	63	32.0	95
9.0	168.0	60	24.0	95
9.0	0.0	67	1.0	95
9.0	8.0	67	1.0	95
9.0	16.0	46	8.0	95
9.0	24.0	68	1.0	95
9.0	28.0	67	4.0	95
9.0	32.0	63	1.0	95
9.0	40.0	63	1.0	95
9.0	48.0	44	8.0	95
9.0	56.0	67	4.73	95
9.0	61.0	43	0.73	95
9.0	62.0	62	0.73	95
9.0	64.0	48	8.0	95
9.0	72.0	60	8.0	95
9.0	80.0	56	8.0	95
9.0	88.0	63	8.0	95
9.0	96.0	48	8.0	95
9.0	104.0	63	24.0	95
9.0	128.0	60	9.0	95
9.0	144.0	58	1.0	95
9.0	152.0	53	0.73	95
9.0	153.0	53	0.73	95
9.0	154.0	53	0.48	95
9.0	154.48	46	29.52	95
9.0	184.0	60	8.0	95
9.0	40.0	67	17.0	95
9.0	60.0	67	1.73	95
9.0	62.0	67	10.0	95
9.0	72.0	63	24.0	95
9.0	96.0	63	8.0	95
9.0	104.0	60	8.0	95
9.0	112.0	65	8.0	95
9.0	120.0	60	8.0	95
9.0	128.0	63	9.0	95
9.0	144.0	46	1.0	95
9.0	152.0	58	0.73	95
9.0	153.0	46	0.73	95
9.0	154.0	58	0.48	95
9.0	154.48	53	37.52	95
9.0	80.0	60	8.0	95
9.0	88.0	44	8.0	95
9.0	112.0	60	8.0	95
9.0	120.0	63	8.0	95
9.0	136.0	60	21.0	95
9.0	160.0	48	8.0	95
9.0	168.0	44	8.0	95
9.0	176.0	46	16.0	95
9.0	136.0	44	1.0	95
9.0	144.0	65	1.0	95
9.0	156.0	48	1.0	95
9.0	160.0	67	32.0	95
9.0	156.0	55	1.0	95
9.0	160.0	60	8.0	95
9.0	168.0	68	8.0	95
9.0	176.0	58	16.0	95
9.0	156.0	60	12.0	95
9.0	176.0	62	8.0	95
9.0	184.0	63	8.0	95
9.0	160.0	63	8.0	95
9.0	176.0	65	8.0	95
9.0	184.0	67	8.0	95
10.0	129.0	67	0.48	95
10.0	129.48	67	4.52	95
10.0	135.0	65	2.0	95
10.0	137.0	67	12.48	95
10.0	149.48	65	3.52	95
10.0	153.0	65	1.0	95
10.0	154.0	65	9.0	95
10.0	163.0	65	2.0	95
10.0	165.0	63	0.48	95
10.0	165.48	67	16.0	95
10.0	181.48	63	2.0	95
10.0	184.0	65	3.0	95
10.0	187.0	63	1.0	95
10.0	188.0	60	3.0	95
10.0	193.0	67	0.33	95
10.0	130.0	65	1.0	95
10.0	131.0	65	2.0	95
10.0	133.0	67	4.48	95
10.0	137.48	65	6.0	95
10.0	143.48	63	0.52	95
10.0	144.0	65	2.0	95
10.0	146.0	65	3.0	95
10.0	149.0	67	12.48	95
10.0	161.48	67	5.0	95
10.0	167.0	60	0.48	95
10.0	167.48	63	0.52	95
10.0	168.0	65	1.0	95
10.0	169.0	65	1.0	95
10.0	170.0	65	7.0	95
10.0	177.0	65	0.48	95
10.0	177.48	65	3.52	95
10.0	181.0	67	4.48	95
10.0	185.48	65	7.85	95
10.0	131.48	63	0.52	95
10.0	132.0	65	3.48	95
10.0	135.48	63	0.52	95
10.0	136.0	65	2.48	95
10.0	138.48	63	1.0	95
10.0	139.48	60	2.0	95
10.0	143.0	65	2.0	95
10.0	145.0	65	2.0	95
10.0	147.0	63	1.0	95
10.0	148.0	65	2.48	95
10.0	151.0	63	1.0	95
10.0	152.0	65	1.0	95
10.0	154.48	63	1.0	95
10.0	155.48	60	2.52	95
10.0	161.0	67	0.48	95
10.0	162.0	65	1.0	95
10.0	163.48	63	0.52	95
10.0	164.0	65	5.0	95
10.0	170.48	63	1.0	95
10.0	171.48	60	2.52	95
10.0	175.0	63	1.0	95
10.0	176.0	65	1.0	95
10.0	179.0	63	1.0	95
10.0	180.0	65	5.0	95
10.0	185.0	67	8.33	95
