Track	Start_Time	Pitch	Duration	Dynamic
0.0	0.0	71	0.25	100
0.0	0.25	69	0.25	100
0.0	0.5	68	0.25	100
0.0	0.75	69	0.25	100
0.0	1.0	72	0.5	100
0.0	2.0	74	0.25	100
0.0	2.25	72	0.25	100
0.0	2.5	71	0.25	100
0.0	2.75	72	0.25	100
0.0	3.0	76	0.5	100
0.0	4.0	77	0.25	100
0.0	4.25	76	0.25	100
0.0	4.5	75	0.25	100
0.0	4.75	76	0.25	100
0.0	5.0	83	0.25	100
0.0	5.25	81	0.25	100
0.0	5.5	80	0.25	100
0.0	5.75	81	0.25	100
0.0	6.0	83	0.25	100
0.0	6.25	81	0.25	100
0.0	6.5	80	0.25	100
0.0	6.75	81	0.25	100
0.0	7.0	84	1.0	100
0.0	8.0	81	0.5	100
0.0	8.5	84	0.5	100
0.0	9.0	79	0.13	100
0.0	9.13	81	0.13	100
0.0	9.25	83	0.25	100
0.0	9.5	78	0.5	100
0.0	10.0	79	0.5	100
0.0	10.5	81	0.5	100
0.0	11.0	79	0.13	100
0.0	11.13	81	0.13	100
0.0	11.25	83	0.25	100
0.0	11.5	78	0.5	100
0.0	12.0	79	0.5	100
0.0	12.5	78	0.5	100
0.0	13.0	79	0.13	100
0.0	13.13	81	0.13	100
0.0	13.25	83	0.25	100
0.0	13.5	78	0.5	100
0.0	14.0	79	0.5	100
0.0	14.5	78	0.5	100
0.0	15.0	76	1.0	100
0.0	48.0	71	0.25	100
0.0	48.25	69	0.25	100
0.0	48.5	68	0.25	100
0.0	48.75	69	0.25	100
0.0	49.0	72	0.5	100
0.0	50.0	74	0.25	100
0.0	50.25	72	0.25	100
0.0	50.5	71	0.25	100
0.0	50.75	72	0.25	100
0.0	51.0	76	0.5	100
0.0	52.0	77	0.25	100
0.0	52.25	76	0.25	100
0.0	52.5	75	0.25	100
0.0	52.75	76	0.25	100
0.0	53.0	83	0.25	100
0.0	53.25	81	0.25	100
0.0	53.5	80	0.25	100
0.0	53.75	81	0.25	100
0.0	54.0	83	0.25	100
0.0	54.25	81	0.25	100
0.0	54.5	80	0.25	100
0.0	54.75	81	0.25	100
0.0	55.0	84	1.0	100
0.0	56.0	81	0.5	100
0.0	56.5	83	0.5	100
0.0	57.0	84	0.5	100
0.0	57.5	83	0.5	100
0.0	58.0	81	0.5	100
0.0	58.5	80	0.5	100
0.0	59.0	81	0.5	100
0.0	59.5	76	0.5	100
0.0	60.0	77	0.5	100
0.0	60.5	74	0.5	100
0.0	61.0	72	1.0	100
0.0	62.0	72	0.13	100
0.0	62.13	71	0.13	100
0.0	62.25	72	0.13	100
0.0	62.38	71	0.13	100
0.0	62.5	72	0.13	100
0.0	62.63	71	0.13	100
0.0	62.75	69	0.13	100
0.0	62.88	71	0.13	100
0.0	63.0	69	1.0	100
0.0	160.0	76	0.25	100
0.0	160.25	74	0.25	100
0.0	160.5	73	0.25	100
0.0	160.75	71	0.25	100
0.0	161.0	69	0.25	100
0.0	161.25	71	0.25	100
0.0	161.5	73	0.25	100
0.0	161.75	74	0.25	100
0.0	162.0	76	0.25	100
0.0	162.25	78	0.25	100
0.0	162.5	80	0.25	100
0.0	162.75	81	0.25	100
0.0	163.0	81	0.25	100
0.0	163.25	80	0.25	100
0.0	163.5	78	0.25	100
0.0	163.75	76	0.25	100
0.0	164.0	76	0.25	100
0.0	164.25	74	0.25	100
0.0	164.5	73	0.25	100
0.0	164.75	71	0.25	100
0.0	165.0	69	0.25	100
0.0	165.25	71	0.25	100
0.0	165.5	73	0.25	100
0.0	165.75	74	0.25	100
0.0	166.0	76	0.25	100
0.0	166.25	78	0.25	100
0.0	166.5	80	0.25	100
0.0	166.75	81	0.25	100
0.0	167.0	82	0.5	100
0.0	167.5	83	0.5	100
0.0	168.0	76	0.25	100
0.0	168.25	74	0.25	100
0.0	168.5	73	0.25	100
0.0	168.75	71	0.25	100
0.0	169.0	69	0.25	100
0.0	169.25	71	0.25	100
0.0	169.5	73	0.25	100
0.0	169.75	74	0.25	100
0.0	170.0	76	0.25	100
0.0	170.25	78	0.25	100
0.0	170.5	80	0.25	100
0.0	170.75	81	0.25	100
0.0	171.0	81	0.25	100
0.0	171.25	80	0.25	100
0.0	171.5	78	0.25	100
0.0	171.75	76	0.25	100
0.0	172.0	76	0.25	100
0.0	172.25	74	0.25	100
0.0	172.5	73	0.25	100
0.0	172.75	71	0.25	100
0.0	173.0	73	0.25	100
0.0	173.25	76	0.25	100
0.0	173.5	69	0.25	100
0.0	173.75	73	0.25	100
0.0	174.0	71	0.25	100
0.0	174.25	74	0.25	100
0.0	174.5	68	0.25	100
0.0	174.75	71	0.25	100
0.0	175.0	69	1.0	100
0.0	256.0	71	0.25	100
0.0	256.25	69	0.25	100
0.0	256.5	68	0.25	100
0.0	256.75	69	0.25	100
0.0	257.0	72	0.5	100
0.0	258.0	74	0.25	100
0.0	258.25	72	0.25	100
0.0	258.5	71	0.25	100
0.0	258.75	72	0.25	100
0.0	259.0	76	0.5	100
0.0	260.0	77	0.25	100
0.0	260.25	76	0.25	100
0.0	260.5	75	0.25	100
0.0	260.75	76	0.25	100
0.0	261.0	83	0.25	100
0.0	261.25	81	0.25	100
0.0	261.5	80	0.25	100
0.0	261.75	81	0.25	100
0.0	262.0	83	0.25	100
0.0	262.25	81	0.25	100
0.0	262.5	80	0.25	100
0.0	262.75	81	0.25	100
0.0	263.0	84	1.0	100
0.0	264.0	81	0.5	100
0.0	264.5	84	0.5	100
0.0	265.0	79	0.13	100
0.0	265.13	81	0.13	100
0.0	265.25	83	0.25	100
0.0	265.5	78	0.5	100
0.0	266.0	79	0.5	100
0.0	266.5	81	0.5	100
0.0	267.0	79	0.13	100
0.0	267.13	81	0.13	100
0.0	267.25	83	0.25	100
0.0	267.5	78	0.5	100
0.0	268.0	79	0.5	100
0.0	268.5	78	0.5	100
0.0	269.0	79	0.13	100
0.0	269.13	81	0.13	100
0.0	269.25	83	0.25	100
0.0	269.5	78	0.5	100
0.0	270.0	79	0.5	100
0.0	270.5	78	0.5	100
0.0	271.0	76	1.0	100
0.0	304.0	71	0.25	100
0.0	304.25	69	0.25	100
0.0	304.5	68	0.25	100
0.0	304.75	69	0.25	100
0.0	305.0	72	0.5	100
0.0	306.0	74	0.25	100
0.0	306.25	72	0.25	100
0.0	306.5	71	0.25	100
0.0	306.75	72	0.25	100
0.0	307.0	76	0.5	100
0.0	308.0	77	0.25	100
0.0	308.25	76	0.25	100
0.0	308.5	75	0.25	100
0.0	308.75	76	0.25	100
0.0	309.0	83	0.25	100
0.0	309.25	81	0.25	100
0.0	309.5	80	0.25	100
0.0	309.75	81	0.25	100
0.0	310.0	83	0.25	100
0.0	310.25	81	0.25	100
0.0	310.5	80	0.25	100
0.0	310.75	81	0.25	100
0.0	311.0	84	1.0	100
0.0	312.0	81	0.5	100
0.0	312.5	83	0.5	100
0.0	313.0	84	0.5	100
0.0	313.5	83	0.5	100
0.0	314.0	81	0.5	100
0.0	314.5	80	0.5	100
0.0	315.0	81	0.5	100
0.0	315.5	76	0.5	100
0.0	316.0	77	0.5	100
0.0	316.5	74	0.5	100
0.0	317.0	72	1.0	100
0.0	318.0	72	0.13	100
0.0	318.13	71	0.13	100
0.0	318.25	72	0.13	100
0.0	318.38	71	0.13	100
0.0	318.5	72	0.13	100
0.0	318.63	71	0.13	100
0.0	318.75	69	0.13	100
0.0	318.88	71	0.13	100
0.0	319.0	69	1.0	100
0.0	9.5	81	0.5	100
0.0	10.0	76	0.5	100
0.0	10.5	78	0.5	100
0.0	11.5	81	0.5	100
0.0	12.0	76	0.5	100
0.0	12.5	81	0.5	100
0.0	13.5	81	0.5	100
0.0	14.0	76	0.5	100
0.0	14.5	75	0.5	100
0.0	265.5	81	0.5	100
0.0	266.0	76	0.5	100
0.0	266.5	78	0.5	100
0.0	267.5	81	0.5	100
0.0	268.0	76	0.5	100
0.0	268.5	81	0.5	100
0.0	269.5	81	0.5	100
0.0	270.0	76	0.5	100
0.0	270.5	75	0.5	100
1.0	1.0	57	0.5	100
1.0	1.5	64	0.5	100
1.0	2.0	64	0.5	100
1.0	2.5	64	0.5	100
1.0	3.0	57	0.5	100
1.0	3.5	64	0.5	100
1.0	4.0	64	0.5	100
1.0	4.5	64	0.5	100
1.0	5.0	57	0.5	100
1.0	5.5	64	0.5	100
1.0	6.0	57	0.5	100
1.0	6.5	64	0.5	100
1.0	7.0	57	0.5	100
1.0	7.5	64	0.5	100
1.0	8.0	64	0.5	100
1.0	8.5	64	0.5	100
1.0	9.0	52	0.5	100
1.0	9.5	64	0.5	100
1.0	10.0	64	0.5	100
1.0	10.5	64	0.5	100
1.0	11.0	52	0.5	100
1.0	11.5	64	0.5	100
1.0	12.0	64	0.5	100
1.0	12.5	64	0.5	100
1.0	13.0	52	0.5	100
1.0	13.5	64	0.5	100
1.0	14.0	47	0.5	100
1.0	14.5	59	0.5	100
1.0	15.0	52	1.0	100
1.0	49.0	57	0.5	100
1.0	49.5	64	0.5	100
1.0	50.0	64	0.5	100
1.0	50.5	64	0.5	100
1.0	51.0	57	0.5	100
1.0	51.5	64	0.5	100
1.0	52.0	64	0.5	100
1.0	52.5	64	0.5	100
1.0	53.0	57	0.5	100
1.0	53.5	64	0.5	100
1.0	54.0	57	0.5	100
1.0	54.5	64	0.5	100
1.0	55.0	53	0.5	100
1.0	55.5	63	0.5	100
1.0	56.0	63	0.5	100
1.0	56.5	63	0.5	100
1.0	57.0	52	0.5	100
1.0	57.5	64	0.5	100
1.0	58.0	50	0.5	100
1.0	58.5	59	0.5	100
1.0	59.0	48	0.5	100
1.0	59.5	57	0.5	100
1.0	60.0	50	0.5	100
1.0	60.5	59	0.5	100
1.0	61.0	52	0.5	100
1.0	61.5	52	0.5	100
1.0	62.0	52	0.5	100
1.0	62.5	52	0.5	100
1.0	63.0	45	1.0	100
1.0	161.0	57	0.5	100
1.0	161.5	64	0.5	100
1.0	162.0	64	0.5	100
1.0	162.5	64	0.5	100
1.0	163.0	59	0.5	100
1.0	163.5	64	0.5	100
1.0	164.0	56	0.5	100
1.0	164.5	64	0.5	100
1.0	165.0	57	0.5	100
1.0	165.5	64	0.5	100
1.0	166.0	64	0.5	100
1.0	166.5	64	0.5	100
1.0	167.0	52	0.5	100
1.0	167.5	62	0.5	100
1.0	168.0	62	0.5	100
1.0	168.5	62	0.5	100
1.0	169.0	57	0.5	100
1.0	169.5	64	0.5	100
1.0	170.0	64	0.5	100
1.0	170.5	64	0.5	100
1.0	171.0	59	0.5	100
1.0	171.5	64	0.5	100
1.0	172.0	56	0.5	100
1.0	172.5	64	0.5	100
1.0	173.0	57	0.5	100
1.0	173.5	54	0.5	100
1.0	174.0	50	0.5	100
1.0	174.5	52	0.5	100
1.0	175.0	45	0.5	100
1.0	175.5	57	0.5	100
1.0	257.0	57	0.5	100
1.0	257.5	64	0.5	100
1.0	258.0	64	0.5	100
1.0	258.5	64	0.5	100
1.0	259.0	57	0.5	100
1.0	259.5	64	0.5	100
1.0	260.0	64	0.5	100
1.0	260.5	64	0.5	100
1.0	261.0	57	0.5	100
1.0	261.5	64	0.5	100
1.0	262.0	57	0.5	100
1.0	262.5	64	0.5	100
1.0	263.0	57	0.5	100
1.0	263.5	64	0.5	100
1.0	264.0	64	0.5	100
1.0	264.5	64	0.5	100
1.0	265.0	52	0.5	100
1.0	265.5	64	0.5	100
1.0	266.0	64	0.5	100
1.0	266.5	64	0.5	100
1.0	267.0	52	0.5	100
1.0	267.5	64	0.5	100
1.0	268.0	64	0.5	100
1.0	268.5	64	0.5	100
1.0	269.0	52	0.5	100
1.0	269.5	64	0.5	100
1.0	270.0	47	0.5	100
1.0	270.5	59	0.5	100
1.0	271.0	52	1.0	100
1.0	305.0	57	0.5	100
1.0	305.5	64	0.5	100
1.0	306.0	64	0.5	100
1.0	306.5	64	0.5	100
1.0	307.0	57	0.5	100
1.0	307.5	64	0.5	100
1.0	308.0	64	0.5	100
1.0	308.5	64	0.5	100
1.0	309.0	57	0.5	100
1.0	309.5	64	0.5	100
1.0	310.0	57	0.5	100
1.0	310.5	64	0.5	100
1.0	311.0	53	0.5	100
1.0	311.5	63	0.5	100
1.0	312.0	63	0.5	100
1.0	312.5	63	0.5	100
1.0	313.0	52	0.5	100
1.0	313.5	64	0.5	100
1.0	314.0	50	0.5	100
1.0	314.5	59	0.5	100
1.0	315.0	48	0.5	100
1.0	315.5	57	0.5	100
1.0	316.0	50	0.5	100
1.0	316.5	59	0.5	100
1.0	317.0	52	0.5	100
1.0	317.5	52	0.5	100
1.0	318.0	52	0.5	100
1.0	318.5	52	0.5	100
1.0	319.0	45	1.0	100
1.0	1.5	60	0.5	100
1.0	2.0	60	0.5	100
1.0	2.5	60	0.5	100
1.0	3.5	60	0.5	100
1.0	4.0	60	0.5	100
1.0	4.5	60	0.5	100
1.0	5.5	60	0.5	100
1.0	6.5	60	0.5	100
1.0	7.5	60	0.5	100
1.0	8.0	60	0.5	100
1.0	8.5	60	0.5	100
1.0	9.5	59	0.5	100
1.0	10.0	59	0.5	100
1.0	10.5	59	0.5	100
1.0	11.5	59	0.5	100
1.0	12.0	59	0.5	100
1.0	12.5	59	0.5	100
1.0	13.5	59	0.5	100
1.0	49.5	60	0.5	100
1.0	50.0	60	0.5	100
1.0	50.5	60	0.5	100
1.0	51.5	60	0.5	100
1.0	52.0	60	0.5	100
1.0	52.5	60	0.5	100
1.0	53.5	60	0.5	100
1.0	54.5	60	0.5	100
1.0	55.5	57	0.5	100
1.0	56.0	57	0.5	100
1.0	56.5	57	0.5	100
1.0	57.5	57	0.5	100
1.0	58.5	53	0.5	100
1.0	59.5	52	0.5	100
1.0	60.5	53	0.5	100
1.0	61.0	57	0.5	100
1.0	61.5	57	0.5	100
1.0	62.0	56	0.5	100
1.0	62.5	56	0.5	100
1.0	63.0	57	1.0	100
1.0	161.5	61	0.5	100
1.0	162.0	61	0.5	100
1.0	162.5	61	0.5	100
1.0	163.5	62	0.5	100
1.0	164.5	62	0.5	100
1.0	165.5	61	0.5	100
1.0	166.0	61	0.5	100
1.0	166.5	61	0.5	100
1.0	167.5	56	0.5	100
1.0	168.0	56	0.5	100
1.0	168.5	56	0.5	100
1.0	169.5	61	0.5	100
1.0	170.0	61	0.5	100
1.0	170.5	61	0.5	100
1.0	171.5	62	0.5	100
1.0	172.5	62	0.5	100
1.0	257.5	60	0.5	100
1.0	258.0	60	0.5	100
1.0	258.5	60	0.5	100
1.0	259.5	60	0.5	100
1.0	260.0	60	0.5	100
1.0	260.5	60	0.5	100
1.0	261.5	60	0.5	100
1.0	262.5	60	0.5	100
1.0	263.5	60	0.5	100
1.0	264.0	60	0.5	100
1.0	264.5	60	0.5	100
1.0	265.5	59	0.5	100
1.0	266.0	59	0.5	100
1.0	266.5	59	0.5	100
1.0	267.5	59	0.5	100
1.0	268.0	59	0.5	100
1.0	268.5	59	0.5	100
1.0	269.5	59	0.5	100
1.0	305.5	60	0.5	100
1.0	306.0	60	0.5	100
1.0	306.5	60	0.5	100
1.0	307.5	60	0.5	100
1.0	308.0	60	0.5	100
1.0	308.5	60	0.5	100
1.0	309.5	60	0.5	100
1.0	310.5	60	0.5	100
1.0	311.5	57	0.5	100
1.0	312.0	57	0.5	100
1.0	312.5	57	0.5	100
1.0	313.5	57	0.5	100
1.0	314.5	53	0.5	100
1.0	315.5	52	0.5	100
1.0	316.5	53	0.5	100
1.0	317.0	57	0.5	100
1.0	317.5	57	0.5	100
1.0	318.0	56	0.5	100
1.0	318.5	56	0.5	100
1.0	319.0	57	1.0	100
2.0	16.0	71	0.25	100
2.0	16.25	69	0.25	100
2.0	16.5	68	0.25	100
2.0	16.75	69	0.25	100
2.0	17.0	72	0.5	100
2.0	18.0	74	0.25	100
2.0	18.25	72	0.25	100
2.0	18.5	71	0.25	100
2.0	18.75	72	0.25	100
2.0	19.0	76	0.5	100
2.0	20.0	77	0.25	100
2.0	20.25	76	0.25	100
2.0	20.5	75	0.25	100
2.0	20.75	76	0.25	100
2.0	21.0	83	0.25	100
2.0	21.25	81	0.25	100
2.0	21.5	80	0.25	100
2.0	21.75	81	0.25	100
2.0	22.0	83	0.25	100
2.0	22.25	81	0.25	100
2.0	22.5	80	0.25	100
2.0	22.75	81	0.25	100
2.0	23.0	84	1.0	100
2.0	24.0	81	0.5	100
2.0	24.5	84	0.5	100
2.0	25.0	79	0.13	100
2.0	25.13	81	0.13	100
2.0	25.25	83	0.25	100
2.0	25.5	78	0.5	100
2.0	26.0	79	0.5	100
2.0	26.5	81	0.5	100
2.0	27.0	79	0.13	100
2.0	27.13	81	0.13	100
2.0	27.25	83	0.25	100
2.0	27.5	78	0.5	100
2.0	28.0	79	0.5	100
2.0	28.5	78	0.5	100
2.0	29.0	79	0.13	100
2.0	29.13	81	0.13	100
2.0	29.25	83	0.25	100
2.0	29.5	78	0.5	100
2.0	30.0	79	0.5	100
2.0	30.5	78	0.5	100
2.0	31.0	76	1.0	100
2.0	80.0	71	0.25	100
2.0	80.25	69	0.25	100
2.0	80.5	68	0.25	100
2.0	80.75	69	0.25	100
2.0	81.0	72	0.5	100
2.0	82.0	74	0.25	100
2.0	82.25	72	0.25	100
2.0	82.5	71	0.25	100
2.0	82.75	72	0.25	100
2.0	83.0	76	0.5	100
2.0	84.0	77	0.25	100
2.0	84.25	76	0.25	100
2.0	84.5	75	0.25	100
2.0	84.75	76	0.25	100
2.0	85.0	83	0.25	100
2.0	85.25	81	0.25	100
2.0	85.5	80	0.25	100
2.0	85.75	81	0.25	100
2.0	86.0	83	0.25	100
2.0	86.25	81	0.25	100
2.0	86.5	80	0.25	100
2.0	86.75	81	0.25	100
2.0	87.0	84	1.0	100
2.0	88.0	81	0.5	100
2.0	88.5	83	0.5	100
2.0	89.0	84	0.5	100
2.0	89.5	83	0.5	100
2.0	90.0	81	0.5	100
2.0	90.5	80	0.5	100
2.0	91.0	81	0.5	100
2.0	91.5	76	0.5	100
2.0	92.0	77	0.5	100
2.0	92.5	74	0.5	100
2.0	93.0	72	1.0	100
2.0	94.0	72	0.13	100
2.0	94.13	71	0.13	100
2.0	94.25	72	0.13	100
2.0	94.38	71	0.13	100
2.0	94.5	72	0.13	100
2.0	94.63	71	0.13	100
2.0	94.75	69	0.13	100
2.0	94.88	71	0.13	100
2.0	95.0	69	1.0	100
2.0	192.0	76	0.25	100
2.0	192.25	74	0.25	100
2.0	192.5	73	0.25	100
2.0	192.75	71	0.25	100
2.0	193.0	69	0.25	100
2.0	193.25	71	0.25	100
2.0	193.5	73	0.25	100
2.0	193.75	74	0.25	100
2.0	194.0	76	0.25	100
2.0	194.25	78	0.25	100
2.0	194.5	80	0.25	100
2.0	194.75	81	0.25	100
2.0	195.0	81	0.25	100
2.0	195.25	80	0.25	100
2.0	195.5	78	0.25	100
2.0	195.75	76	0.25	100
2.0	196.0	76	0.25	100
2.0	196.25	74	0.25	100
2.0	196.5	73	0.25	100
2.0	196.75	71	0.25	100
2.0	197.0	69	0.25	100
2.0	197.25	71	0.25	100
2.0	197.5	73	0.25	100
2.0	197.75	74	0.25	100
2.0	198.0	76	0.25	100
2.0	198.25	78	0.25	100
2.0	198.5	80	0.25	100
2.0	198.75	81	0.25	100
2.0	199.0	82	0.5	100
2.0	199.5	83	0.5	100
2.0	200.0	76	0.25	100
2.0	200.25	74	0.25	100
2.0	200.5	73	0.25	100
2.0	200.75	71	0.25	100
2.0	201.0	69	0.25	100
2.0	201.25	71	0.25	100
2.0	201.5	73	0.25	100
2.0	201.75	74	0.25	100
2.0	202.0	76	0.25	100
2.0	202.25	78	0.25	100
2.0	202.5	80	0.25	100
2.0	202.75	81	0.25	100
2.0	203.0	81	0.25	100
2.0	203.25	80	0.25	100
2.0	203.5	78	0.25	100
2.0	203.75	76	0.25	100
2.0	204.0	76	0.25	100
2.0	204.25	74	0.25	100
2.0	204.5	73	0.25	100
2.0	204.75	71	0.25	100
2.0	205.0	73	0.25	100
2.0	205.25	76	0.25	100
2.0	205.5	69	0.25	100
2.0	205.75	73	0.25	100
2.0	206.0	71	0.25	100
2.0	206.25	74	0.25	100
2.0	206.5	68	0.25	100
2.0	206.75	71	0.25	100
2.0	207.0	69	1.0	100
2.0	272.0	71	0.25	100
2.0	272.25	69	0.25	100
2.0	272.5	68	0.25	100
2.0	272.75	69	0.25	100
2.0	273.0	72	0.5	100
2.0	274.0	74	0.25	100
2.0	274.25	72	0.25	100
2.0	274.5	71	0.25	100
2.0	274.75	72	0.25	100
2.0	275.0	76	0.5	100
2.0	276.0	77	0.25	100
2.0	276.25	76	0.25	100
2.0	276.5	75	0.25	100
2.0	276.75	76	0.25	100
2.0	277.0	83	0.25	100
2.0	277.25	81	0.25	100
2.0	277.5	80	0.25	100
2.0	277.75	81	0.25	100
2.0	278.0	83	0.25	100
2.0	278.25	81	0.25	100
2.0	278.5	80	0.25	100
2.0	278.75	81	0.25	100
2.0	279.0	84	1.0	100
2.0	280.0	81	0.5	100
2.0	280.5	84	0.5	100
2.0	281.0	79	0.13	100
2.0	281.13	81	0.13	100
2.0	281.25	83	0.25	100
2.0	281.5	78	0.5	100
2.0	282.0	79	0.5	100
2.0	282.5	81	0.5	100
2.0	283.0	79	0.13	100
2.0	283.13	81	0.13	100
2.0	283.25	83	0.25	100
2.0	283.5	78	0.5	100
2.0	284.0	79	0.5	100
2.0	284.5	78	0.5	100
2.0	285.0	79	0.13	100
2.0	285.13	81	0.13	100
2.0	285.25	83	0.25	100
2.0	285.5	78	0.5	100
2.0	286.0	79	0.5	100
2.0	286.5	78	0.5	100
2.0	287.0	76	1.0	100
2.0	336.0	71	0.25	100
2.0	336.25	69	0.25	100
2.0	336.5	68	0.25	100
2.0	336.75	69	0.25	100
2.0	337.0	72	0.5	100
2.0	338.0	74	0.25	100
2.0	338.25	72	0.25	100
2.0	338.5	71	0.25	100
2.0	338.75	72	0.25	100
2.0	339.0	76	0.5	100
2.0	340.0	77	0.25	100
2.0	340.25	76	0.25	100
2.0	340.5	75	0.25	100
2.0	340.75	76	0.25	100
2.0	341.0	83	0.25	100
2.0	341.25	81	0.25	100
2.0	341.5	80	0.25	100
2.0	341.75	81	0.25	100
2.0	342.0	83	0.25	100
2.0	342.25	81	0.25	100
2.0	342.5	80	0.25	100
2.0	342.75	81	0.25	100
2.0	343.0	84	1.0	100
2.0	344.0	81	0.5	100
2.0	344.5	83	0.5	100
2.0	345.0	84	0.5	100
2.0	345.5	83	0.5	100
2.0	346.0	81	0.5	100
2.0	346.5	80	0.5	100
2.0	347.0	81	0.5	100
2.0	347.5	76	0.5	100
2.0	348.0	77	0.5	100
2.0	348.5	74	0.5	100
2.0	349.0	72	1.0	100
2.0	350.0	72	0.13	100
2.0	350.13	71	0.13	100
2.0	350.25	72	0.13	100
2.0	350.38	71	0.13	100
2.0	350.5	72	0.13	100
2.0	350.63	71	0.13	100
2.0	350.75	69	0.13	100
2.0	350.88	71	0.13	100
2.0	351.0	69	1.0	100
2.0	25.5	81	0.5	100
2.0	26.0	76	0.5	100
2.0	26.5	78	0.5	100
2.0	27.5	81	0.5	100
2.0	28.0	76	0.5	100
2.0	28.5	81	0.5	100
2.0	29.5	81	0.5	100
2.0	30.0	76	0.5	100
2.0	30.5	75	0.5	100
2.0	281.5	81	0.5	100
2.0	282.0	76	0.5	100
2.0	282.5	78	0.5	100
2.0	283.5	81	0.5	100
2.0	284.0	76	0.5	100
2.0	284.5	81	0.5	100
2.0	285.5	81	0.5	100
2.0	286.0	76	0.5	100
2.0	286.5	75	0.5	100
3.0	17.0	57	0.5	100
3.0	17.5	64	0.5	100
3.0	18.0	64	0.5	100
3.0	18.5	64	0.5	100
3.0	19.0	57	0.5	100
3.0	19.5	64	0.5	100
3.0	20.0	64	0.5	100
3.0	20.5	64	0.5	100
3.0	21.0	57	0.5	100
3.0	21.5	64	0.5	100
3.0	22.0	57	0.5	100
3.0	22.5	64	0.5	100
3.0	23.0	57	0.5	100
3.0	23.5	64	0.5	100
3.0	24.0	64	0.5	100
3.0	24.5	64	0.5	100
3.0	25.0	52	0.5	100
3.0	25.5	64	0.5	100
3.0	26.0	64	0.5	100
3.0	26.5	64	0.5	100
3.0	27.0	52	0.5	100
3.0	27.5	64	0.5	100
3.0	28.0	64	0.5	100
3.0	28.5	64	0.5	100
3.0	29.0	52	0.5	100
3.0	29.5	64	0.5	100
3.0	30.0	47	0.5	100
3.0	30.5	59	0.5	100
3.0	31.0	52	1.0	100
3.0	81.0	57	0.5	100
3.0	81.5	64	0.5	100
3.0	82.0	64	0.5	100
3.0	82.5	64	0.5	100
3.0	83.0	57	0.5	100
3.0	83.5	64	0.5	100
3.0	84.0	64	0.5	100
3.0	84.5	64	0.5	100
3.0	85.0	57	0.5	100
3.0	85.5	64	0.5	100
3.0	86.0	57	0.5	100
3.0	86.5	64	0.5	100
3.0	87.0	53	0.5	100
3.0	87.5	63	0.5	100
3.0	88.0	63	0.5	100
3.0	88.5	63	0.5	100
3.0	89.0	52	0.5	100
3.0	89.5	64	0.5	100
3.0	90.0	50	0.5	100
3.0	90.5	59	0.5	100
3.0	91.0	48	0.5	100
3.0	91.5	57	0.5	100
3.0	92.0	50	0.5	100
3.0	92.5	59	0.5	100
3.0	93.0	52	0.5	100
3.0	93.5	52	0.5	100
3.0	94.0	52	0.5	100
3.0	94.5	52	0.5	100
3.0	95.0	45	1.0	100
3.0	193.0	57	0.5	100
3.0	193.5	64	0.5	100
3.0	194.0	64	0.5	100
3.0	194.5	64	0.5	100
3.0	195.0	59	0.5	100
3.0	195.5	64	0.5	100
3.0	196.0	56	0.5	100
3.0	196.5	64	0.5	100
3.0	197.0	57	0.5	100
3.0	197.5	64	0.5	100
3.0	198.0	64	0.5	100
3.0	198.5	64	0.5	100
3.0	199.0	52	0.5	100
3.0	199.5	62	0.5	100
3.0	200.0	62	0.5	100
3.0	200.5	62	0.5	100
3.0	201.0	57	0.5	100
3.0	201.5	64	0.5	100
3.0	202.0	64	0.5	100
3.0	202.5	64	0.5	100
3.0	203.0	59	0.5	100
3.0	203.5	64	0.5	100
3.0	204.0	56	0.5	100
3.0	204.5	64	0.5	100
3.0	205.0	57	0.5	100
3.0	205.5	54	0.5	100
3.0	206.0	50	0.5	100
3.0	206.5	52	0.5	100
3.0	207.0	45	0.5	100
3.0	207.5	57	0.5	100
3.0	273.0	57	0.5	100
3.0	273.5	64	0.5	100
3.0	274.0	64	0.5	100
3.0	274.5	64	0.5	100
3.0	275.0	57	0.5	100
3.0	275.5	64	0.5	100
3.0	276.0	64	0.5	100
3.0	276.5	64	0.5	100
3.0	277.0	57	0.5	100
3.0	277.5	64	0.5	100
3.0	278.0	57	0.5	100
3.0	278.5	64	0.5	100
3.0	279.0	57	0.5	100
3.0	279.5	64	0.5	100
3.0	280.0	64	0.5	100
3.0	280.5	64	0.5	100
3.0	281.0	52	0.5	100
3.0	281.5	64	0.5	100
3.0	282.0	64	0.5	100
3.0	282.5	64	0.5	100
3.0	283.0	52	0.5	100
3.0	283.5	64	0.5	100
3.0	284.0	64	0.5	100
3.0	284.5	64	0.5	100
3.0	285.0	52	0.5	100
3.0	285.5	64	0.5	100
3.0	286.0	47	0.5	100
3.0	286.5	59	0.5	100
3.0	287.0	52	1.0	100
3.0	337.0	57	0.5	100
3.0	337.5	64	0.5	100
3.0	338.0	64	0.5	100
3.0	338.5	64	0.5	100
3.0	339.0	57	0.5	100
3.0	339.5	64	0.5	100
3.0	340.0	64	0.5	100
3.0	340.5	64	0.5	100
3.0	341.0	57	0.5	100
3.0	341.5	64	0.5	100
3.0	342.0	57	0.5	100
3.0	342.5	64	0.5	100
3.0	343.0	53	0.5	100
3.0	343.5	63	0.5	100
3.0	344.0	63	0.5	100
3.0	344.5	63	0.5	100
3.0	345.0	52	0.5	100
3.0	345.5	64	0.5	100
3.0	346.0	50	0.5	100
3.0	346.5	59	0.5	100
3.0	347.0	48	0.5	100
3.0	347.5	57	0.5	100
3.0	348.0	50	0.5	100
3.0	348.5	59	0.5	100
3.0	349.0	52	0.5	100
3.0	349.5	52	0.5	100
3.0	350.0	52	0.5	100
3.0	350.5	52	0.5	100
3.0	351.0	45	1.0	100
3.0	17.5	60	0.5	100
3.0	18.0	60	0.5	100
3.0	18.5	60	0.5	100
3.0	19.5	60	0.5	100
3.0	20.0	60	0.5	100
3.0	20.5	60	0.5	100
3.0	21.5	60	0.5	100
3.0	22.5	60	0.5	100
3.0	23.5	60	0.5	100
3.0	24.0	60	0.5	100
3.0	24.5	60	0.5	100
3.0	25.5	59	0.5	100
3.0	26.0	59	0.5	100
3.0	26.5	59	0.5	100
3.0	27.5	59	0.5	100
3.0	28.0	59	0.5	100
3.0	28.5	59	0.5	100
3.0	29.5	59	0.5	100
3.0	81.5	60	0.5	100
3.0	82.0	60	0.5	100
3.0	82.5	60	0.5	100
3.0	83.5	60	0.5	100
3.0	84.0	60	0.5	100
3.0	84.5	60	0.5	100
3.0	85.5	60	0.5	100
3.0	86.5	60	0.5	100
3.0	87.5	57	0.5	100
3.0	88.0	57	0.5	100
3.0	88.5	57	0.5	100
3.0	89.5	57	0.5	100
3.0	90.5	53	0.5	100
3.0	91.5	52	0.5	100
3.0	92.5	53	0.5	100
3.0	93.0	57	0.5	100
3.0	93.5	57	0.5	100
3.0	94.0	56	0.5	100
3.0	94.5	56	0.5	100
3.0	95.0	57	1.0	100
3.0	193.5	61	0.5	100
3.0	194.0	61	0.5	100
3.0	194.5	61	0.5	100
3.0	195.5	62	0.5	100
3.0	196.5	62	0.5	100
3.0	197.5	61	0.5	100
3.0	198.0	61	0.5	100
3.0	198.5	61	0.5	100
3.0	199.5	56	0.5	100
3.0	200.0	56	0.5	100
3.0	200.5	56	0.5	100
3.0	201.5	61	0.5	100
3.0	202.0	61	0.5	100
3.0	202.5	61	0.5	100
3.0	203.5	62	0.5	100
3.0	204.5	62	0.5	100
3.0	273.5	60	0.5	100
3.0	274.0	60	0.5	100
3.0	274.5	60	0.5	100
3.0	275.5	60	0.5	100
3.0	276.0	60	0.5	100
3.0	276.5	60	0.5	100
3.0	277.5	60	0.5	100
3.0	278.5	60	0.5	100
3.0	279.5	60	0.5	100
3.0	280.0	60	0.5	100
3.0	280.5	60	0.5	100
3.0	281.5	59	0.5	100
3.0	282.0	59	0.5	100
3.0	282.5	59	0.5	100
3.0	283.5	59	0.5	100
3.0	284.0	59	0.5	100
3.0	284.5	59	0.5	100
3.0	285.5	59	0.5	100
3.0	337.5	60	0.5	100
3.0	338.0	60	0.5	100
3.0	338.5	60	0.5	100
3.0	339.5	60	0.5	100
3.0	340.0	60	0.5	100
3.0	340.5	60	0.5	100
3.0	341.5	60	0.5	100
3.0	342.5	60	0.5	100
3.0	343.5	57	0.5	100
3.0	344.0	57	0.5	100
3.0	344.5	57	0.5	100
3.0	345.5	57	0.5	100
3.0	346.5	53	0.5	100
3.0	347.5	52	0.5	100
3.0	348.5	53	0.5	100
3.0	349.0	57	0.5	100
3.0	349.5	57	0.5	100
3.0	350.0	56	0.5	100
3.0	350.5	56	0.5	100
3.0	351.0	57	1.0	100
4.0	32.0	72	0.5	100
4.0	32.5	74	0.5	100
4.0	33.0	79	0.5	100
4.0	33.5	79	0.5	100
4.0	34.0	81	0.25	100
4.0	34.25	79	0.25	100
4.0	34.5	77	0.25	100
4.0	34.75	76	0.25	100
4.0	35.0	71	0.5	100
4.0	35.5	67	0.5	100
4.0	36.0	76	0.5	100
4.0	36.5	77	0.5	100
4.0	37.0	79	0.5	100
4.0	37.5	79	0.5	100
4.0	38.0	81	0.25	100
4.0	38.25	79	0.25	100
4.0	38.5	77	0.25	100
4.0	38.75	76	0.25	100
4.0	39.0	71	1.0	100
4.0	40.0	69	0.5	100
4.0	40.5	71	0.5	100
4.0	41.0	72	0.5	100
4.0	41.5	72	0.5	100
4.0	42.0	77	0.25	100
4.0	42.25	76	0.25	100
4.0	42.5	74	0.25	100
4.0	42.75	72	0.25	100
4.0	43.0	68	0.5	100
4.0	43.5	64	0.5	100
4.0	44.0	72	0.5	100
4.0	44.5	74	0.5	100
4.0	45.0	72	0.5	100
4.0	45.5	72	0.5	100
4.0	46.0	77	0.25	100
4.0	46.25	76	0.25	100
4.0	46.5	74	0.25	100
4.0	46.75	72	0.25	100
4.0	47.0	68	1.0	100
4.0	96.0	81	0.5	100
4.0	96.5	83	0.5	100
4.0	97.0	73	1.0	100
4.0	98.0	69	0.5	100
4.0	98.5	71	0.5	100
4.0	99.0	73	0.5	100
4.0	99.5	71	0.5	100
4.0	100.0	69	0.5	100
4.0	100.5	68	0.5	100
4.0	101.0	78	0.5	100
4.0	101.5	80	0.5	100
4.0	102.0	81	0.5	100
4.0	102.5	83	0.5	100
4.0	103.0	80	0.5	100
4.0	103.5	76	0.5	100
4.0	104.0	81	0.5	100
4.0	104.5	83	0.5	100
4.0	105.0	73	1.0	100
4.0	106.0	81	0.5	100
4.0	106.5	83	0.5	100
4.0	107.0	73	0.5	100
4.0	107.5	71	0.5	100
4.0	108.0	69	0.5	100
4.0	108.5	68	0.5	100
4.0	109.0	78	0.5	100
4.0	109.5	83	0.5	100
4.0	110.0	80	0.5	100
4.0	110.5	76	0.5	100
4.0	111.0	69	1.0	100
4.0	224.0	69	0.5	100
4.0	224.5	71	0.5	100
4.0	225.0	73	1.0	100
4.0	226.0	69	0.5	100
4.0	226.5	71	0.5	100
4.0	227.0	73	0.5	100
4.0	227.5	71	0.5	100
4.0	228.0	69	0.5	100
4.0	228.5	68	0.5	100
4.0	229.0	78	0.5	100
4.0	229.5	80	0.5	100
4.0	230.0	81	0.5	100
4.0	230.5	83	0.5	100
4.0	231.0	80	0.5	100
4.0	231.5	76	0.5	100
4.0	232.0	81	0.5	100
4.0	232.5	83	0.5	100
4.0	233.0	73	1.0	100
4.0	234.0	81	0.5	100
4.0	234.5	83	0.5	100
4.0	235.0	73	0.5	100
4.0	235.5	71	0.5	100
4.0	236.0	69	0.5	100
4.0	236.5	68	0.5	100
4.0	237.0	78	0.5	100
4.0	237.5	83	0.5	100
4.0	238.0	80	0.5	100
4.0	238.5	76	0.5	100
4.0	239.0	69	1.0	100
4.0	288.0	72	0.5	100
4.0	288.5	74	0.5	100
4.0	289.0	79	0.5	100
4.0	289.5	79	0.5	100
4.0	290.0	81	0.25	100
4.0	290.25	79	0.25	100
4.0	290.5	77	0.25	100
4.0	290.75	76	0.25	100
4.0	291.0	71	0.5	100
4.0	291.5	67	0.5	100
4.0	292.0	76	0.5	100
4.0	292.5	77	0.5	100
4.0	293.0	79	0.5	100
4.0	293.5	79	0.5	100
4.0	294.0	81	0.25	100
4.0	294.25	79	0.25	100
4.0	294.5	77	0.25	100
4.0	294.75	76	0.25	100
4.0	295.0	71	1.0	100
4.0	296.0	69	0.5	100
4.0	296.5	71	0.5	100
4.0	297.0	72	0.5	100
4.0	297.5	72	0.5	100
4.0	298.0	77	0.25	100
4.0	298.25	76	0.25	100
4.0	298.5	74	0.25	100
4.0	298.75	72	0.25	100
4.0	299.0	68	0.5	100
4.0	299.5	64	0.5	100
4.0	300.0	72	0.5	100
4.0	300.5	74	0.5	100
4.0	301.0	72	0.5	100
4.0	301.5	72	0.5	100
4.0	302.0	77	0.25	100
4.0	302.25	76	0.25	100
4.0	302.5	74	0.25	100
4.0	302.75	72	0.25	100
4.0	303.0	68	1.0	100
4.0	32.0	76	0.5	100
4.0	32.5	77	0.5	100
4.0	33.0	76	0.5	100
4.0	33.5	76	0.5	100
4.0	35.0	74	1.0	100
4.0	36.0	72	0.5	100
4.0	36.5	74	0.5	100
4.0	37.0	76	0.5	100
4.0	37.5	76	0.5	100
4.0	39.0	74	1.0	100
4.0	40.0	72	0.5	100
4.0	40.5	74	0.5	100
4.0	41.0	76	0.5	100
4.0	41.5	76	0.5	100
4.0	43.0	71	1.0	100
4.0	44.0	69	0.5	100
4.0	44.5	71	0.5	100
4.0	45.0	76	0.5	100
4.0	45.5	76	0.5	100
4.0	47.0	71	1.0	100
4.0	96.0	69	0.5	100
4.0	96.5	71	0.5	100
4.0	97.0	85	1.0	100
4.0	98.0	81	0.5	100
4.0	98.5	83	0.5	100
4.0	99.0	85	0.5	100
4.0	99.5	83	0.5	100
4.0	100.0	81	0.5	100
4.0	100.5	80	0.5	100
4.0	101.0	66	0.5	100
4.0	101.5	68	0.5	100
4.0	102.0	69	0.5	100
4.0	102.5	71	0.5	100
4.0	103.0	68	0.5	100
4.0	103.5	64	0.5	100
4.0	104.0	69	0.5	100
4.0	104.5	71	0.5	100
4.0	105.0	85	1.0	100
4.0	106.0	69	0.5	100
4.0	106.5	71	0.5	100
4.0	107.0	85	0.5	100
4.0	107.5	83	0.5	100
4.0	108.0	81	0.5	100
4.0	108.5	80	0.5	100
4.0	109.0	66	0.5	100
4.0	109.5	71	0.5	100
4.0	110.0	68	0.5	100
4.0	110.5	64	0.5	100
4.0	111.0	81	1.0	100
4.0	224.0	81	0.5	100
4.0	224.5	83	0.5	100
4.0	225.0	85	1.0	100
4.0	226.0	81	0.5	100
4.0	226.5	83	0.5	100
4.0	227.0	85	0.5	100
4.0	227.5	83	0.5	100
4.0	228.0	81	0.5	100
4.0	228.5	80	0.5	100
4.0	229.0	66	0.5	100
4.0	229.5	68	0.5	100
4.0	230.0	69	0.5	100
4.0	230.5	71	0.5	100
4.0	231.0	68	0.5	100
4.0	231.5	64	0.5	100
4.0	232.0	69	0.5	100
4.0	232.5	71	0.5	100
4.0	233.0	85	1.0	100
4.0	234.0	69	0.5	100
4.0	234.5	71	0.5	100
4.0	235.0	85	0.5	100
4.0	235.5	83	0.5	100
4.0	236.0	81	0.5	100
4.0	236.5	80	0.5	100
4.0	237.0	66	0.5	100
4.0	237.5	71	0.5	100
4.0	238.0	68	0.5	100
4.0	238.5	64	0.5	100
4.0	239.0	81	1.0	100
4.0	288.0	76	0.5	100
4.0	288.5	77	0.5	100
4.0	289.0	76	0.5	100
4.0	289.5	76	0.5	100
4.0	291.0	74	1.0	100
4.0	292.0	72	0.5	100
4.0	292.5	74	0.5	100
4.0	293.0	76	0.5	100
4.0	293.5	76	0.5	100
4.0	295.0	74	1.0	100
4.0	296.0	72	0.5	100
4.0	296.5	74	0.5	100
4.0	297.0	76	0.5	100
4.0	297.5	76	0.5	100
4.0	299.0	71	1.0	100
4.0	300.0	69	0.5	100
4.0	300.5	71	0.5	100
4.0	301.0	76	0.5	100
4.0	301.5	76	0.5	100
4.0	303.0	71	1.0	100
5.0	33.0	48	0.5	100
5.0	33.5	60	0.5	100
5.0	34.0	52	0.5	100
5.0	34.5	64	0.5	100
5.0	35.0	55	1.0	100
5.0	37.0	48	0.5	100
5.0	37.5	60	0.5	100
5.0	38.0	52	0.5	100
5.0	38.5	64	0.5	100
5.0	39.0	55	1.0	100
5.0	41.0	45	0.5	100
5.0	41.5	57	0.5	100
5.0	42.0	48	0.5	100
5.0	42.5	60	0.5	100
5.0	43.0	52	1.0	100
5.0	45.0	45	0.5	100
5.0	45.5	57	0.5	100
5.0	46.0	48	0.5	100
5.0	46.5	60	0.5	100
5.0	47.0	52	1.0	100
5.0	97.0	57	0.5	100
5.0	97.5	57	0.5	100
5.0	98.0	57	0.5	100
5.0	98.5	57	0.5	100
5.0	99.0	57	0.5	100
5.0	99.5	57	0.5	100
5.0	100.0	57	0.5	100
5.0	100.5	57	0.5	100
5.0	101.0	50	0.5	100
5.0	101.5	50	0.5	100
5.0	102.0	51	0.5	100
5.0	102.5	51	0.5	100
5.0	103.0	52	0.5	100
5.0	103.5	52	0.5	100
5.0	104.0	52	0.5	100
5.0	104.5	52	0.5	100
5.0	105.0	57	0.5	100
5.0	105.5	57	0.5	100
5.0	106.0	57	0.5	100
5.0	106.5	57	0.5	100
5.0	107.0	57	0.5	100
5.0	107.5	57	0.5	100
5.0	108.0	57	0.5	100
5.0	108.5	57	0.5	100
5.0	109.0	50	0.5	100
5.0	109.5	50	0.5	100
5.0	110.0	52	0.5	100
5.0	110.5	52	0.5	100
5.0	111.0	45	1.0	100
5.0	225.0	57	0.5	100
5.0	225.5	57	0.5	100
5.0	226.0	57	0.5	100
5.0	226.5	57	0.5	100
5.0	227.0	57	0.5	100
5.0	227.5	57	0.5	100
5.0	228.0	57	0.5	100
5.0	228.5	57	0.5	100
5.0	229.0	50	0.5	100
5.0	229.5	50	0.5	100
5.0	230.0	51	0.5	100
5.0	230.5	51	0.5	100
5.0	231.0	52	0.5	100
5.0	231.5	52	0.5	100
5.0	232.0	52	0.5	100
5.0	232.5	52	0.5	100
5.0	233.0	57	0.5	100
5.0	233.5	57	0.5	100
5.0	234.0	57	0.5	100
5.0	234.5	57	0.5	100
5.0	235.0	57	0.5	100
5.0	235.5	57	0.5	100
5.0	236.0	57	0.5	100
5.0	236.5	57	0.5	100
5.0	237.0	50	0.5	100
5.0	237.5	50	0.5	100
5.0	238.0	52	0.5	100
5.0	238.5	52	0.5	100
5.0	239.0	45	1.0	100
5.0	289.0	48	0.5	100
5.0	289.5	60	0.5	100
5.0	290.0	52	0.5	100
5.0	290.5	64	0.5	100
5.0	291.0	55	1.0	100
5.0	293.0	48	0.5	100
5.0	293.5	60	0.5	100
5.0	294.0	52	0.5	100
5.0	294.5	64	0.5	100
5.0	295.0	55	1.0	100
5.0	297.0	45	0.5	100
5.0	297.5	57	0.5	100
5.0	298.0	48	0.5	100
5.0	298.5	60	0.5	100
5.0	299.0	52	1.0	100
5.0	301.0	45	0.5	100
5.0	301.5	57	0.5	100
5.0	302.0	48	0.5	100
5.0	302.5	60	0.5	100
5.0	303.0	52	1.0	100
6.0	64.0	72	0.5	100
6.0	64.5	74	0.5	100
6.0	65.0	79	0.5	100
6.0	65.5	79	0.5	100
6.0	66.0	81	0.25	100
6.0	66.25	79	0.25	100
6.0	66.5	77	0.25	100
6.0	66.75	76	0.25	100
6.0	67.0	71	0.5	100
6.0	67.5	67	0.5	100
6.0	68.0	76	0.5	100
6.0	68.5	77	0.5	100
6.0	69.0	79	0.5	100
6.0	69.5	79	0.5	100
6.0	70.0	81	0.25	100
6.0	70.25	79	0.25	100
6.0	70.5	77	0.25	100
6.0	70.75	76	0.25	100
6.0	71.0	71	1.0	100
6.0	72.0	69	0.5	100
6.0	72.5	71	0.5	100
6.0	73.0	72	0.5	100
6.0	73.5	72	0.5	100
6.0	74.0	77	0.25	100
6.0	74.25	76	0.25	100
6.0	74.5	74	0.25	100
6.0	74.75	72	0.25	100
6.0	75.0	68	0.5	100
6.0	75.5	64	0.5	100
6.0	76.0	72	0.5	100
6.0	76.5	74	0.5	100
6.0	77.0	72	0.5	100
6.0	77.5	72	0.5	100
6.0	78.0	77	0.25	100
6.0	78.25	76	0.25	100
6.0	78.5	74	0.25	100
6.0	78.75	72	0.25	100
6.0	79.0	68	1.0	100
6.0	112.0	81	0.5	100
6.0	112.5	83	0.5	100
6.0	113.0	73	1.0	100
6.0	114.0	69	0.5	100
6.0	114.5	71	0.5	100
6.0	115.0	73	0.5	100
6.0	115.5	71	0.5	100
6.0	116.0	69	0.5	100
6.0	116.5	68	0.5	100
6.0	117.0	78	0.5	100
6.0	117.5	80	0.5	100
6.0	118.0	81	0.5	100
6.0	118.5	83	0.5	100
6.0	119.0	80	0.5	100
6.0	119.5	76	0.5	100
6.0	120.0	81	0.5	100
6.0	120.5	83	0.5	100
6.0	121.0	73	1.0	100
6.0	122.0	81	0.5	100
6.0	122.5	83	0.5	100
6.0	123.0	73	0.5	100
6.0	123.5	71	0.5	100
6.0	124.0	69	0.5	100
6.0	124.5	68	0.5	100
6.0	125.0	78	0.5	100
6.0	125.5	83	0.5	100
6.0	126.0	80	0.5	100
6.0	126.5	76	0.5	100
6.0	127.0	69	1.0	100
6.0	240.0	81	0.5	100
6.0	240.5	83	0.5	100
6.0	241.0	73	1.0	100
6.0	242.0	69	0.5	100
6.0	242.5	71	0.5	100
6.0	243.0	73	0.5	100
6.0	243.5	71	0.5	100
6.0	244.0	69	0.5	100
6.0	244.5	68	0.5	100
6.0	245.0	78	0.5	100
6.0	245.5	80	0.5	100
6.0	246.0	81	0.5	100
6.0	246.5	83	0.5	100
6.0	247.0	80	0.5	100
6.0	247.5	76	0.5	100
6.0	248.0	81	0.5	100
6.0	248.5	83	0.5	100
6.0	249.0	73	1.0	100
6.0	250.0	81	0.5	100
6.0	250.5	83	0.5	100
6.0	251.0	73	0.5	100
6.0	251.5	71	0.5	100
6.0	252.0	69	0.5	100
6.0	252.5	68	0.5	100
6.0	253.0	78	0.5	100
6.0	253.5	83	0.5	100
6.0	254.0	80	0.5	100
6.0	254.5	76	0.5	100
6.0	255.0	69	1.0	100
6.0	320.0	72	0.5	100
6.0	320.5	74	0.5	100
6.0	321.0	79	0.5	100
6.0	321.5	79	0.5	100
6.0	322.0	81	0.25	100
6.0	322.25	79	0.25	100
6.0	322.5	77	0.25	100
6.0	322.75	76	0.25	100
6.0	323.0	71	0.5	100
6.0	323.5	67	0.5	100
6.0	324.0	76	0.5	100
6.0	324.5	77	0.5	100
6.0	325.0	79	0.5	100
6.0	325.5	79	0.5	100
6.0	326.0	81	0.25	100
6.0	326.25	79	0.25	100
6.0	326.5	77	0.25	100
6.0	326.75	76	0.25	100
6.0	327.0	71	1.0	100
6.0	328.0	69	0.5	100
6.0	328.5	71	0.5	100
6.0	329.0	72	0.5	100
6.0	329.5	72	0.5	100
6.0	330.0	77	0.25	100
6.0	330.25	76	0.25	100
6.0	330.5	74	0.25	100
6.0	330.75	72	0.25	100
6.0	331.0	68	0.5	100
6.0	331.5	64	0.5	100
6.0	332.0	72	0.5	100
6.0	332.5	74	0.5	100
6.0	333.0	72	0.5	100
6.0	333.5	72	0.5	100
6.0	334.0	77	0.25	100
6.0	334.25	76	0.25	100
6.0	334.5	74	0.25	100
6.0	334.75	72	0.25	100
6.0	335.0	68	1.0	100
6.0	64.0	76	0.5	100
6.0	64.5	77	0.5	100
6.0	65.0	76	0.5	100
6.0	65.5	76	0.5	100
6.0	67.0	74	1.0	100
6.0	68.0	72	0.5	100
6.0	68.5	74	0.5	100
6.0	69.0	76	0.5	100
6.0	69.5	76	0.5	100
6.0	71.0	74	1.0	100
6.0	72.0	72	0.5	100
6.0	72.5	74	0.5	100
6.0	73.0	76	0.5	100
6.0	73.5	76	0.5	100
6.0	75.0	71	1.0	100
6.0	76.0	69	0.5	100
6.0	76.5	71	0.5	100
6.0	77.0	76	0.5	100
6.0	77.5	76	0.5	100
6.0	79.0	71	1.0	100
6.0	112.0	69	0.5	100
6.0	112.5	71	0.5	100
6.0	113.0	85	1.0	100
6.0	114.0	81	0.5	100
6.0	114.5	83	0.5	100
6.0	115.0	85	0.5	100
6.0	115.5	83	0.5	100
6.0	116.0	81	0.5	100
6.0	116.5	80	0.5	100
6.0	117.0	66	0.5	100
6.0	117.5	68	0.5	100
6.0	118.0	69	0.5	100
6.0	118.5	71	0.5	100
6.0	119.0	68	0.5	100
6.0	119.5	64	0.5	100
6.0	120.0	69	0.5	100
6.0	120.5	71	0.5	100
6.0	121.0	85	1.0	100
6.0	122.0	69	0.5	100
6.0	122.5	71	0.5	100
6.0	123.0	85	0.5	100
6.0	123.5	83	0.5	100
6.0	124.0	81	0.5	100
6.0	124.5	80	0.5	100
6.0	125.0	66	0.5	100
6.0	125.5	71	0.5	100
6.0	126.0	68	0.5	100
6.0	126.5	64	0.5	100
6.0	127.0	81	1.0	100
6.0	240.0	69	0.5	100
6.0	240.5	71	0.5	100
6.0	241.0	85	1.0	100
6.0	242.0	81	0.5	100
6.0	242.5	83	0.5	100
6.0	243.0	85	0.5	100
6.0	243.5	83	0.5	100
6.0	244.0	81	0.5	100
6.0	244.5	80	0.5	100
6.0	245.0	66	0.5	100
6.0	245.5	68	0.5	100
6.0	246.0	69	0.5	100
6.0	246.5	71	0.5	100
6.0	247.0	68	0.5	100
6.0	247.5	64	0.5	100
6.0	248.0	69	0.5	100
6.0	248.5	71	0.5	100
6.0	249.0	85	1.0	100
6.0	250.0	69	0.5	100
6.0	250.5	71	0.5	100
6.0	251.0	85	0.5	100
6.0	251.5	83	0.5	100
6.0	252.0	81	0.5	100
6.0	252.5	80	0.5	100
6.0	253.0	66	0.5	100
6.0	253.5	71	0.5	100
6.0	254.0	68	0.5	100
6.0	254.5	64	0.5	100
6.0	255.0	81	1.0	100
6.0	320.0	76	0.5	100
6.0	320.5	77	0.5	100
6.0	321.0	76	0.5	100
6.0	321.5	76	0.5	100
6.0	323.0	74	1.0	100
6.0	324.0	72	0.5	100
6.0	324.5	74	0.5	100
6.0	325.0	76	0.5	100
6.0	325.5	76	0.5	100
6.0	327.0	74	1.0	100
6.0	328.0	72	0.5	100
6.0	328.5	74	0.5	100
6.0	329.0	76	0.5	100
6.0	329.5	76	0.5	100
6.0	331.0	71	1.0	100
6.0	332.0	69	0.5	100
6.0	332.5	71	0.5	100
6.0	333.0	76	0.5	100
6.0	333.5	76	0.5	100
6.0	335.0	71	1.0	100
7.0	65.0	48	0.5	100
7.0	65.5	60	0.5	100
7.0	66.0	52	0.5	100
7.0	66.5	64	0.5	100
7.0	67.0	55	1.0	100
7.0	69.0	48	0.5	100
7.0	69.5	60	0.5	100
7.0	70.0	52	0.5	100
7.0	70.5	64	0.5	100
7.0	71.0	55	1.0	100
7.0	73.0	45	0.5	100
7.0	73.5	57	0.5	100
7.0	74.0	48	0.5	100
7.0	74.5	60	0.5	100
7.0	75.0	52	1.0	100
7.0	77.0	45	0.5	100
7.0	77.5	57	0.5	100
7.0	78.0	48	0.5	100
7.0	78.5	60	0.5	100
7.0	79.0	52	1.0	100
7.0	113.0	57	0.5	100
7.0	113.5	57	0.5	100
7.0	114.0	57	0.5	100
7.0	114.5	57	0.5	100
7.0	115.0	57	0.5	100
7.0	115.5	57	0.5	100
7.0	116.0	57	0.5	100
7.0	116.5	57	0.5	100
7.0	117.0	50	0.5	100
7.0	117.5	50	0.5	100
7.0	118.0	51	0.5	100
7.0	118.5	51	0.5	100
7.0	119.0	52	0.5	100
7.0	119.5	52	0.5	100
7.0	120.0	52	0.5	100
7.0	120.5	52	0.5	100
7.0	121.0	57	0.5	100
7.0	121.5	57	0.5	100
7.0	122.0	57	0.5	100
7.0	122.5	57	0.5	100
7.0	123.0	57	0.5	100
7.0	123.5	57	0.5	100
7.0	124.0	57	0.5	100
7.0	124.5	57	0.5	100
7.0	125.0	50	0.5	100
7.0	125.5	50	0.5	100
7.0	126.0	52	0.5	100
7.0	126.5	52	0.5	100
7.0	127.0	45	1.0	100
7.0	241.0	57	0.5	100
7.0	241.5	57	0.5	100
7.0	242.0	57	0.5	100
7.0	242.5	57	0.5	100
7.0	243.0	57	0.5	100
7.0	243.5	57	0.5	100
7.0	244.0	57	0.5	100
7.0	244.5	57	0.5	100
7.0	245.0	50	0.5	100
7.0	245.5	50	0.5	100
7.0	246.0	51	0.5	100
7.0	246.5	51	0.5	100
7.0	247.0	52	0.5	100
7.0	247.5	52	0.5	100
7.0	248.0	52	0.5	100
7.0	248.5	52	0.5	100
7.0	249.0	57	0.5	100
7.0	249.5	57	0.5	100
7.0	250.0	57	0.5	100
7.0	250.5	57	0.5	100
7.0	251.0	57	0.5	100
7.0	251.5	57	0.5	100
7.0	252.0	57	0.5	100
7.0	252.5	57	0.5	100
7.0	253.0	50	0.5	100
7.0	253.5	50	0.5	100
7.0	254.0	52	0.5	100
7.0	254.5	52	0.5	100
7.0	255.0	45	1.0	100
7.0	321.0	48	0.5	100
7.0	321.5	60	0.5	100
7.0	322.0	52	0.5	100
7.0	322.5	64	0.5	100
7.0	323.0	55	1.0	100
7.0	325.0	48	0.5	100
7.0	325.5	60	0.5	100
7.0	326.0	52	0.5	100
7.0	326.5	64	0.5	100
7.0	327.0	55	1.0	100
7.0	329.0	45	0.5	100
7.0	329.5	57	0.5	100
7.0	330.0	48	0.5	100
7.0	330.5	60	0.5	100
7.0	331.0	52	1.0	100
7.0	333.0	45	0.5	100
7.0	333.5	57	0.5	100
7.0	334.0	48	0.5	100
7.0	334.5	60	0.5	100
7.0	335.0	52	1.0	100
8.0	128.0	85	0.25	100
8.0	128.25	86	0.25	100
8.0	128.5	85	0.25	100
8.0	128.75	83	0.25	100
8.0	129.0	81	0.25	100
8.0	129.25	83	0.25	100
8.0	129.5	81	0.25	100
8.0	129.75	80	0.25	100
8.0	130.0	78	0.25	100
8.0	130.25	81	0.25	100
8.0	130.5	80	0.25	100
8.0	130.75	78	0.25	100
8.0	131.0	77	0.25	100
8.0	131.25	78	0.25	100
8.0	131.5	80	0.25	100
8.0	131.75	77	0.25	100
8.0	132.0	73	0.25	100
8.0	132.25	75	0.25	100
8.0	132.5	77	0.25	100
8.0	132.75	73	0.25	100
8.0	133.0	78	0.25	100
8.0	133.25	77	0.25	100
8.0	133.5	78	0.25	100
8.0	133.75	80	0.25	100
8.0	134.0	81	0.25	100
8.0	134.25	80	0.25	100
8.0	134.5	81	0.25	100
8.0	134.75	83	0.25	100
8.0	135.0	85	0.25	100
8.0	135.25	84	0.25	100
8.0	135.5	85	0.25	100
8.0	135.75	84	0.25	100
8.0	136.0	85	0.25	100
8.0	136.25	86	0.25	100
8.0	136.5	85	0.25	100
8.0	136.75	83	0.25	100
8.0	137.0	81	0.25	100
8.0	137.25	83	0.25	100
8.0	137.5	81	0.25	100
8.0	137.75	80	0.25	100
8.0	138.0	78	0.25	100
8.0	138.25	81	0.25	100
8.0	138.5	80	0.25	100
8.0	138.75	78	0.25	100
8.0	139.0	76	0.25	100
8.0	139.25	78	0.25	100
8.0	139.5	80	0.25	100
8.0	139.75	76	0.25	100
8.0	140.0	73	0.25	100
8.0	140.25	75	0.25	100
8.0	140.5	76	0.25	100
8.0	140.75	73	0.25	100
8.0	141.0	75	0.25	100
8.0	141.25	76	0.25	100
8.0	141.5	78	0.25	100
8.0	141.75	75	0.25	100
8.0	142.0	72	0.25	100
8.0	142.25	73	0.25	100
8.0	142.5	75	0.25	100
8.0	142.75	72	0.25	100
8.0	143.0	73	1.0	100
8.0	176.0	85	0.25	100
8.0	176.25	86	0.25	100
8.0	176.5	85	0.25	100
8.0	176.75	83	0.25	100
8.0	177.0	81	0.25	100
8.0	177.25	83	0.25	100
8.0	177.5	81	0.25	100
8.0	177.75	80	0.25	100
8.0	178.0	78	0.25	100
8.0	178.25	81	0.25	100
8.0	178.5	80	0.25	100
8.0	178.75	78	0.25	100
8.0	179.0	77	0.25	100
8.0	179.25	78	0.25	100
8.0	179.5	80	0.25	100
8.0	179.75	77	0.25	100
8.0	180.0	73	0.25	100
8.0	180.25	75	0.25	100
8.0	180.5	77	0.25	100
8.0	180.75	73	0.25	100
8.0	181.0	78	0.25	100
8.0	181.25	77	0.25	100
8.0	181.5	78	0.25	100
8.0	181.75	80	0.25	100
8.0	182.0	81	0.25	100
8.0	182.25	80	0.25	100
8.0	182.5	81	0.25	100
8.0	182.75	83	0.25	100
8.0	183.0	85	0.25	100
8.0	183.25	84	0.25	100
8.0	183.5	85	0.25	100
8.0	183.75	84	0.25	100
8.0	184.0	85	0.25	100
8.0	184.25	83	0.25	100
8.0	184.5	85	0.25	100
8.0	184.75	82	0.25	100
8.0	185.0	86	0.25	100
8.0	185.25	85	0.25	100
8.0	185.5	86	0.25	100
8.0	185.75	85	0.25	100
8.0	186.0	86	0.25	100
8.0	186.25	85	0.25	100
8.0	186.5	86	0.25	100
8.0	186.75	85	0.25	100
8.0	187.0	86	0.25	100
8.0	187.25	85	0.25	100
8.0	187.5	83	0.25	100
8.0	187.75	81	0.25	100
8.0	188.0	80	0.25	100
8.0	188.25	81	0.25	100
8.0	188.5	83	0.25	100
8.0	188.75	80	0.25	100
8.0	189.0	81	0.25	100
8.0	189.25	83	0.25	100
8.0	189.5	85	0.25	100
8.0	189.75	78	0.25	100
8.0	190.0	77	0.25	100
8.0	190.25	78	0.25	100
8.0	190.5	80	0.25	100
8.0	190.75	77	0.25	100
8.0	191.0	78	1.0	100
9.0	129.0	54	0.5	100
9.0	129.5	61	0.5	100
9.0	130.0	61	0.5	100
9.0	130.5	61	0.5	100
9.0	131.0	56	0.5	100
9.0	131.5	61	0.5	100
9.0	132.0	61	0.5	100
9.0	132.5	61	0.5	100
9.0	133.0	54	0.5	100
9.0	133.5	61	0.5	100
9.0	134.0	61	0.5	100
9.0	134.5	61	0.5	100
9.0	135.0	53	0.5	100
9.0	135.5	61	0.5	100
9.0	136.0	61	0.5	100
9.0	136.5	61	0.5	100
9.0	137.0	54	0.5	100
9.0	137.5	61	0.5	100
9.0	138.0	61	0.5	100
9.0	138.5	61	0.5	100
9.0	139.0	56	0.5	100
9.0	139.5	64	0.5	100
9.0	140.0	64	0.5	100
9.0	140.5	64	0.5	100
9.0	141.0	56	0.5	100
9.0	141.5	66	0.5	100
9.0	142.0	66	0.5	100
9.0	142.5	66	0.5	100
9.0	143.0	64	1.0	100
9.0	177.0	54	0.5	100
9.0	177.5	61	0.5	100
9.0	178.0	61	0.5	100
9.0	178.5	61	0.5	100
9.0	179.0	56	0.5	100
9.0	179.5	61	0.5	100
9.0	180.0	61	0.5	100
9.0	180.5	61	0.5	100
9.0	181.0	54	0.5	100
9.0	181.5	61	0.5	100
9.0	182.0	61	0.5	100
9.0	182.5	61	0.5	100
9.0	183.0	53	0.5	100
9.0	183.5	61	0.5	100
9.0	184.0	55	0.5	100
9.0	184.5	54	0.5	100
9.0	185.0	47	0.5	100
9.0	185.5	59	0.5	100
9.0	186.0	59	0.5	100
9.0	186.5	59	0.5	100
9.0	187.0	47	0.5	100
9.0	187.5	59	0.5	100
9.0	188.0	59	0.5	100
9.0	188.5	59	0.5	100
9.0	189.0	49	0.5	100
9.0	189.5	57	0.5	100
9.0	190.0	49	0.5	100
9.0	190.5	59	0.5	100
9.0	191.0	57	1.0	100
9.0	129.5	57	0.5	100
9.0	130.0	57	0.5	100
9.0	130.5	57	0.5	100
9.0	131.5	59	0.5	100
9.0	132.0	59	0.5	100
9.0	132.5	59	0.5	100
9.0	133.5	57	0.5	100
9.0	134.0	57	0.5	100
9.0	134.5	57	0.5	100
9.0	135.5	56	0.5	100
9.0	136.0	56	0.5	100
9.0	136.5	56	0.5	100
9.0	137.5	57	0.5	100
9.0	138.0	57	0.5	100
9.0	138.5	57	0.5	100
9.0	139.5	61	0.5	100
9.0	140.0	61	0.5	100
9.0	140.5	61	0.5	100
9.0	141.5	63	0.5	100
9.0	142.0	63	0.5	100
9.0	142.5	63	0.5	100
9.0	143.0	61	1.0	100
9.0	177.5	57	0.5	100
9.0	178.0	57	0.5	100
9.0	178.5	57	0.5	100
9.0	179.5	59	0.5	100
9.0	180.0	59	0.5	100
9.0	180.5	59	0.5	100
9.0	181.5	57	0.5	100
9.0	182.0	57	0.5	100
9.0	182.5	57	0.5	100
9.0	183.5	56	0.5	100
9.0	184.0	61	0.5	100
9.0	184.5	61	0.5	100
9.0	185.5	54	0.5	100
9.0	186.0	54	0.5	100
9.0	186.5	54	0.5	100
9.0	187.5	56	0.5	100
9.0	188.0	56	0.5	100
9.0	188.5	56	0.5	100
9.0	189.5	54	0.5	100
9.0	190.5	56	0.5	100
9.0	191.0	54	1.0	100
10.0	144.0	85	0.25	100
10.0	144.25	86	0.25	100
10.0	144.5	85	0.25	100
10.0	144.75	83	0.25	100
10.0	145.0	81	0.25	100
10.0	145.25	83	0.25	100
10.0	145.5	81	0.25	100
10.0	145.75	80	0.25	100
10.0	146.0	78	0.25	100
10.0	146.25	81	0.25	100
10.0	146.5	80	0.25	100
10.0	146.75	78	0.25	100
10.0	147.0	77	0.25	100
10.0	147.25	78	0.25	100
10.0	147.5	80	0.25	100
10.0	147.75	77	0.25	100
10.0	148.0	73	0.25	100
10.0	148.25	75	0.25	100
10.0	148.5	77	0.25	100
10.0	148.75	73	0.25	100
10.0	149.0	78	0.25	100
10.0	149.25	77	0.25	100
10.0	149.5	78	0.25	100
10.0	149.75	80	0.25	100
10.0	150.0	81	0.25	100
10.0	150.25	80	0.25	100
10.0	150.5	81	0.25	100
10.0	150.75	83	0.25	100
10.0	151.0	85	0.25	100
10.0	151.25	84	0.25	100
10.0	151.5	85	0.25	100
10.0	151.75	84	0.25	100
10.0	152.0	85	0.25	100
10.0	152.25	86	0.25	100
10.0	152.5	85	0.25	100
10.0	152.75	83	0.25	100
10.0	153.0	81	0.25	100
10.0	153.25	83	0.25	100
10.0	153.5	81	0.25	100
10.0	153.75	80	0.25	100
10.0	154.0	78	0.25	100
10.0	154.25	81	0.25	100
10.0	154.5	80	0.25	100
10.0	154.75	78	0.25	100
10.0	155.0	76	0.25	100
10.0	155.25	78	0.25	100
10.0	155.5	80	0.25	100
10.0	155.75	76	0.25	100
10.0	156.0	73	0.25	100
10.0	156.25	75	0.25	100
10.0	156.5	76	0.25	100
10.0	156.75	73	0.25	100
10.0	157.0	75	0.25	100
10.0	157.25	76	0.25	100
10.0	157.5	78	0.25	100
10.0	157.75	75	0.25	100
10.0	158.0	72	0.25	100
10.0	158.25	73	0.25	100
10.0	158.5	75	0.25	100
10.0	158.75	72	0.25	100
10.0	159.0	73	1.0	100
10.0	208.0	85	0.25	100
10.0	208.25	86	0.25	100
10.0	208.5	85	0.25	100
10.0	208.75	83	0.25	100
10.0	209.0	81	0.25	100
10.0	209.25	83	0.25	100
10.0	209.5	81	0.25	100
10.0	209.75	80	0.25	100
10.0	210.0	78	0.25	100
10.0	210.25	81	0.25	100
10.0	210.5	80	0.25	100
10.0	210.75	78	0.25	100
10.0	211.0	77	0.25	100
10.0	211.25	78	0.25	100
10.0	211.5	80	0.25	100
10.0	211.75	77	0.25	100
10.0	212.0	73	0.25	100
10.0	212.25	75	0.25	100
10.0	212.5	77	0.25	100
10.0	212.75	73	0.25	100
10.0	213.0	78	0.25	100
10.0	213.25	77	0.25	100
10.0	213.5	78	0.25	100
10.0	213.75	80	0.25	100
10.0	214.0	81	0.25	100
10.0	214.25	80	0.25	100
10.0	214.5	81	0.25	100
10.0	214.75	83	0.25	100
10.0	215.0	85	0.25	100
10.0	215.25	84	0.25	100
10.0	215.5	85	0.25	100
10.0	215.75	84	0.25	100
10.0	216.0	85	0.25	100
10.0	216.25	83	0.25	100
10.0	216.5	85	0.25	100
10.0	216.75	82	0.25	100
10.0	217.0	86	0.25	100
10.0	217.25	85	0.25	100
10.0	217.5	86	0.25	100
10.0	217.75	85	0.25	100
10.0	218.0	86	0.25	100
10.0	218.25	85	0.25	100
10.0	218.5	86	0.25	100
10.0	218.75	85	0.25	100
10.0	219.0	86	0.25	100
10.0	219.25	85	0.25	100
10.0	219.5	83	0.25	100
10.0	219.75	81	0.25	100
10.0	220.0	80	0.25	100
10.0	220.25	81	0.25	100
10.0	220.5	83	0.25	100
10.0	220.75	80	0.25	100
10.0	221.0	81	0.25	100
10.0	221.25	83	0.25	100
10.0	221.5	85	0.25	100
10.0	221.75	78	0.25	100
10.0	222.0	77	0.25	100
10.0	222.25	78	0.25	100
10.0	222.5	80	0.25	100
10.0	222.75	77	0.25	100
10.0	223.0	78	1.0	100
11.0	145.0	54	0.5	100
11.0	145.5	61	0.5	100
11.0	146.0	61	0.5	100
11.0	146.5	61	0.5	100
11.0	147.0	56	0.5	100
11.0	147.5	61	0.5	100
11.0	148.0	61	0.5	100
11.0	148.5	61	0.5	100
11.0	149.0	54	0.5	100
11.0	149.5	61	0.5	100
11.0	150.0	61	0.5	100
11.0	150.5	61	0.5	100
11.0	151.0	53	0.5	100
11.0	151.5	61	0.5	100
11.0	152.0	61	0.5	100
11.0	152.5	61	0.5	100
11.0	153.0	54	0.5	100
11.0	153.5	61	0.5	100
11.0	154.0	61	0.5	100
11.0	154.5	61	0.5	100
11.0	155.0	56	0.5	100
11.0	155.5	64	0.5	100
11.0	156.0	64	0.5	100
11.0	156.5	64	0.5	100
11.0	157.0	56	0.5	100
11.0	157.5	66	0.5	100
11.0	158.0	66	0.5	100
11.0	158.5	66	0.5	100
11.0	159.0	64	1.0	100
11.0	209.0	54	0.5	100
11.0	209.5	61	0.5	100
11.0	210.0	61	0.5	100
11.0	210.5	61	0.5	100
11.0	211.0	56	0.5	100
11.0	211.5	61	0.5	100
11.0	212.0	61	0.5	100
11.0	212.5	61	0.5	100
11.0	213.0	54	0.5	100
11.0	213.5	61	0.5	100
11.0	214.0	61	0.5	100
11.0	214.5	61	0.5	100
11.0	215.0	53	0.5	100
11.0	215.5	61	0.5	100
11.0	216.0	55	0.5	100
11.0	216.5	54	0.5	100
11.0	217.0	47	0.5	100
11.0	217.5	59	0.5	100
11.0	218.0	59	0.5	100
11.0	218.5	59	0.5	100
11.0	219.0	47	0.5	100
11.0	219.5	59	0.5	100
11.0	220.0	59	0.5	100
11.0	220.5	59	0.5	100
11.0	221.0	49	0.5	100
11.0	221.5	57	0.5	100
11.0	222.0	49	0.5	100
11.0	222.5	59	0.5	100
11.0	223.0	57	1.0	100
11.0	145.5	57	0.5	100
11.0	146.0	57	0.5	100
11.0	146.5	57	0.5	100
11.0	147.5	59	0.5	100
11.0	148.0	59	0.5	100
11.0	148.5	59	0.5	100
11.0	149.5	57	0.5	100
11.0	150.0	57	0.5	100
11.0	150.5	57	0.5	100
11.0	151.5	56	0.5	100
11.0	152.0	56	0.5	100
11.0	152.5	56	0.5	100
11.0	153.5	57	0.5	100
11.0	154.0	57	0.5	100
11.0	154.5	57	0.5	100
11.0	155.5	61	0.5	100
11.0	156.0	61	0.5	100
11.0	156.5	61	0.5	100
11.0	157.5	63	0.5	100
11.0	158.0	63	0.5	100
11.0	158.5	63	0.5	100
11.0	159.0	61	1.0	100
11.0	209.5	57	0.5	100
11.0	210.0	57	0.5	100
11.0	210.5	57	0.5	100
11.0	211.5	59	0.5	100
11.0	212.0	59	0.5	100
11.0	212.5	59	0.5	100
11.0	213.5	57	0.5	100
11.0	214.0	57	0.5	100
11.0	214.5	57	0.5	100
11.0	215.5	56	0.5	100
11.0	216.0	61	0.5	100
11.0	216.5	61	0.5	100
11.0	217.5	54	0.5	100
11.0	218.0	54	0.5	100
11.0	218.5	54	0.5	100
11.0	219.5	56	0.5	100
11.0	220.0	56	0.5	100
11.0	220.5	56	0.5	100
11.0	221.5	54	0.5	100
11.0	222.5	56	0.5	100
11.0	223.0	54	1.0	100
12.0	352.0	69	0.25	100
12.0	352.25	81	0.25	100
12.0	352.5	71	0.25	100
12.0	352.75	83	0.25	100
12.0	353.0	73	0.25	100
12.0	353.25	85	0.25	100
12.0	354.0	69	0.25	100
12.0	354.25	81	0.25	100
12.0	354.5	71	0.25	100
12.0	354.75	83	0.25	100
12.0	355.0	73	0.25	100
12.0	355.25	85	0.25	100
12.0	355.5	71	0.25	100
12.0	355.75	83	0.25	100
12.0	356.0	69	0.25	100
12.0	356.25	81	0.25	100
12.0	356.5	68	0.25	100
12.0	356.75	80	0.25	100
12.0	357.0	66	0.25	100
12.0	357.25	78	0.25	100
12.0	357.5	68	0.25	100
12.0	357.75	80	0.25	100
12.0	358.0	69	0.25	100
12.0	358.25	81	0.25	100
12.0	358.5	71	0.25	100
12.0	358.75	83	0.25	100
12.0	359.0	68	0.25	100
12.0	359.25	80	0.25	100
12.0	359.5	64	0.25	100
12.0	359.75	76	0.25	100
12.0	360.0	69	0.25	100
12.0	360.25	81	0.25	100
12.0	360.5	71	0.25	100
12.0	360.75	83	0.25	100
12.0	361.0	73	0.25	100
12.0	361.25	85	0.25	100
12.0	362.0	69	0.25	100
12.0	362.25	81	0.25	100
12.0	362.5	71	0.25	100
12.0	362.75	83	0.25	100
12.0	363.0	73	0.25	100
12.0	363.25	85	0.25	100
12.0	363.5	71	0.25	100
12.0	363.75	83	0.25	100
12.0	364.0	69	0.25	100
12.0	364.25	81	0.25	100
12.0	364.5	68	0.25	100
12.0	364.75	80	0.25	100
12.0	365.0	66	0.25	100
12.0	365.25	78	0.25	100
12.0	365.5	71	0.25	100
12.0	365.75	83	0.25	100
12.0	366.0	68	0.25	100
12.0	366.25	80	0.25	100
12.0	366.5	64	0.25	100
12.0	366.75	76	0.25	100
12.0	367.0	81	1.0	100
12.0	368.0	69	0.25	100
12.0	368.25	81	0.25	100
12.0	368.5	71	0.25	100
12.0	368.75	83	0.25	100
12.0	369.0	73	0.25	100
12.0	369.25	85	0.25	100
12.0	370.0	69	0.25	100
12.0	370.25	81	0.25	100
12.0	370.5	71	0.25	100
12.0	370.75	83	0.25	100
12.0	371.0	73	0.25	100
12.0	371.25	85	0.25	100
12.0	371.5	71	0.25	100
12.0	371.75	83	0.25	100
12.0	372.0	69	0.25	100
12.0	372.25	81	0.25	100
12.0	372.5	68	0.25	100
12.0	372.75	80	0.25	100
12.0	373.0	66	0.25	100
12.0	373.25	78	0.25	100
12.0	373.5	68	0.25	100
12.0	373.75	80	0.25	100
12.0	374.0	69	0.25	100
12.0	374.25	81	0.25	100
12.0	374.5	71	0.25	100
12.0	374.75	83	0.25	100
12.0	375.0	68	0.25	100
12.0	375.25	80	0.25	100
12.0	375.5	64	0.25	100
12.0	375.75	76	0.25	100
12.0	376.0	69	0.25	100
12.0	376.25	81	0.25	100
12.0	376.5	71	0.25	100
12.0	376.75	83	0.25	100
12.0	377.0	73	0.25	100
12.0	377.25	85	0.25	100
12.0	378.0	69	0.25	100
12.0	378.25	81	0.25	100
12.0	378.5	71	0.25	100
12.0	378.75	83	0.25	100
12.0	379.0	73	0.25	100
12.0	379.25	85	0.25	100
12.0	379.5	71	0.25	100
12.0	379.75	83	0.25	100
12.0	380.0	69	0.25	100
12.0	380.25	81	0.25	100
12.0	380.5	68	0.25	100
12.0	380.75	80	0.25	100
12.0	381.0	66	0.25	100
12.0	381.25	78	0.25	100
12.0	381.5	71	0.25	100
12.0	381.75	83	0.25	100
12.0	382.0	68	0.25	100
12.0	382.25	80	0.25	100
12.0	382.5	64	0.25	100
12.0	382.75	76	0.25	100
12.0	383.0	81	1.0	100
12.0	384.0	85	0.75	100
12.0	384.75	85	0.25	100
12.0	385.0	73	1.0	100
12.0	387.0	73	1.0	100
12.0	389.0	86	0.25	100
12.0	389.25	85	0.25	100
12.0	389.5	83	0.25	100
12.0	389.75	85	0.25	100
12.0	390.0	86	0.25	100
12.0	390.25	85	0.25	100
12.0	390.5	83	0.25	100
12.0	390.75	85	0.25	100
12.0	391.0	78	1.88	100
12.0	392.87	86	0.13	100
12.0	393.0	85	0.38	100
12.0	393.37	86	0.13	100
12.0	393.5	85	0.38	100
12.0	393.87	86	0.13	100
12.0	394.0	85	0.38	100
12.0	394.37	86	0.13	100
12.0	394.5	76	0.5	100
12.0	395.0	83	1.5	100
12.0	396.5	88	0.5	100
12.0	397.0	73	1.0	100
12.0	399.0	73	1.0	100
12.0	401.0	86	0.25	100
12.0	401.25	85	0.25	100
12.0	401.5	83	0.25	100
12.0	401.75	85	0.25	100
12.0	402.0	86	0.25	100
12.0	402.25	85	0.25	100
12.0	402.5	83	0.25	100
12.0	402.75	85	0.25	100
12.0	403.0	78	1.88	100
12.0	404.87	86	0.13	100
12.0	405.0	85	1.88	100
12.0	406.87	85	0.13	100
12.0	407.0	76	0.38	100
12.0	407.37	85	0.13	100
12.0	407.5	76	0.38	100
12.0	407.87	85	0.13	100
12.0	408.0	76	0.38	100
12.0	408.37	85	0.13	100
12.0	408.5	76	0.5	100
12.0	409.0	81	1.0	100
12.0	410.0	76	0.25	100
12.0	410.25	81	0.25	100
12.0	410.5	85	0.25	100
12.0	410.75	85	0.25	100
12.0	411.0	76	0.25	100
12.0	411.25	81	0.25	100
12.0	411.5	85	1.5	100
12.0	413.0	76	0.25	100
12.0	413.25	81	0.25	100
12.0	413.5	85	1.5	100
12.0	415.0	86	0.25	100
12.0	415.25	85	0.25	100
12.0	415.5	83	0.25	100
12.0	415.75	85	0.25	100
12.0	416.0	86	0.25	100
12.0	416.25	85	0.25	100
12.0	416.5	83	0.25	100
12.0	416.75	85	0.25	100
12.0	417.0	86	1.88	100
12.0	418.87	86	0.13	100
12.0	419.0	85	0.38	100
12.0	419.37	86	0.13	100
12.0	419.5	85	0.38	100
12.0	419.87	86	0.13	100
12.0	420.0	85	0.38	100
12.0	420.37	86	0.13	100
12.0	420.5	85	0.5	100
12.0	421.0	83	1.5	100
12.0	422.5	88	0.5	100
12.0	423.0	73	1.0	100
12.0	425.0	73	1.0	100
12.0	427.0	86	0.25	100
12.0	427.25	85	0.25	100
12.0	427.5	83	0.25	100
12.0	427.75	85	0.25	100
12.0	428.0	86	0.25	100
12.0	428.25	85	0.25	100
12.0	428.5	83	0.25	100
12.0	428.75	85	0.25	100
12.0	429.0	78	1.88	100
12.0	430.87	86	0.13	100
12.0	431.0	85	1.88	100
12.0	432.87	85	0.13	100
12.0	433.0	76	0.38	100
12.0	433.37	85	0.13	100
12.0	433.5	76	0.38	100
12.0	433.87	85	0.13	100
12.0	434.0	76	0.38	100
12.0	434.37	85	0.13	100
12.0	434.5	76	0.5	100
12.0	435.0	81	1.5	100
12.0	436.5	85	0.5	100
12.0	437.0	81	1.5	100
12.0	438.5	88	0.5	100
12.0	439.0	81	1.5	100
12.0	440.5	85	0.5	100
12.0	441.0	81	0.5	100
12.0	441.5	85	0.5	100
12.0	442.0	81	0.5	100
12.0	442.5	88	0.5	100
12.0	443.0	81	1.0	100
12.0	444.0	81	1.0	100
12.0	445.0	81	1.0	100
12.0	367.0	69	1.0	100
12.0	383.0	69	1.0	100
12.0	384.0	73	1.0	100
12.0	385.08	76	0.92	100
12.0	387.08	76	0.92	100
12.0	391.0	81	1.88	100
12.0	393.0	81	0.38	100
12.0	393.5	81	0.38	100
12.0	394.0	81	0.38	100
12.0	394.5	81	0.5	100
12.0	395.0	80	2.0	100
12.0	397.08	76	0.92	100
12.0	399.08	76	0.92	100
12.0	403.0	81	1.88	100
12.0	405.0	81	1.88	100
12.0	407.0	80	0.38	100
12.0	407.5	80	0.38	100
12.0	408.0	80	0.38	100
12.0	408.5	80	0.5	100
12.0	423.08	76	0.92	100
12.0	425.08	76	0.92	100
12.0	429.0	81	1.88	100
12.0	431.0	81	1.88	100
12.0	433.0	80	0.38	100
12.0	433.5	80	0.38	100
12.0	434.0	80	0.38	100
12.0	434.5	80	0.5	100
12.0	435.0	76	1.5	100
12.0	436.5	73	0.5	100
12.0	437.0	69	1.5	100
12.0	438.5	76	0.5	100
12.0	439.0	69	1.5	100
12.0	440.5	73	0.5	100
12.0	441.0	69	0.5	100
12.0	441.5	73	0.5	100
12.0	442.0	69	0.5	100
12.0	442.5	76	0.5	100
12.0	443.0	69	1.0	100
12.0	444.0	76	1.0	100
12.0	445.0	76	1.0	100
12.0	385.17	81	0.83	100
12.0	387.17	81	0.83	100
12.0	391.0	86	1.88	100
12.0	393.0	76	0.38	100
12.0	393.5	76	0.38	100
12.0	394.0	76	0.38	100
12.0	394.5	85	0.5	100
12.0	395.0	76	2.0	100
12.0	397.17	81	0.83	100
12.0	399.17	81	0.83	100
12.0	403.0	86	1.88	100
12.0	405.0	76	1.88	100
12.0	407.0	83	0.38	100
12.0	407.5	83	0.38	100
12.0	408.0	83	0.38	100
12.0	408.5	83	0.5	100
12.0	423.17	81	0.83	100
12.0	425.17	81	0.83	100
12.0	429.0	86	1.88	100
12.0	431.0	76	1.88	100
12.0	433.0	83	0.38	100
12.0	433.5	83	0.38	100
12.0	434.0	83	0.38	100
12.0	434.5	83	0.5	100
12.0	435.0	73	1.5	100
12.0	444.0	73	1.0	100
12.0	445.0	73	1.0	100
12.0	385.25	85	1.75	100
12.0	387.25	85	1.75	100
12.0	397.25	85	1.75	100
12.0	399.25	85	1.75	100
12.0	423.25	85	1.75	100
12.0	425.25	85	1.75	100
12.0	435.0	69	1.5	100
12.0	444.0	69	1.0	100
12.0	445.0	69	1.0	100
13.0	353.0	57	0.5	100
13.0	353.5	57	0.5	100
13.0	354.0	57	0.5	100
13.0	354.5	57	0.5	100
13.0	355.0	57	0.5	100
13.0	355.5	57	0.5	100
13.0	356.0	57	0.5	100
13.0	356.5	57	0.5	100
13.0	357.0	50	0.5	100
13.0	357.5	50	0.5	100
13.0	358.0	51	0.5	100
13.0	358.5	51	0.5	100
13.0	359.0	52	0.5	100
13.0	359.5	52	0.5	100
13.0	360.0	52	0.5	100
13.0	360.5	52	0.5	100
13.0	361.0	57	0.5	100
13.0	361.5	57	0.5	100
13.0	362.0	57	0.5	100
13.0	362.5	57	0.5	100
13.0	363.0	57	0.5	100
13.0	363.5	57	0.5	100
13.0	364.0	57	0.5	100
13.0	364.5	57	0.5	100
13.0	365.0	50	0.5	100
13.0	365.5	50	0.5	100
13.0	366.0	52	0.5	100
13.0	366.5	52	0.5	100
13.0	367.0	45	1.0	100
13.0	369.0	57	0.5	100
13.0	369.5	57	0.5	100
13.0	370.0	57	0.5	100
13.0	370.5	57	0.5	100
13.0	371.0	57	0.5	100
13.0	371.5	57	0.5	100
13.0	372.0	57	0.5	100
13.0	372.5	57	0.5	100
13.0	373.0	50	0.5	100
13.0	373.5	50	0.5	100
13.0	374.0	51	0.5	100
13.0	374.5	51	0.5	100
13.0	375.0	52	0.5	100
13.0	375.5	52	0.5	100
13.0	376.0	52	0.5	100
13.0	376.5	52	0.5	100
13.0	377.0	57	0.5	100
13.0	377.5	57	0.5	100
13.0	378.0	57	0.5	100
13.0	378.5	57	0.5	100
13.0	379.0	57	0.5	100
13.0	379.5	57	0.5	100
13.0	380.0	57	0.5	100
13.0	380.5	57	0.5	100
13.0	381.0	50	0.5	100
13.0	381.5	50	0.5	100
13.0	382.0	52	0.5	100
13.0	382.5	52	0.5	100
13.0	383.0	57	0.5	100
13.0	383.5	57	0.5	100
13.0	384.0	57	0.5	100
13.0	384.5	57	0.5	100
13.0	385.0	57	0.5	100
13.0	385.5	57	0.5	100
13.0	386.0	57	0.5	100
13.0	386.5	57	0.5	100
13.0	387.0	57	0.5	100
13.0	387.5	57	0.5	100
13.0	388.0	57	0.5	100
13.0	388.5	57	0.5	100
13.0	389.0	57	0.5	100
13.0	389.5	57	0.5	100
13.0	390.0	57	0.5	100
13.0	390.5	57	0.5	100
13.0	391.0	50	0.5	100
13.0	391.5	50	0.5	100
13.0	392.0	50	0.5	100
13.0	392.5	50	0.5	100
13.0	393.0	57	0.5	100
13.0	393.5	57	0.5	100
13.0	394.0	57	0.5	100
13.0	394.5	57	0.5	100
13.0	395.0	52	0.5	100
13.0	395.5	52	0.5	100
13.0	396.0	52	0.5	100
13.0	396.5	52	0.5	100
13.0	397.0	57	0.5	100
13.0	397.5	57	0.5	100
13.0	398.0	57	0.5	100
13.0	398.5	57	0.5	100
13.0	399.0	57	0.5	100
13.0	399.5	57	0.5	100
13.0	400.0	57	0.5	100
13.0	400.5	57	0.5	100
13.0	401.0	57	0.5	100
13.0	401.5	57	0.5	100
13.0	402.0	57	0.5	100
13.0	402.5	57	0.5	100
13.0	403.0	50	0.5	100
13.0	403.5	50	0.5	100
13.0	404.0	50	0.5	100
13.0	404.5	50	0.5	100
13.0	405.0	57	0.5	100
13.0	405.5	57	0.5	100
13.0	406.0	57	0.5	100
13.0	406.5	57	0.5	100
13.0	407.0	52	0.5	100
13.0	407.5	52	0.5	100
13.0	408.0	52	0.5	100
13.0	408.5	52	0.5	100
13.0	409.0	57	0.25	100
13.0	409.25	64	0.25	100
13.0	409.5	61	0.25	100
13.0	409.75	64	0.25	100
13.0	410.0	57	0.25	100
13.0	410.25	64	0.25	100
13.0	410.5	61	0.25	100
13.0	410.75	64	0.25	100
13.0	411.0	57	0.25	100
13.0	411.25	64	0.25	100
13.0	411.5	61	0.25	100
13.0	411.75	64	0.25	100
13.0	412.0	57	0.25	100
13.0	412.25	64	0.25	100
13.0	412.5	61	0.25	100
13.0	412.75	64	0.25	100
13.0	413.0	57	0.25	100
13.0	413.25	64	0.25	100
13.0	413.5	61	0.25	100
13.0	413.75	64	0.25	100
13.0	414.0	57	0.25	100
13.0	414.25	64	0.25	100
13.0	414.5	61	0.25	100
13.0	414.75	64	0.25	100
13.0	415.0	57	0.25	100
13.0	415.25	64	0.25	100
13.0	415.5	61	0.25	100
13.0	415.75	64	0.25	100
13.0	416.0	57	0.25	100
13.0	416.25	64	0.25	100
13.0	416.5	61	0.25	100
13.0	416.75	64	0.25	100
13.0	417.0	57	0.25	100
13.0	417.25	66	0.25	100
13.0	417.5	62	0.25	100
13.0	417.75	66	0.25	100
13.0	418.0	57	0.25	100
13.0	418.25	66	0.25	100
13.0	418.5	62	0.25	100
13.0	418.75	66	0.25	100
13.0	419.0	57	0.25	100
13.0	419.25	64	0.25	100
13.0	419.5	61	0.25	100
13.0	419.75	64	0.25	100
13.0	420.0	57	0.25	100
13.0	420.25	64	0.25	100
13.0	420.5	61	0.25	100
13.0	420.75	64	0.25	100
13.0	421.0	52	0.25	100
13.0	421.25	64	0.25	100
13.0	421.5	59	0.25	100
13.0	421.75	64	0.25	100
13.0	422.0	52	0.25	100
13.0	422.25	64	0.25	100
13.0	422.5	59	0.25	100
13.0	422.75	64	0.25	100
13.0	423.0	57	0.5	100
13.0	423.5	57	0.5	100
13.0	424.0	57	0.5	100
13.0	424.5	57	0.5	100
13.0	425.0	57	0.5	100
13.0	425.5	57	0.5	100
13.0	426.0	57	0.5	100
13.0	426.5	57	0.5	100
13.0	427.0	57	0.5	100
13.0	427.5	57	0.5	100
13.0	428.0	57	0.5	100
13.0	428.5	57	0.5	100
13.0	429.0	50	0.5	100
13.0	429.5	50	0.5	100
13.0	430.0	50	0.5	100
13.0	430.5	50	0.5	100
13.0	431.0	57	0.5	100
13.0	431.5	57	0.5	100
13.0	432.0	57	0.5	100
13.0	432.5	57	0.5	100
13.0	433.0	52	0.5	100
13.0	433.5	52	0.5	100
13.0	434.0	52	0.5	100
13.0	434.5	52	0.5	100
13.0	435.0	57	0.5	100
13.0	435.5	57	0.5	100
13.0	436.0	57	0.5	100
13.0	436.5	57	0.5	100
13.0	437.0	57	0.5	100
13.0	437.5	57	0.5	100
13.0	438.0	57	0.5	100
13.0	438.5	57	0.5	100
13.0	439.0	57	0.5	100
13.0	439.5	57	0.5	100
13.0	440.0	57	0.5	100
13.0	440.5	57	0.5	100
13.0	441.0	57	0.5	100
13.0	441.5	57	0.5	100
13.0	442.0	57	0.5	100
13.0	442.5	57	0.5	100
13.0	443.0	45	1.0	100
13.0	444.0	57	1.0	100
13.0	445.0	57	1.0	100
13.0	444.0	52	1.0	100
13.0	445.0	52	1.0	100
13.0	444.0	49	1.0	100
13.0	445.0	49	1.0	100
13.0	444.0	45	1.0	100
13.0	445.0	45	1.0	100
