Track	Start_Time	Pitch	Duration	Dynamic
0.0	3.590	84	0.900	107
0.0	3.590	48	0.900	100
0.0	3.590	60	0.900	100
0.0	3.590	36	0.900	108
0.0	3.590	72	0.900	107
0.0	3.790	36	0.900	108
0.0	3.790	72	0.900	107
0.0	3.790	84	0.900	107
0.0	3.790	48	0.900	100
0.0	3.790	60	0.900	100
0.0	4.0	72	1.470	112
0.0	4.0	84	1.470	112
0.0	4.0	60	1.470	109
0.0	4.0	36	1.470	114
0.0	4.0	48	1.470	107
0.0	5.500	72	0.110	107
0.0	5.500	84	0.110	107
0.0	5.500	60	0.110	100
0.0	5.500	36	0.110	108
0.0	5.500	48	0.110	100
0.0	5.750	36	0.110	108
0.0	5.750	48	0.110	100
0.0	5.750	84	0.110	107
0.0	5.750	60	0.110	100
0.0	5.750	72	0.110	107
0.0	6.0	84	1.470	113
0.0	6.0	60	1.470	107
0.0	6.0	48	1.470	108
0.0	6.0	36	1.470	116
0.0	6.0	72	1.470	113
0.0	7.500	48	0.110	100
0.0	7.500	72	0.110	107
0.0	7.500	84	0.110	107
0.0	7.500	60	0.110	100
0.0	7.500	36	0.110	108
0.0	7.750	84	0.110	107
0.0	7.750	60	0.110	100
0.0	7.750	48	0.110	100
0.0	7.750	72	0.110	107
0.0	7.750	36	0.110	108
0.0	8.0	72	0.120	107
0.0	8.0	84	0.120	107
0.0	8.0	36	0.230	114
0.0	8.0	60	0.230	106
0.0	8.0	48	0.120	100
0.0	8.250	48	0.110	100
0.0	8.250	72	0.110	107
0.0	8.250	84	0.110	107
0.0	8.500	72	0.230	112
0.0	8.500	76	0.230	112
0.0	8.500	52	0.230	108
0.0	8.500	84	0.230	112
0.0	8.500	36	0.110	108
0.0	8.500	48	0.230	108
0.0	8.500	60	0.110	100
0.0	8.500	64	0.110	100
0.0	8.750	36	0.120	108
0.0	8.750	64	0.120	100
0.0	8.750	60	0.120	100
0.0	9.0	65	0.230	107
0.0	9.0	50	0.120	100
0.0	9.0	62	0.230	107
0.0	9.0	53	0.120	100
0.0	9.0	60	0.230	107
0.0	9.0	48	0.120	100
0.0	9.0	36	0.230	116
0.0	9.0	74	0.120	107
0.0	9.0	84	0.120	107
0.0	9.0	72	0.120	107
0.0	9.0	77	0.120	107
0.0	9.250	77	0.110	107
0.0	9.250	48	0.110	100
0.0	9.250	72	0.110	107
0.0	9.250	84	0.110	107
0.0	9.250	50	0.110	100
0.0	9.250	53	0.110	100
0.0	9.250	74	0.110	107
0.0	9.500	51	0.230	108
0.0	9.500	78	0.230	112
0.0	9.500	48	0.230	108
0.0	9.500	54	0.230	108
0.0	9.500	36	0.120	108
0.0	9.500	75	0.230	112
0.0	9.500	60	0.120	100
0.0	9.500	72	0.230	112
0.0	9.500	63	0.120	100
0.0	9.500	84	0.230	112
0.0	9.500	66	0.120	100
0.0	9.750	63	0.120	100
0.0	9.750	66	0.120	100
0.0	9.750	36	0.120	108
0.0	9.750	60	0.120	100
0.0	10.0	52	0.120	100
0.0	10.0	72	0.120	107
0.0	10.0	36	0.230	116
0.0	10.0	64	0.230	110
0.0	10.0	84	0.120	107
0.0	10.0	67	0.230	110
0.0	10.0	55	0.120	100
0.0	10.0	76	0.120	107
0.0	10.0	60	0.230	110
0.0	10.0	48	0.120	100
0.0	10.0	79	0.120	107
0.0	10.250	55	0.120	100
0.0	10.250	48	0.120	100
0.0	10.250	52	0.120	100
0.0	10.250	84	0.120	107
0.0	10.250	76	0.120	107
0.0	10.250	79	0.120	107
0.0	10.250	72	0.120	107
0.0	10.500	76	0.230	111
0.0	10.500	80	0.230	111
0.0	10.500	64	0.120	100
0.0	10.500	56	0.230	108
0.0	10.500	72	0.230	111
0.0	10.500	48	0.230	108
0.0	10.500	68	0.120	100
0.0	10.500	52	0.230	108
0.0	10.500	36	0.120	108
0.0	10.500	84	0.230	111
0.0	10.500	60	0.120	100
0.0	10.750	68	0.120	100
0.0	10.750	60	0.120	100
0.0	10.750	64	0.120	100
0.0	10.750	36	0.120	108
0.0	11.0	72	0.120	107
0.0	11.0	65	0.230	110
0.0	11.0	36	0.230	114
0.0	11.0	57	0.120	100
0.0	11.0	84	0.120	107
0.0	11.0	81	0.120	107
0.0	11.0	69	0.230	110
0.0	11.0	48	0.120	100
0.0	11.0	60	0.230	110
0.0	11.0	53	0.120	100
0.0	11.0	77	0.120	107
0.0	11.250	53	0.120	100
0.0	11.250	81	0.120	107
0.0	11.250	72	0.120	107
0.0	11.250	57	0.120	100
0.0	11.250	77	0.120	107
0.0	11.250	84	0.120	107
0.0	11.250	48	0.120	100
0.0	11.500	84	0.230	113
0.0	11.500	36	0.120	108
0.0	11.500	78	0.230	113
0.0	11.500	57	0.230	107
0.0	11.500	66	0.120	100
0.0	11.500	54	0.230	107
0.0	11.500	81	0.230	113
0.0	11.500	72	0.230	113
0.0	11.500	69	0.120	100
0.0	11.500	48	0.230	107
0.0	11.500	60	0.120	100
0.0	11.750	69	0.120	100
0.0	11.750	36	0.120	108
0.0	11.750	60	0.120	100
0.0	11.750	66	0.120	100
0.0	12.0	70	1.260	113
0.0	12.0	58	1.260	111
0.0	12.0	48	1.260	117
0.0	12.0	76	1.260	117
0.0	12.0	55	1.260	111
0.0	12.0	36	1.260	117
0.0	12.0	79	1.260	117
0.0	12.0	64	1.260	113
0.0	12.0	67	1.260	113
0.0	12.0	60	1.260	117
0.0	12.0	84	1.260	117
0.0	12.0	72	1.260	117
0.0	12.0	82	1.260	117
0.0	13.260	63	0.260	98
0.0	13.260	65	0.260	98
0.0	13.260	54	0.260	98
0.0	13.260	61	0.260	98
0.0	13.260	73	0.260	108
0.0	13.260	83	0.260	108
0.0	13.260	80	0.260	108
0.0	13.260	68	0.260	98
0.0	13.260	57	0.260	98
0.0	13.260	85	0.260	108
0.0	13.260	59	0.260	104
0.0	13.260	71	0.260	98
0.0	13.260	47	0.260	104
0.0	13.260	35	0.260	104
0.0	13.260	77	0.260	108
0.0	13.520	69	0.250	99
0.0	13.520	66	0.250	99
0.0	13.520	78	0.250	109
0.0	13.520	84	0.250	109
0.0	13.520	56	0.250	99
0.0	13.520	72	0.250	99
0.0	13.520	53	0.250	99
0.0	13.520	58	0.250	105
0.0	13.520	62	0.250	99
0.0	13.520	81	0.250	109
0.0	13.520	46	0.250	105
0.0	13.520	74	0.250	109
0.0	13.520	34	0.250	105
0.0	13.520	86	0.250	109
0.0	13.770	52	0.250	100
0.0	13.770	55	0.250	100
0.0	13.770	61	0.250	100
0.0	13.770	67	0.250	100
0.0	13.770	82	0.250	110
0.0	13.770	57	0.250	106
0.0	13.770	73	0.250	100
0.0	13.770	70	0.250	100
0.0	13.770	75	0.250	110
0.0	13.770	45	0.250	106
0.0	13.770	85	0.250	110
0.0	13.770	63	0.250	100
0.0	13.770	33	0.250	106
0.0	13.770	87	0.250	110
0.0	13.770	79	0.250	110
0.0	14.200	54	0.250	101
0.0	14.200	80	0.250	111
0.0	14.200	68	0.250	101
0.0	14.200	76	0.250	111
0.0	14.200	60	0.250	101
0.0	14.200	32	0.250	107
0.0	14.200	88	0.250	111
0.0	14.200	74	0.250	101
0.0	14.200	86	0.250	111
0.0	14.200	83	0.250	111
0.0	14.200	71	0.250	101
0.0	14.200	64	0.250	101
0.0	14.200	44	0.250	107
0.0	14.200	56	0.250	107
0.0	14.200	51	0.250	101
0.0	14.270	59	0.250	102
0.0	14.270	77	0.250	112
0.0	14.270	75	0.250	102
0.0	14.270	53	0.250	102
0.0	14.270	89	0.250	112
0.0	14.270	31	0.250	108
0.0	14.270	55	0.250	108
0.0	14.270	84	0.250	112
0.0	14.270	50	0.250	102
0.0	14.270	72	0.250	102
0.0	14.270	81	0.250	112
0.0	14.270	65	0.250	102
0.0	14.270	69	0.250	102
0.0	14.270	43	0.250	108
0.0	14.270	87	0.250	112
0.0	14.520	70	0.250	104
0.0	14.520	58	0.250	103
0.0	14.520	90	0.250	113
0.0	14.520	54	0.250	109
0.0	14.520	73	0.250	104
0.0	14.520	78	0.250	113
0.0	14.520	66	0.250	104
0.0	14.520	85	0.250	113
0.0	14.520	88	0.250	113
0.0	14.520	42	0.250	109
0.0	14.520	52	0.250	103
0.0	14.520	82	0.250	113
0.0	14.520	49	0.250	103
0.0	14.520	76	0.250	104
0.0	14.520	30	0.250	109
0.0	14.770	67	0.250	105
0.0	14.770	91	0.250	114
0.0	14.770	53	0.250	109
0.0	14.770	41	0.250	109
0.0	14.770	51	0.250	104
0.0	14.770	83	0.250	114
0.0	14.770	79	0.250	114
0.0	14.770	77	0.250	105
0.0	14.770	86	0.250	114
0.0	14.770	74	0.250	105
0.0	14.770	48	0.250	104
0.0	14.770	89	0.250	114
0.0	14.770	71	0.250	105
0.0	14.770	29	0.250	109
0.0	14.770	57	0.250	104
0.0	15.200	47	0.250	105
0.0	15.200	90	0.250	115
0.0	15.200	75	0.250	106
0.0	15.200	50	0.250	105
0.0	15.200	72	0.250	106
0.0	15.200	68	0.250	106
0.0	15.200	56	0.250	105
0.0	15.200	40	0.250	110
0.0	15.200	92	0.250	115
0.0	15.200	78	0.250	106
0.0	15.200	84	0.250	115
0.0	15.200	87	0.250	115
0.0	15.200	80	0.250	115
0.0	15.200	52	0.250	110
0.0	15.200	28	0.250	110
0.0	15.270	49	0.250	106
0.0	15.270	91	0.250	116
0.0	15.270	55	0.250	106
0.0	15.270	88	0.250	116
0.0	15.270	76	0.250	107
0.0	15.270	85	0.250	116
0.0	15.270	39	0.250	111
0.0	15.270	73	0.250	107
0.0	15.270	46	0.250	106
0.0	15.270	81	0.250	116
0.0	15.270	93	0.250	116
0.0	15.270	51	0.250	111
0.0	15.270	69	0.250	107
0.0	15.270	79	0.250	107
0.0	15.270	27	0.250	111
0.0	15.520	94	0.250	117
0.0	15.520	86	0.250	117
0.0	15.520	45	0.250	107
0.0	15.520	80	0.250	108
0.0	15.520	70	0.250	108
0.0	15.520	38	0.250	112
0.0	15.520	77	0.250	108
0.0	15.520	82	0.250	117
0.0	15.520	92	0.250	117
0.0	15.520	50	0.250	112
0.0	15.520	74	0.250	108
0.0	15.520	48	0.250	107
0.0	15.520	54	0.250	107
0.0	15.520	89	0.250	117
0.0	15.520	26	0.250	112
0.0	15.770	75	0.250	109
0.0	15.770	87	0.250	118
0.0	15.770	95	0.250	118
0.0	15.770	78	0.250	109
0.0	15.770	37	0.250	113
0.0	15.770	90	0.250	118
0.0	15.770	53	0.250	108
0.0	15.770	49	0.250	113
0.0	15.770	47	0.250	108
0.0	15.770	81	0.250	109
0.0	15.770	93	0.250	118
0.0	15.770	44	0.250	108
0.0	15.770	71	0.250	109
0.0	15.770	83	0.250	118
0.0	15.770	25	0.250	113
0.0	16.200	76	0.450	119
0.0	16.200	43	0.450	113
0.0	16.200	72	0.450	119
0.0	16.200	36	0.450	122
0.0	16.200	46	0.450	113
0.0	16.200	48	0.450	122
0.0	16.200	52	0.450	113
0.0	16.200	94	0.450	122
0.0	16.200	79	0.450	119
0.0	16.200	96	0.450	122
0.0	16.200	84	0.450	122
0.0	16.200	88	0.450	122
0.0	16.200	82	0.450	119
0.0	16.200	91	0.450	122
0.0	16.200	24	0.450	122
0.0	19.520	98	0.160	100
0.0	19.520	86	0.160	100
0.0	19.520	74	0.160	100
0.0	19.680	76	0.180	102
0.0	19.680	100	0.180	102
0.0	19.680	88	0.180	102
0.0	19.860	74	0.160	105
0.0	19.860	86	0.160	105
0.0	19.860	98	0.160	105
0.0	20.200	41	0.230	107
0.0	20.200	96	0.230	110
0.0	20.200	53	0.230	107
0.0	20.200	29	0.230	107
0.0	20.200	72	0.230	110
0.0	20.200	84	0.230	110
0.0	20.530	57	0.230	79
0.0	20.530	72	0.230	81
0.0	20.530	67	0.230	79
0.0	20.530	69	0.230	100
0.0	20.530	62	0.230	79
0.0	20.530	93	0.230	100
0.0	20.530	81	0.230	100
0.0	20.530	77	0.230	81
0.0	20.530	84	0.230	81
0.0	21.300	77	0.230	100
0.0	21.300	24	0.230	95
0.0	21.300	48	0.230	95
0.0	21.300	36	0.230	95
0.0	21.300	65	0.230	100
0.0	21.300	89	0.230	100
0.0	21.530	84	0.230	81
0.0	21.530	72	0.230	81
0.0	21.530	86	0.230	100
0.0	21.530	62	0.230	79
0.0	21.530	74	0.230	100
0.0	21.530	77	0.230	81
0.0	21.530	57	0.230	79
0.0	21.530	67	0.230	79
0.0	22.300	72	0.230	107
0.0	22.300	41	0.230	104
0.0	22.300	29	0.230	104
0.0	22.300	84	0.230	107
0.0	22.300	53	0.230	104
0.0	22.300	60	0.230	107
0.0	22.530	84	0.230	81
0.0	22.530	57	0.230	79
0.0	22.530	89	0.230	100
0.0	22.530	77	0.230	81
0.0	22.530	72	0.230	81
0.0	22.530	67	0.230	79
0.0	22.530	62	0.230	79
0.0	22.530	65	0.230	100
0.0	23.300	24	0.230	95
0.0	23.300	86	1.0	105
0.0	23.300	74	1.0	105
0.0	23.300	36	0.230	95
0.0	23.300	48	0.230	95
0.0	23.300	62	0.500	105
0.0	23.530	84	0.230	80
0.0	23.530	62	0.500	79
0.0	23.530	72	0.230	80
0.0	23.530	57	0.230	79
0.0	23.530	77	0.230	80
0.0	23.530	67	0.230	79
0.0	24.300	84	0.230	108
0.0	24.300	72	0.230	108
0.0	24.300	41	0.230	102
0.0	24.300	60	0.230	108
0.0	24.300	29	0.230	102
0.0	24.300	53	0.230	102
0.0	24.530	57	0.120	78
0.0	24.530	72	0.120	80
0.0	24.530	84	0.120	80
0.0	24.530	68	0.230	100
0.0	24.530	80	0.230	100
0.0	24.530	67	0.120	78
0.0	24.530	77	0.120	80
0.0	24.530	62	0.120	78
0.0	24.530	92	0.230	100
0.0	24.780	57	0.120	78
0.0	24.780	72	0.120	80
0.0	24.780	67	0.120	78
0.0	24.780	84	0.120	80
0.0	24.780	77	0.120	80
0.0	24.780	62	0.120	78
0.0	25.300	62	1.0	106
0.0	25.300	35	0.230	95
0.0	25.300	74	1.0	106
0.0	25.300	86	1.0	106
0.0	25.300	59	0.230	95
0.0	25.300	47	0.230	95
0.0	25.530	67	0.230	78
0.0	25.530	84	0.230	79
0.0	25.530	57	0.230	78
0.0	25.530	77	0.230	79
0.0	25.530	72	0.230	79
0.0	26.280	83	0.250	100
0.0	26.280	59	0.250	100
0.0	26.280	71	0.250	100
0.0	26.300	82	0.250	100
0.0	26.300	70	0.250	100
0.0	26.300	41	0.230	101
0.0	26.300	29	0.230	101
0.0	26.300	58	0.250	100
0.0	26.300	53	0.230	101
0.0	26.530	48	0.120	78
0.0	26.530	60	0.250	102
0.0	26.530	72	0.250	102
0.0	26.530	62	0.120	78
0.0	26.530	84	0.250	102
0.0	26.530	77	0.120	79
0.0	26.530	67	0.120	79
0.0	26.780	57	0.260	103
0.0	26.780	62	0.120	78
0.0	26.780	48	0.120	78
0.0	26.780	81	0.260	103
0.0	26.780	67	0.120	79
0.0	26.780	77	0.120	79
0.0	26.780	69	0.260	103
0.0	27.300	65	0.230	95
0.0	27.300	53	0.230	95
0.0	27.300	60	0.230	111
0.0	27.300	84	0.230	111
0.0	27.300	72	0.230	111
0.0	27.300	41	0.230	95
0.0	27.530	91	0.180	98
0.0	27.530	67	0.180	98
0.0	27.530	79	0.180	98
0.0	27.530	62	0.230	78
0.0	27.530	57	0.230	78
0.0	27.530	72	0.230	78
0.0	27.530	77	0.230	78
0.0	27.700	69	0.170	100
0.0	27.700	93	0.170	100
0.0	27.700	81	0.170	100
0.0	27.870	91	0.170	103
0.0	27.870	67	0.170	103
0.0	27.870	79	0.170	103
0.0	28.300	46	1.500	116
0.0	28.300	58	1.500	116
0.0	28.300	77	0.230	112
0.0	28.300	34	1.500	116
0.0	28.300	89	0.230	112
0.0	28.300	65	0.230	112
0.0	28.530	74	0.230	78
0.0	28.530	55	0.230	77
0.0	28.530	50	0.230	77
0.0	28.530	65	0.230	78
0.0	28.530	60	0.230	77
0.0	28.530	86	0.230	103
0.0	28.530	62	0.230	103
0.0	28.530	70	0.230	78
0.0	29.300	65	0.230	105
0.0	29.300	89	0.230	105
0.0	29.300	77	0.230	105
0.0	29.530	50	0.230	77
0.0	29.530	33	0.230	108
0.0	29.530	55	0.230	77
0.0	29.530	70	0.230	83
0.0	29.530	45	0.230	108
0.0	29.530	57	0.230	108
0.0	29.530	82	0.230	107
0.0	29.530	65	0.230	83
0.0	29.530	74	0.230	83
0.0	29.530	94	0.230	107
0.0	29.530	60	0.230	77
0.0	30.300	43	2.0	107
0.0	30.300	77	0.230	109
0.0	30.300	89	0.230	109
0.0	30.300	55	2.0	107
0.0	30.300	65	0.230	109
0.0	30.300	31	2.0	107
0.0	30.530	98	0.230	111
0.0	30.530	60	0.230	77
0.0	30.530	86	0.230	111
0.0	30.530	74	0.230	87
0.0	30.530	65	0.230	87
0.0	30.530	50	0.230	77
0.0	30.530	77	0.230	87
0.0	30.530	70	0.230	87
0.0	31.300	77	0.230	113
0.0	31.300	65	0.230	113
0.0	31.300	89	0.230	113
0.0	31.530	60	0.230	77
0.0	31.530	70	0.230	92
0.0	31.530	90	0.230	115
0.0	31.530	50	0.230	77
0.0	31.530	65	0.230	92
0.0	31.530	74	0.230	92
0.0	31.530	102	0.230	115
0.0	31.530	82	0.230	92
0.0	31.530	78	0.230	115
0.0	32.280	87	0.250	100
0.0	32.280	79	0.250	100
0.0	32.280	84	0.250	100
0.0	32.280	49	0.250	97
0.0	32.280	72	0.250	100
0.0	32.280	25	0.250	97
0.0	32.280	55	0.250	91
0.0	32.280	37	0.250	97
0.0	32.280	69	0.250	100
0.0	32.280	91	0.250	100
0.0	32.280	81	0.250	100
0.0	32.280	75	0.250	100
0.0	32.280	46	0.250	91
0.0	32.300	82	0.250	117
0.0	32.300	92	0.250	117
0.0	32.300	80	0.250	109
0.0	32.300	52	0.250	98
0.0	32.300	24	0.250	105
0.0	32.300	43	0.250	98
0.0	32.300	88	0.250	117
0.0	32.300	48	0.250	105
0.0	32.300	73	0.250	109
0.0	32.300	70	0.250	109
0.0	32.300	76	0.250	109
0.0	32.300	85	0.250	117
0.0	32.300	36	0.250	105
0.0	32.530	74	0.250	100
0.0	32.530	58	0.250	91
0.0	32.530	50	0.250	98
0.0	32.530	26	0.250	98
0.0	32.530	80	0.250	100
0.0	32.530	86	0.250	100
0.0	32.530	78	0.250	100
0.0	32.530	71	0.250	100
0.0	32.530	83	0.250	100
0.0	32.530	90	0.250	100
0.0	32.530	38	0.250	98
0.0	32.530	68	0.250	100
0.0	32.780	85	0.250	100
0.0	32.780	52	0.250	91
0.0	32.780	89	0.250	100
0.0	32.780	77	0.250	100
0.0	32.780	39	0.250	99
0.0	32.780	67	0.250	100
0.0	32.780	70	0.250	100
0.0	32.780	79	0.250	100
0.0	32.780	51	0.250	99
0.0	32.780	62	0.250	91
0.0	32.780	73	0.250	100
0.0	32.780	27	0.250	99
0.0	32.780	82	0.250	100
0.0	33.280	87	0.250	100
0.0	33.280	53	0.250	101
0.0	33.280	29	0.250	101
0.0	33.280	77	0.250	100
0.0	33.280	50	0.250	92
0.0	33.280	58	0.250	92
0.0	33.280	75	0.250	100
0.0	33.280	80	0.250	100
0.0	33.280	65	0.250	100
0.0	33.280	71	0.250	100
0.0	33.280	41	0.250	101
0.0	33.280	83	0.250	100
0.0	33.280	68	0.250	100
0.0	33.300	64	0.250	92
0.0	33.300	28	0.250	100
0.0	33.300	66	0.250	100
0.0	33.300	69	0.250	100
0.0	33.300	81	0.250	100
0.0	33.300	76	0.250	100
0.0	33.300	78	0.250	100
0.0	33.300	88	0.250	100
0.0	33.300	40	0.250	100
0.0	33.300	84	0.250	100
0.0	33.300	55	0.250	92
0.0	33.300	52	0.250	100
0.0	33.300	72	0.250	100
0.0	33.530	76	0.250	100
0.0	33.530	79	0.250	100
0.0	33.530	30	0.250	102
0.0	33.530	67	0.250	100
0.0	33.530	70	0.250	100
0.0	33.530	74	0.250	100
0.0	33.530	52	0.250	92
0.0	33.530	64	0.250	100
0.0	33.530	42	0.250	102
0.0	33.530	86	0.250	100
0.0	33.530	54	0.250	102
0.0	33.530	62	0.250	92
0.0	33.530	82	0.250	100
0.0	33.780	63	0.250	100
0.0	33.780	73	0.250	100
0.0	33.780	55	0.250	103
0.0	33.780	75	0.250	100
0.0	33.780	78	0.250	100
0.0	33.780	85	0.250	100
0.0	33.780	31	0.250	103
0.0	33.780	64	0.250	92
0.0	33.780	43	0.250	103
0.0	33.780	69	0.250	100
0.0	33.780	66	0.250	100
0.0	33.780	81	0.250	100
0.0	34.280	83	0.250	100
0.0	34.280	67	0.250	100
0.0	34.280	33	0.250	105
0.0	34.280	76	0.250	100
0.0	34.280	62	0.250	93
0.0	34.280	71	0.250	100
0.0	34.280	57	0.250	105
0.0	34.280	45	0.250	105
0.0	34.280	79	0.250	100
0.0	34.280	61	0.250	100
0.0	34.280	64	0.250	100
0.0	34.280	52	0.250	93
0.0	34.280	73	0.250	100
0.0	34.300	32	0.240	104
0.0	34.300	72	0.240	100
0.0	34.300	65	0.240	100
0.0	34.300	80	0.240	100
0.0	34.300	67	0.240	93
0.0	34.300	74	0.240	100
0.0	34.300	84	0.240	100
0.0	34.300	44	0.240	104
0.0	34.300	68	0.240	100
0.0	34.300	58	0.240	93
0.0	34.300	56	0.240	104
0.0	34.300	62	0.240	100
0.0	34.300	77	0.240	100
0.0	34.530	55	0.240	93
0.0	34.530	58	0.240	106
0.0	34.530	34	0.240	106
0.0	34.530	63	0.240	100
0.0	34.530	78	0.240	100
0.0	34.530	46	0.240	106
0.0	34.530	70	0.240	100
0.0	34.530	82	0.240	100
0.0	34.530	60	0.240	100
0.0	34.530	72	0.240	100
0.0	34.530	64	0.240	93
0.0	34.530	66	0.240	100
0.0	34.530	75	0.240	100
0.0	34.770	71	0.250	100
0.0	34.770	69	0.250	100
0.0	34.770	81	0.250	100
0.0	34.770	62	0.250	100
0.0	34.770	47	0.250	107
0.0	34.770	77	0.250	100
0.0	34.770	67	0.250	90
0.0	34.770	35	0.250	107
0.0	34.770	58	0.250	90
0.0	34.770	59	0.250	107
0.0	34.770	74	0.250	100
0.0	34.770	65	0.250	100
0.0	35.200	70	0.220	96
0.0	35.200	76	0.220	106
0.0	35.200	48	0.220	113
0.0	35.200	60	0.220	113
0.0	35.200	73	0.220	106
0.0	35.200	58	0.220	106
0.0	35.200	61	0.220	96
0.0	35.200	80	0.220	106
0.0	35.200	64	0.220	106
0.0	35.200	36	0.220	113
0.0	35.200	68	0.220	106
0.0	35.510	86	0.160	100
0.0	35.510	98	0.160	100
0.0	35.510	74	0.160	100
0.0	35.670	100	0.170	102
0.0	35.670	76	0.170	102
0.0	35.670	88	0.170	102
0.0	35.830	86	0.170	105
0.0	35.830	74	0.170	105
0.0	35.830	98	0.170	105
0.0	36.0	53	0.230	107
0.0	36.0	72	0.230	110
0.0	36.0	41	0.230	107
0.0	36.0	96	0.230	110
0.0	36.0	29	0.230	107
0.0	36.0	84	0.230	110
0.0	36.490	69	0.230	100
0.0	36.490	67	0.230	79
0.0	36.490	81	0.230	100
0.0	36.490	84	0.230	81
0.0	36.490	77	0.230	81
0.0	36.490	62	0.230	79
0.0	36.490	72	0.230	81
0.0	36.490	57	0.230	79
0.0	36.490	93	0.230	100
0.0	36.990	89	0.230	100
0.0	36.990	77	0.230	100
0.0	36.990	24	0.230	95
0.0	36.990	48	0.230	95
0.0	36.990	36	0.230	95
0.0	36.990	65	0.230	100
0.0	37.500	72	0.230	81
0.0	37.500	74	0.230	100
0.0	37.500	77	0.230	81
0.0	37.500	86	0.230	100
0.0	37.500	84	0.230	81
0.0	37.500	67	0.230	79
0.0	37.500	62	0.230	79
0.0	37.500	57	0.230	79
0.0	38.0	72	0.230	107
0.0	38.0	60	0.230	107
0.0	38.0	53	0.230	104
0.0	38.0	41	0.230	104
0.0	38.0	29	0.230	104
0.0	38.0	84	0.230	107
0.0	38.500	89	0.230	100
0.0	38.500	65	0.230	100
0.0	38.500	57	0.230	79
0.0	38.500	67	0.230	79
0.0	38.500	62	0.230	79
0.0	38.500	77	0.230	81
0.0	38.500	72	0.230	81
0.0	38.500	84	0.230	81
0.0	39.0	62	0.500	105
0.0	39.0	86	1.0	105
0.0	39.0	74	1.0	105
0.0	39.0	36	0.230	95
0.0	39.0	48	0.230	95
0.0	39.0	24	0.230	95
0.0	39.500	57	0.230	79
0.0	39.500	62	0.500	79
0.0	39.500	72	0.230	80
0.0	39.500	67	0.230	79
0.0	39.500	77	0.230	80
0.0	40.0	65	0.230	104
0.0	40.0	84	0.250	105
0.0	40.0	53	0.230	104
0.0	40.0	72	0.250	105
0.0	40.0	41	0.230	104
0.0	40.0	60	0.250	105
0.0	40.250	63	0.250	97
0.0	40.250	87	0.250	97
0.0	40.250	75	0.250	97
0.0	40.500	67	0.250	79
0.0	40.500	72	0.230	81
0.0	40.500	79	0.250	98
0.0	40.500	91	0.250	98
0.0	40.500	84	0.230	81
0.0	40.500	77	0.230	81
0.0	40.500	57	0.230	79
0.0	40.500	63	0.230	79
0.0	40.750	84	0.250	100
0.0	40.750	72	0.250	100
0.0	40.750	96	0.250	100
0.0	41.0	53	0.230	95
0.0	41.0	41	0.230	95
0.0	41.0	86	0.250	102
0.0	41.0	29	0.230	95
0.0	41.0	74	0.250	102
0.0	41.0	98	0.250	102
0.0	41.250	87	0.250	104
0.0	41.250	75	0.250	104
0.0	41.250	99	0.250	104
0.0	41.500	76	0.250	106
0.0	41.500	63	0.230	79
0.0	41.500	67	0.230	79
0.0	41.500	88	0.250	106
0.0	41.500	72	0.230	81
0.0	41.500	57	0.230	79
0.0	41.500	84	0.230	81
0.0	41.500	100	0.250	106
0.0	41.500	77	0.230	81
0.0	41.750	93	0.250	108
0.0	41.750	105	0.250	108
0.0	41.750	81	0.250	108
0.0	42.0	103	0.230	110
0.0	42.0	79	0.230	110
0.0	42.0	58	1.500	116
0.0	42.0	46	1.500	116
0.0	42.0	91	0.230	110
0.0	42.0	34	1.500	116
0.0	42.500	72	0.230	81
0.0	42.500	82	0.230	81
0.0	42.500	70	0.230	81
0.0	42.500	101	0.230	106
0.0	42.500	57	0.230	79
0.0	42.500	89	0.230	106
0.0	42.500	65	0.230	79
0.0	42.500	62	0.230	79
0.0	42.500	77	0.230	106
0.0	43.0	89	1.0	108
0.0	43.0	101	1.0	108
0.0	43.0	77	1.0	108
0.0	43.500	62	0.230	79
0.0	43.500	72	0.230	77
0.0	43.500	45	0.230	108
0.0	43.500	57	0.230	108
0.0	43.500	33	0.230	108
0.0	43.500	65	0.230	79
0.0	43.500	70	0.230	77
0.0	43.500	82	0.230	77
0.0	44.0	55	1.500	100
0.0	44.0	31	2.100	107
0.0	44.0	43	2.100	107
0.0	44.0	70	0.230	83
0.0	44.0	85	0.260	92
0.0	44.0	77	0.230	91
0.0	44.0	94	0.260	100
0.0	44.260	97	0.240	100
0.0	44.260	89	0.240	92
0.0	44.260	73	0.230	83
0.0	44.260	82	0.230	91
0.0	44.500	85	0.230	91
0.0	44.500	58	0.230	78
0.0	44.500	77	0.230	83
0.0	44.500	101	0.250	100
0.0	44.500	61	0.230	78
0.0	44.500	65	0.230	78
0.0	44.500	91	0.250	92
0.0	44.750	73	0.230	83
0.0	44.750	82	0.230	91
0.0	44.750	89	0.260	92
0.0	44.750	97	0.260	100
0.0	45.100	70	0.230	83
0.0	45.100	94	0.250	100
0.0	45.100	85	0.250	92
0.0	45.100	77	0.230	91
0.0	45.260	84	0.240	92
0.0	45.260	69	0.230	83
0.0	45.260	93	0.240	100
0.0	45.260	76	0.230	91
0.0	45.500	57	0.260	109
0.0	45.500	77	0.230	91
0.0	45.500	70	0.230	83
0.0	45.500	94	0.260	100
0.0	45.500	85	0.260	92
0.0	45.760	91	0.250	100
0.0	45.760	67	0.230	83
0.0	45.760	58	0.250	115
0.0	45.760	82	0.250	92
0.0	45.760	73	0.230	92
0.0	46.100	81	0.250	92
0.0	46.100	60	0.480	111
0.0	46.100	24	1.800	111
0.0	46.100	36	1.800	111
0.0	46.100	65	0.230	83
0.0	46.100	89	0.250	100
0.0	46.100	48	1.250	111
0.0	46.100	74	0.230	92
0.0	46.260	93	0.250	100
0.0	46.260	69	0.230	83
0.0	46.260	84	0.250	92
0.0	46.260	77	0.230	92
0.0	46.510	81	0.230	92
0.0	46.510	57	0.230	78
0.0	46.510	89	0.250	92
0.0	46.510	60	0.230	78
0.0	46.510	65	0.230	78
0.0	46.510	96	0.250	100
0.0	46.510	72	0.230	83
0.0	46.760	93	0.250	100
0.0	46.760	77	0.230	92
0.0	46.760	69	0.230	83
0.0	46.760	84	0.250	92
0.0	47.100	89	0.250	100
0.0	47.100	80	0.250	92
0.0	47.100	65	0.230	82
0.0	47.100	74	0.230	92
0.0	47.260	79	0.250	92
0.0	47.260	64	0.230	82
0.0	47.260	73	0.230	93
0.0	47.260	88	0.250	100
0.0	47.260	50	0.250	108
0.0	47.510	80	0.250	92
0.0	47.510	65	0.230	82
0.0	47.510	89	0.250	100
0.0	47.510	52	0.250	112
0.0	47.510	74	0.230	93
0.0	47.760	53	0.250	116
0.0	47.760	71	0.230	93
0.0	47.760	62	0.230	82
0.0	47.760	86	0.250	100
0.0	47.760	77	0.250	92
0.0	48.100	67	0.230	115
0.0	48.100	84	0.250	100
0.0	48.100	60	0.230	82
0.0	48.100	76	0.250	92
0.0	48.100	55	0.230	115
0.0	48.100	70	0.230	93
0.0	48.260	66	0.230	92
0.0	48.260	75	0.250	92
0.0	48.260	83	0.250	100
0.0	48.260	59	0.230	79
0.0	48.510	48	0.230	106
0.0	48.510	76	0.250	92
0.0	48.510	36	0.230	106
0.0	48.510	60	0.230	82
0.0	48.510	84	0.250	100
0.0	48.510	67	0.230	94
0.0	48.760	69	0.230	96
0.0	48.760	77	0.250	92
0.0	48.760	86	0.250	100
0.0	48.760	62	0.230	86
0.0	49.100	79	0.250	92
0.0	49.100	60	0.230	105
0.0	49.100	64	0.230	89
0.0	49.100	72	0.230	105
0.0	49.100	88	0.250	100
0.0	49.100	70	0.230	99
0.0	49.260	67	0.230	101
0.0	49.260	84	0.250	100
0.0	49.260	60	0.230	92
0.0	49.260	76	0.250	92
0.0	49.510	88	0.250	100
0.0	49.510	60	0.230	107
0.0	49.510	64	0.230	95
0.0	49.510	79	0.250	92
0.0	49.510	70	0.230	103
0.0	49.510	48	0.230	107
0.0	49.760	69	0.230	99
0.0	49.760	93	0.250	100
0.0	49.760	84	0.250	92
0.0	49.760	76	0.230	106
0.0	50.100	82	0.230	107
0.0	50.100	67	0.230	95
0.0	50.100	41	0.230	100
0.0	50.100	74	0.230	107
0.0	50.100	53	0.230	100
0.0	50.100	91	0.230	113
0.0	50.510	89	0.230	108
0.0	50.510	81	0.230	96
0.0	50.510	65	0.230	87
0.0	50.510	72	0.230	96
0.0	51.100	81	1.0	102
0.0	51.100	72	1.0	101
0.0	51.100	71	0.170	109
0.0	51.100	60	0.170	109
0.0	51.100	64	0.170	109
0.0	51.100	89	1.0	112
0.0	51.100	65	0.330	109
0.0	51.100	67	0.170	109
0.0	51.100	62	0.170	109
0.0	51.100	69	0.170	109
0.0	51.180	59	0.170	109
0.0	51.180	63	0.170	109
0.0	51.180	61	0.170	109
0.0	51.180	70	0.170	109
0.0	51.180	68	0.170	109
0.0	51.180	64	0.170	109
0.0	51.180	66	0.170	109
0.0	51.340	64	0.170	110
0.0	51.340	67	0.170	110
0.0	51.340	65	0.670	110
0.0	51.340	62	0.170	110
0.0	51.340	69	0.170	110
0.0	51.340	60	0.170	110
0.0	51.340	59	0.170	110
0.0	51.510	66	0.170	110
0.0	51.510	68	0.170	110
0.0	51.510	59	0.170	110
0.0	51.510	64	0.170	110
0.0	51.510	63	0.170	110
0.0	51.510	61	0.170	110
0.0	51.510	58	0.170	110
0.0	51.670	55	0.180	112
0.0	51.670	57	0.180	112
0.0	51.670	59	0.180	112
0.0	51.670	60	0.180	112
0.0	51.670	62	0.180	112
0.0	51.670	53	0.180	112
0.0	51.670	64	0.180	112
0.0	51.850	54	0.160	112
0.0	51.850	59	0.160	112
0.0	51.850	58	0.160	112
0.0	51.850	51	0.160	112
0.0	51.850	56	0.160	112
0.0	51.850	52	0.160	112
0.0	51.850	61	0.160	112
0.0	52.100	51	0.180	113
0.0	52.100	60	0.180	113
0.0	52.100	59	0.180	113
0.0	52.100	56	0.180	113
0.0	52.100	53	0.180	113
0.0	52.100	50	0.180	113
0.0	52.100	55	0.180	113
0.0	52.180	59	0.160	113
0.0	52.180	52	0.160	113
0.0	52.180	56	0.160	113
0.0	52.180	50	0.160	113
0.0	52.180	54	0.160	113
0.0	52.340	52	0.180	114
0.0	52.340	55	0.180	114
0.0	52.340	48	0.180	114
0.0	52.340	53	0.180	114
0.0	52.340	47	0.180	114
0.0	52.340	57	0.180	114
0.0	52.340	50	0.180	114
0.0	52.520	74	0.160	100
0.0	52.520	86	0.160	100
0.0	52.520	51	0.160	115
0.0	52.520	49	0.160	115
0.0	52.520	46	0.160	115
0.0	52.520	44	0.160	115
0.0	52.520	54	0.160	115
0.0	52.520	98	0.160	100
0.0	52.670	88	0.180	102
0.0	52.670	48	0.180	115
0.0	52.670	50	0.180	115
0.0	52.670	76	0.180	102
0.0	52.670	43	0.180	115
0.0	52.670	100	0.180	102
0.0	52.670	53	0.180	115
0.0	52.670	52	0.180	115
0.0	52.670	45	0.180	115
0.0	52.670	46	0.180	115
0.0	52.850	86	0.160	105
0.0	52.850	46	0.160	116
0.0	52.850	49	0.160	116
0.0	52.850	51	0.160	116
0.0	52.850	74	0.160	105
0.0	52.850	98	0.160	105
0.0	52.850	44	0.160	116
0.0	52.850	42	0.160	116
0.0	53.100	84	0.230	110
0.0	53.100	41	0.230	126
0.0	53.100	72	0.230	110
0.0	53.100	96	0.230	110
0.0	53.100	29	0.230	126
0.0	53.100	53	0.230	126
0.0	53.520	77	0.230	81
0.0	53.520	57	0.230	79
0.0	53.520	69	0.230	100
0.0	53.520	81	0.230	100
0.0	53.520	72	0.230	81
0.0	53.520	84	0.230	81
0.0	53.520	67	0.230	79
0.0	53.520	93	0.230	100
0.0	53.520	62	0.230	79
0.0	54.200	77	0.230	100
0.0	54.200	89	0.230	100
0.0	54.200	65	0.230	100
0.0	54.200	24	0.230	95
0.0	54.200	36	0.230	95
0.0	54.200	48	0.230	95
0.0	54.520	72	0.230	81
0.0	54.520	74	0.230	100
0.0	54.520	57	0.230	79
0.0	54.520	86	0.230	100
0.0	54.520	84	0.230	81
0.0	54.520	62	0.230	79
0.0	54.520	77	0.230	81
0.0	54.520	67	0.230	79
0.0	55.200	53	0.230	115
0.0	55.200	41	0.230	115
0.0	55.200	72	0.230	107
0.0	55.200	60	0.230	107
0.0	55.200	29	0.230	115
0.0	55.200	84	0.230	107
0.0	55.520	57	0.230	79
0.0	55.520	84	0.230	81
0.0	55.520	89	0.230	100
0.0	55.520	77	0.230	81
0.0	55.520	72	0.230	81
0.0	55.520	67	0.230	79
0.0	55.520	62	0.230	79
0.0	55.520	65	0.230	100
0.0	56.200	62	0.500	105
0.0	56.200	48	0.230	95
0.0	56.200	74	1.0	105
0.0	56.200	24	0.230	95
0.0	56.200	36	0.230	95
0.0	56.200	86	1.0	105
0.0	56.520	62	0.500	79
0.0	56.520	57	0.230	79
0.0	56.520	67	0.230	79
0.0	56.520	84	0.230	80
0.0	56.520	77	0.230	80
0.0	56.520	72	0.230	80
0.0	57.200	72	0.230	108
0.0	57.200	53	0.230	111
0.0	57.200	84	0.230	108
0.0	57.200	41	0.230	111
0.0	57.200	29	0.230	111
0.0	57.200	60	0.230	108
0.0	57.520	84	0.120	80
0.0	57.520	57	0.120	78
0.0	57.520	67	0.120	78
0.0	57.520	62	0.120	78
0.0	57.520	77	0.120	80
0.0	57.520	80	0.230	100
0.0	57.520	72	0.120	80
0.0	57.520	68	0.230	100
0.0	57.520	92	0.230	100
0.0	57.770	67	0.110	78
0.0	57.770	62	0.110	78
0.0	57.770	57	0.110	78
0.0	57.770	84	0.110	80
0.0	57.770	72	0.110	80
0.0	57.770	77	0.110	80
0.0	58.200	86	1.0	106
0.0	58.200	47	0.230	95
0.0	58.200	62	1.0	106
0.0	58.200	74	1.0	106
0.0	58.200	59	0.230	95
0.0	58.200	35	0.230	95
0.0	58.520	77	0.230	79
0.0	58.520	84	0.230	79
0.0	58.520	72	0.230	79
0.0	58.520	57	0.230	78
0.0	58.520	67	0.230	78
0.0	59.200	29	0.230	112
0.0	59.200	82	0.250	100
0.0	59.200	41	0.230	112
0.0	59.200	58	0.250	100
0.0	59.200	70	0.250	100
0.0	59.200	53	0.230	112
0.0	59.270	59	0.250	100
0.0	59.270	83	0.250	100
0.0	59.270	71	0.250	100
0.0	59.520	62	0.120	78
0.0	59.520	84	0.250	102
0.0	59.520	77	0.120	79
0.0	59.520	48	0.120	78
0.0	59.520	67	0.120	79
0.0	59.520	72	0.250	102
0.0	59.520	60	0.250	102
0.0	59.770	57	0.250	103
0.0	59.770	48	0.120	78
0.0	59.770	69	0.250	103
0.0	59.770	67	0.120	79
0.0	59.770	62	0.120	78
0.0	59.770	77	0.120	79
0.0	59.770	81	0.250	103
0.0	60.200	72	0.230	111
0.0	60.200	41	0.230	95
0.0	60.200	65	0.230	95
0.0	60.200	60	0.230	111
0.0	60.200	53	0.230	95
0.0	60.200	84	0.230	111
0.0	60.520	91	0.170	98
0.0	60.520	77	0.230	78
0.0	60.520	72	0.230	78
0.0	60.520	67	0.170	98
0.0	60.520	79	0.170	98
0.0	60.520	62	0.230	78
0.0	60.520	57	0.230	78
0.0	60.680	69	0.180	100
0.0	60.680	93	0.180	100
0.0	60.680	81	0.180	100
0.0	60.860	79	0.160	103
0.0	60.860	67	0.160	103
0.0	60.860	91	0.160	103
0.0	61.200	89	0.230	112
0.0	61.200	46	1.510	121
0.0	61.200	65	0.230	112
0.0	61.200	77	0.230	112
0.0	61.200	34	1.510	121
0.0	61.200	58	1.510	121
0.0	61.520	60	0.230	77
0.0	61.520	50	0.230	77
0.0	61.520	65	0.230	78
0.0	61.520	86	0.230	103
0.0	61.520	74	0.230	78
0.0	61.520	70	0.230	78
0.0	61.520	55	0.230	77
0.0	61.520	62	0.230	103
0.0	62.200	65	0.230	105
0.0	62.200	89	0.230	105
0.0	62.200	77	0.230	105
0.0	62.520	50	0.230	77
0.0	62.520	45	0.230	117
0.0	62.520	94	0.230	107
0.0	62.520	82	0.230	107
0.0	62.520	33	0.230	117
0.0	62.520	57	0.230	117
0.0	62.520	74	0.230	83
0.0	62.520	55	0.230	77
0.0	62.520	60	0.230	77
0.0	62.520	70	0.230	83
0.0	62.520	65	0.230	83
0.0	63.200	43	2.0	122
0.0	63.200	65	0.230	109
0.0	63.200	77	0.230	109
0.0	63.200	31	2.0	122
0.0	63.200	55	2.0	122
0.0	63.200	89	0.230	109
0.0	63.520	65	0.230	87
0.0	63.520	77	0.230	87
0.0	63.520	86	0.230	111
0.0	63.520	70	0.230	87
0.0	63.520	60	0.230	77
0.0	63.520	50	0.230	77
0.0	63.520	98	0.230	111
0.0	63.520	74	0.230	87
0.0	64.200	89	0.230	113
0.0	64.200	77	0.230	113
0.0	64.200	65	0.230	113
0.0	64.520	102	0.230	115
0.0	64.520	50	0.230	77
0.0	64.520	70	0.230	92
0.0	64.520	65	0.230	92
0.0	64.520	90	0.230	115
0.0	64.520	74	0.230	92
0.0	64.520	60	0.230	77
0.0	64.520	82	0.230	92
0.0	64.520	78	0.230	115
0.0	65.200	24	0.250	105
0.0	65.200	43	0.250	98
0.0	65.200	92	0.250	117
0.0	65.200	80	0.250	109
0.0	65.200	85	0.250	117
0.0	65.200	70	0.250	109
0.0	65.200	76	0.250	109
0.0	65.200	36	0.250	105
0.0	65.200	73	0.250	109
0.0	65.200	88	0.250	117
0.0	65.200	48	0.250	105
0.0	65.200	82	0.250	117
0.0	65.200	52	0.250	98
0.0	65.270	69	0.250	100
0.0	65.270	75	0.250	100
0.0	65.270	25	0.250	97
0.0	65.270	37	0.250	97
0.0	65.270	81	0.250	100
0.0	65.270	91	0.250	100
0.0	65.270	84	0.250	100
0.0	65.270	49	0.250	97
0.0	65.270	55	0.250	91
0.0	65.270	46	0.250	91
0.0	65.270	87	0.250	100
0.0	65.270	79	0.250	100
0.0	65.270	72	0.250	100
0.0	65.520	90	0.250	100
0.0	65.520	68	0.250	100
0.0	65.520	83	0.250	100
0.0	65.520	26	0.250	98
0.0	65.520	58	0.250	91
0.0	65.520	38	0.250	98
0.0	65.520	86	0.250	100
0.0	65.520	71	0.250	100
0.0	65.520	78	0.250	100
0.0	65.520	50	0.250	98
0.0	65.520	74	0.250	100
0.0	65.520	80	0.250	100
0.0	65.770	89	0.250	100
0.0	65.770	85	0.250	100
0.0	65.770	79	0.250	100
0.0	65.770	39	0.250	99
0.0	65.770	82	0.250	100
0.0	65.770	70	0.250	100
0.0	65.770	73	0.250	100
0.0	65.770	62	0.250	91
0.0	65.770	67	0.250	100
0.0	65.770	77	0.250	100
0.0	65.770	51	0.250	99
0.0	65.770	27	0.250	99
0.0	65.770	52	0.250	91
0.0	66.200	40	0.250	100
0.0	66.200	52	0.250	100
0.0	66.200	28	0.250	100
0.0	66.200	78	0.250	100
0.0	66.200	72	0.250	100
0.0	66.200	88	0.250	100
0.0	66.200	81	0.250	100
0.0	66.200	55	0.250	92
0.0	66.200	66	0.250	100
0.0	66.200	69	0.250	100
0.0	66.200	64	0.250	92
0.0	66.200	84	0.250	100
0.0	66.200	76	0.250	100
0.0	66.270	75	0.250	100
0.0	66.270	65	0.250	100
0.0	66.270	29	0.250	101
0.0	66.270	50	0.250	92
0.0	66.270	87	0.250	100
0.0	66.270	80	0.250	100
0.0	66.270	77	0.250	100
0.0	66.270	58	0.250	92
0.0	66.270	71	0.250	100
0.0	66.270	83	0.250	100
0.0	66.270	68	0.250	100
0.0	66.270	53	0.250	101
0.0	66.270	41	0.250	101
0.0	66.520	70	0.250	100
0.0	66.520	67	0.250	100
0.0	66.520	30	0.250	102
0.0	66.520	76	0.250	100
0.0	66.520	62	0.250	92
0.0	66.520	79	0.250	100
0.0	66.520	82	0.250	100
0.0	66.520	64	0.250	100
0.0	66.520	86	0.250	100
0.0	66.520	54	0.250	102
0.0	66.520	52	0.250	92
0.0	66.520	42	0.250	102
0.0	66.520	74	0.250	100
0.0	66.770	81	0.250	100
0.0	66.770	75	0.250	100
0.0	66.770	43	0.250	103
0.0	66.770	63	0.250	100
0.0	66.770	64	0.250	92
0.0	66.770	31	0.250	103
0.0	66.770	73	0.250	100
0.0	66.770	69	0.250	100
0.0	66.770	85	0.250	100
0.0	66.770	55	0.250	103
0.0	66.770	66	0.250	100
0.0	66.770	78	0.250	100
0.0	67.200	68	0.250	100
0.0	67.200	56	0.250	104
0.0	67.200	77	0.250	100
0.0	67.200	72	0.250	100
0.0	67.200	65	0.250	100
0.0	67.200	62	0.250	100
0.0	67.200	32	0.250	104
0.0	67.200	74	0.250	100
0.0	67.200	67	0.250	93
0.0	67.200	58	0.250	93
0.0	67.200	84	0.250	100
0.0	67.200	44	0.250	104
0.0	67.200	80	0.250	100
0.0	67.270	79	0.250	100
0.0	67.270	73	0.250	100
0.0	67.270	52	0.250	93
0.0	67.270	62	0.250	93
0.0	67.270	67	0.250	100
0.0	67.270	33	0.250	105
0.0	67.270	45	0.250	105
0.0	67.270	64	0.250	100
0.0	67.270	76	0.250	100
0.0	67.270	61	0.250	100
0.0	67.270	71	0.250	100
0.0	67.270	57	0.250	105
0.0	67.270	83	0.250	100
0.0	67.520	75	0.250	100
0.0	67.520	58	0.250	106
0.0	67.520	34	0.250	106
0.0	67.520	78	0.250	100
0.0	67.520	64	0.250	93
0.0	67.520	55	0.250	93
0.0	67.520	66	0.250	100
0.0	67.520	72	0.250	100
0.0	67.520	46	0.250	106
0.0	67.520	60	0.250	100
0.0	67.520	82	0.250	100
0.0	67.520	63	0.250	100
0.0	67.520	70	0.250	100
0.0	67.770	71	0.250	100
0.0	67.770	77	0.250	100
0.0	67.770	67	0.250	90
0.0	67.770	65	0.250	100
0.0	67.770	69	0.250	100
0.0	67.770	81	0.250	100
0.0	67.770	62	0.250	100
0.0	67.770	47	0.250	107
0.0	67.770	58	0.250	90
0.0	67.770	59	0.250	107
0.0	67.770	35	0.250	107
0.0	67.770	74	0.250	100
0.0	68.200	60	0.230	113
0.0	68.200	68	0.230	106
0.0	68.200	36	0.230	113
0.0	68.200	76	0.230	106
0.0	68.200	73	0.230	106
0.0	68.200	61	0.230	96
0.0	68.200	80	0.230	106
0.0	68.200	64	0.230	106
0.0	68.200	70	0.230	96
0.0	68.200	58	0.230	106
0.0	68.200	48	0.230	113
0.0	68.520	74	0.180	100
0.0	68.520	86	0.180	100
0.0	68.520	98	0.180	100
0.0	68.700	88	0.160	102
0.0	68.700	100	0.160	102
0.0	68.700	76	0.160	102
0.0	68.860	74	0.180	105
0.0	68.860	86	0.180	105
0.0	68.860	98	0.180	105
0.0	69.300	84	0.230	110
0.0	69.300	96	0.230	110
0.0	69.300	41	0.230	114
0.0	69.300	72	0.230	110
0.0	69.300	29	0.230	114
0.0	69.300	53	0.230	114
0.0	69.520	72	0.230	81
0.0	69.520	77	0.230	81
0.0	69.520	84	0.230	81
0.0	69.520	81	0.230	100
0.0	69.520	69	0.230	100
0.0	69.520	67	0.230	79
0.0	69.520	93	0.230	100
0.0	69.520	62	0.230	79
0.0	69.520	57	0.230	79
0.0	70.300	89	0.230	100
0.0	70.300	48	0.230	95
0.0	70.300	65	0.230	100
0.0	70.300	77	0.230	100
0.0	70.300	36	0.230	95
0.0	70.300	24	0.230	95
0.0	70.530	86	0.230	100
0.0	70.530	67	0.230	79
0.0	70.530	62	0.230	79
0.0	70.530	57	0.230	79
0.0	70.530	74	0.230	100
0.0	70.530	84	0.230	81
0.0	70.530	77	0.230	81
0.0	70.530	72	0.230	81
0.0	71.300	53	0.230	104
0.0	71.300	41	0.230	104
0.0	71.300	72	0.230	107
0.0	71.300	84	0.230	107
0.0	71.300	60	0.230	107
0.0	71.300	29	0.230	104
0.0	71.530	57	0.230	79
0.0	71.530	84	0.230	81
0.0	71.530	77	0.230	81
0.0	71.530	65	0.230	100
0.0	71.530	72	0.230	81
0.0	71.530	67	0.230	79
0.0	71.530	62	0.230	79
0.0	71.530	89	0.230	100
0.0	72.300	36	0.230	95
0.0	72.300	74	1.0	105
0.0	72.300	62	0.500	105
0.0	72.300	86	1.0	105
0.0	72.300	24	0.230	95
0.0	72.300	48	0.230	95
0.0	72.530	72	0.230	80
0.0	72.530	77	0.230	80
0.0	72.530	67	0.230	79
0.0	72.530	57	0.230	79
0.0	72.530	62	0.500	79
0.0	73.280	75	0.250	97
0.0	73.280	87	0.250	97
0.0	73.280	63	0.250	97
0.0	73.300	53	0.230	104
0.0	73.300	65	0.230	104
0.0	73.300	41	0.230	104
0.0	73.300	60	0.250	105
0.0	73.300	84	0.250	105
0.0	73.300	72	0.250	105
0.0	73.530	57	0.230	79
0.0	73.530	84	0.230	81
0.0	73.530	72	0.230	81
0.0	73.530	67	0.250	79
0.0	73.530	77	0.230	81
0.0	73.530	79	0.250	98
0.0	73.530	91	0.250	98
0.0	73.530	63	0.230	79
0.0	73.780	96	0.250	100
0.0	73.780	84	0.250	100
0.0	73.780	72	0.250	100
0.0	74.280	87	0.250	104
0.0	74.280	75	0.250	104
0.0	74.280	99	0.250	104
0.0	74.300	98	0.250	102
0.0	74.300	86	0.250	102
0.0	74.300	53	0.230	95
0.0	74.300	29	0.230	95
0.0	74.300	74	0.250	102
0.0	74.300	41	0.230	95
0.0	74.530	77	0.230	81
0.0	74.530	57	0.230	79
0.0	74.530	72	0.230	81
0.0	74.530	76	0.250	106
0.0	74.530	84	0.230	81
0.0	74.530	67	0.230	79
0.0	74.530	88	0.250	106
0.0	74.530	63	0.230	79
0.0	74.530	100	0.250	106
0.0	74.780	105	0.250	108
0.0	74.780	93	0.250	108
0.0	74.780	81	0.250	108
0.0	75.300	46	1.490	116
0.0	75.300	34	1.490	116
0.0	75.300	79	0.230	110
0.0	75.300	91	0.230	110
0.0	75.300	103	0.230	110
0.0	75.300	58	1.490	116
0.0	75.530	82	0.230	81
0.0	75.530	57	0.230	79
0.0	75.530	89	0.230	106
0.0	75.530	101	0.230	106
0.0	75.530	72	0.230	81
0.0	75.530	70	0.230	81
0.0	75.530	65	0.230	79
0.0	75.530	77	0.230	106
0.0	75.530	62	0.230	79
0.0	76.300	77	0.980	108
0.0	76.300	89	0.980	108
0.0	76.300	101	0.980	108
0.0	76.520	82	0.230	77
0.0	76.520	70	0.230	77
0.0	76.520	62	0.230	79
0.0	76.520	65	0.230	79
0.0	76.520	45	0.230	108
0.0	76.520	33	0.230	108
0.0	76.520	57	0.230	108
0.0	76.520	72	0.230	77
0.0	77.200	70	0.220	83
0.0	77.200	43	1.980	118
0.0	77.200	77	0.220	91
0.0	77.200	31	1.980	118
0.0	77.200	55	1.480	118
0.0	77.200	94	0.240	100
0.0	77.200	85	0.240	92
0.0	77.260	73	0.230	83
0.0	77.260	97	0.250	100
0.0	77.260	89	0.250	92
0.0	77.260	82	0.230	91
0.0	77.510	65	0.220	78
0.0	77.510	61	0.220	78
0.0	77.510	91	0.240	92
0.0	77.510	101	0.240	100
0.0	77.510	58	0.220	78
0.0	77.510	77	0.220	83
0.0	77.510	85	0.220	91
0.0	77.750	89	0.250	92
0.0	77.750	73	0.220	83
0.0	77.750	82	0.220	91
0.0	77.750	97	0.250	100
0.0	78.0	77	0.230	91
0.0	78.0	70	0.230	83
0.0	78.0	94	0.240	100
0.0	78.0	85	0.240	92
0.0	78.240	69	0.230	83
0.0	78.240	84	0.250	92
0.0	78.240	76	0.230	91
0.0	78.240	93	0.250	100
0.0	78.490	94	0.260	100
0.0	78.490	85	0.260	92
0.0	78.490	77	0.230	91
0.0	78.490	57	0.260	109
0.0	78.490	70	0.230	83
0.0	78.750	82	0.240	92
0.0	78.750	67	0.230	83
0.0	78.750	58	0.240	115
0.0	78.750	73	0.230	92
0.0	78.750	91	0.240	100
0.0	78.990	60	0.490	111
0.0	78.990	48	1.260	111
0.0	78.990	36	1.810	111
0.0	78.990	65	0.230	83
0.0	78.990	74	0.230	92
0.0	78.990	24	1.810	111
0.0	78.990	89	0.250	100
0.0	78.990	81	0.250	92
0.0	79.240	84	0.260	92
0.0	79.240	69	0.230	83
0.0	79.240	93	0.260	100
0.0	79.240	77	0.230	92
0.0	79.500	57	0.230	78
0.0	79.500	81	0.230	92
0.0	79.500	89	0.250	92
0.0	79.500	65	0.230	78
0.0	79.500	96	0.250	100
0.0	79.500	72	0.230	83
0.0	79.500	60	0.230	78
0.0	79.750	77	0.230	92
0.0	79.750	84	0.250	92
0.0	79.750	69	0.230	83
0.0	79.750	93	0.250	100
0.0	80.0	80	0.250	92
0.0	80.0	89	0.250	100
0.0	80.0	74	0.230	92
0.0	80.0	65	0.230	82
0.0	80.250	73	0.230	93
0.0	80.250	88	0.250	100
0.0	80.250	79	0.250	92
0.0	80.250	50	0.250	108
0.0	80.250	64	0.230	82
0.0	80.500	52	0.250	112
0.0	80.500	89	0.250	100
0.0	80.500	74	0.230	93
0.0	80.500	80	0.250	92
0.0	80.500	65	0.230	82
0.0	80.750	86	0.250	100
0.0	80.750	53	0.250	116
0.0	80.750	71	0.230	93
0.0	80.750	77	0.250	92
0.0	80.750	62	0.230	82
0.0	81.0	76	0.250	92
0.0	81.0	55	0.230	115
0.0	81.0	70	0.230	93
0.0	81.0	67	0.230	115
0.0	81.0	60	0.230	82
0.0	81.0	84	0.250	100
0.0	81.250	66	0.230	92
0.0	81.250	83	0.250	100
0.0	81.250	59	0.230	79
0.0	81.250	75	0.250	92
0.0	81.500	76	0.250	92
0.0	81.500	67	0.230	94
0.0	81.500	48	0.230	106
0.0	81.500	60	0.230	82
0.0	81.500	36	0.230	106
0.0	81.500	84	0.250	100
0.0	81.750	86	0.250	100
0.0	81.750	62	0.230	86
0.0	81.750	69	0.230	96
0.0	81.750	77	0.250	92
0.0	82.0	70	0.230	99
0.0	82.0	60	0.230	105
0.0	82.0	72	0.230	105
0.0	82.0	64	0.230	89
0.0	82.0	79	0.250	92
0.0	82.0	88	0.250	100
0.0	82.250	76	0.250	92
0.0	82.250	84	0.250	100
0.0	82.250	67	0.230	101
0.0	82.250	60	0.230	92
0.0	82.500	64	0.230	95
0.0	82.500	70	0.230	103
0.0	82.500	48	0.230	107
0.0	82.500	60	0.230	107
0.0	82.500	88	0.250	100
0.0	82.500	79	0.250	92
0.0	82.750	69	0.230	99
0.0	82.750	84	0.250	92
0.0	82.750	76	0.230	106
0.0	82.750	93	0.250	100
0.0	83.0	82	0.230	107
0.0	83.0	91	0.230	113
0.0	83.0	74	0.230	107
0.0	83.0	67	0.230	95
0.0	83.500	81	0.230	96
0.0	83.500	65	0.230	87
0.0	83.500	72	0.230	96
0.0	83.500	89	0.230	108
0.0	84.0	74	0.680	122
0.0	84.0	73	0.680	122
0.0	84.0	84	0.680	122
0.0	84.0	83	0.680	122
0.0	84.0	76	0.680	122
0.0	84.0	68	0.680	122
0.0	84.0	69	0.680	122
0.0	84.0	75	0.680	122
0.0	84.0	81	0.680	122
0.0	84.0	72	0.680	122
0.0	84.0	80	0.680	122
0.0	84.0	66	0.680	122
0.0	84.0	78	0.680	122
0.0	84.0	64	0.680	122
0.0	84.0	85	0.680	122
0.0	84.0	87	0.680	122
0.0	85.0	70	0.230	107
0.0	85.0	79	0.230	113
0.0	85.0	62	0.230	107
0.0	85.0	55	0.230	95
0.0	85.500	69	0.230	96
0.0	85.500	53	0.230	87
0.0	85.500	60	0.230	96
0.0	85.500	77	0.230	108
0.0	86.0	66	0.680	120
0.0	86.0	82	0.680	120
0.0	86.0	81	0.680	120
0.0	86.0	85	0.680	120
0.0	86.0	70	0.680	120
0.0	86.0	72	0.680	120
0.0	86.0	84	0.680	120
0.0	86.0	64	0.680	120
0.0	86.0	77	0.680	120
0.0	86.0	75	0.680	120
0.0	86.0	67	0.680	120
0.0	86.0	88	0.680	120
0.0	86.0	76	0.680	120
0.0	86.0	71	0.680	120
0.0	86.0	65	0.680	120
0.0	87.100	40	0.680	122
0.0	87.100	33	0.680	122
0.0	87.100	29	0.680	122
0.0	87.100	36	0.680	122
0.0	87.100	48	0.680	122
0.0	87.100	25	0.680	122
0.0	87.100	43	0.680	122
0.0	88.100	55	0.680	120
0.0	88.100	77	0.680	120
0.0	88.100	69	0.680	120
0.0	88.100	83	0.680	120
0.0	88.100	62	0.680	120
0.0	88.100	70	0.680	120
0.0	88.100	60	0.680	120
0.0	88.100	67	0.680	120
0.0	88.100	58	0.680	120
0.0	88.100	64	0.680	120
0.0	88.100	57	0.680	120
0.0	88.100	76	0.680	120
0.0	88.100	65	0.680	120
0.0	88.100	81	0.680	120
0.0	88.100	53	0.680	120
0.0	88.100	74	0.680	120
0.0	88.100	52	0.680	120
0.0	88.100	79	0.680	120
0.0	88.100	72	0.680	120
0.0	89.100	50	0.230	107
0.0	89.100	67	0.230	113
0.0	89.100	43	0.230	95
0.0	89.100	58	0.230	107
0.0	89.510	57	0.230	96
0.0	89.510	41	0.230	87
0.0	89.510	48	0.230	96
0.0	89.510	65	0.230	108
0.0	90.100	36	0.230	98
0.0	90.100	60	0.230	98
0.0	90.100	48	0.230	98
0.0	90.260	50	0.230	99
0.0	90.260	38	0.230	99
0.0	90.260	62	0.230	99
0.0	90.510	60	0.230	101
0.0	90.510	36	0.230	101
0.0	90.510	48	0.230	101
0.0	90.760	46	0.230	102
0.0	90.760	58	0.230	102
0.0	90.760	34	0.230	102
0.0	91.100	45	0.230	104
0.0	91.100	33	0.230	104
0.0	91.100	57	0.230	104
0.0	91.100	72	0.600	112
0.0	91.150	76	0.400	89
0.0	91.220	77	0.300	91
0.0	91.260	34	0.230	105
0.0	91.260	58	0.230	105
0.0	91.260	46	0.230	105
0.0	91.290	79	0.400	93
0.0	91.370	81	0.400	94
0.0	91.430	83	0.400	96
0.0	91.510	57	0.230	107
0.0	91.510	33	0.230	107
0.0	91.510	84	0.400	98
0.0	91.510	45	0.230	107
0.0	91.570	86	0.400	100
0.0	91.650	88	0.400	102
0.0	91.720	89	0.300	104
0.0	91.760	55	0.230	109
0.0	91.760	43	0.230	109
0.0	91.760	31	0.230	109
0.0	91.790	91	0.400	106
0.0	91.800	74	0.300	87
0.0	91.870	93	0.400	108
0.0	91.930	95	0.400	109
0.0	92.100	53	0.750	117
0.0	92.100	41	0.750	117
0.0	92.100	29	0.750	117
0.0	92.100	93	0.230	116
0.0	92.100	96	0.230	116
0.0	92.100	57	0.230	90
0.0	92.260	60	0.230	82
0.0	92.260	86	0.230	92
0.0	92.510	65	0.230	65
0.0	92.510	84	0.230	81
0.0	92.510	72	0.230	65
0.0	92.510	77	0.230	81
0.0	92.510	62	0.230	65
0.0	92.510	74	0.230	81
0.0	92.510	69	0.230	65
0.0	92.510	81	0.230	81
0.0	92.760	57	0.120	108
0.0	92.760	33	0.120	108
0.0	92.760	60	0.230	82
0.0	92.760	86	0.230	90
0.0	92.760	45	0.120	108
0.0	93.100	53	0.230	72
0.0	93.100	48	0.230	110
0.0	93.100	96	0.230	89
0.0	93.100	93	0.230	89
0.0	93.100	60	0.230	110
0.0	93.100	57	0.230	72
0.0	93.100	36	0.230	110
0.0	93.260	60	0.230	83
0.0	93.260	86	0.230	88
0.0	93.510	72	0.230	66
0.0	93.510	65	0.230	116
0.0	93.510	53	0.230	116
0.0	93.510	62	0.230	66
0.0	93.510	74	0.230	77
0.0	93.510	41	0.230	116
0.0	93.510	69	0.230	66
0.0	93.510	77	0.230	77
0.0	93.510	84	0.230	77
0.0	93.510	81	0.230	77
0.0	93.760	86	0.230	87
0.0	93.760	60	0.230	83
0.0	94.100	42	0.270	114
0.0	94.100	96	0.230	89
0.0	94.100	54	0.270	114
0.0	94.100	93	0.230	89
0.0	94.100	66	0.270	114
0.0	94.100	53	0.230	72
0.0	94.100	57	0.230	72
0.0	94.260	53	0.270	103
0.0	94.260	41	0.270	103
0.0	94.260	86	0.230	88
0.0	94.260	65	0.260	103
0.0	94.260	60	0.230	83
0.0	94.520	55	0.260	105
0.0	94.520	84	0.230	77
0.0	94.520	77	0.230	77
0.0	94.520	67	0.260	105
0.0	94.520	69	0.230	66
0.0	94.520	72	0.230	66
0.0	94.520	65	0.230	66
0.0	94.520	81	0.230	77
0.0	94.520	62	0.230	66
0.0	94.520	74	0.230	77
0.0	94.520	43	0.260	105
0.0	94.760	86	0.230	87
0.0	94.760	60	0.230	83
0.0	94.760	56	0.270	107
0.0	94.760	44	0.270	107
0.0	94.760	68	0.270	107
0.0	95.100	45	0.270	109
0.0	95.100	96	0.230	89
0.0	95.100	69	0.270	109
0.0	95.100	53	0.230	72
0.0	95.100	57	0.270	109
0.0	95.100	93	0.230	89
0.0	95.270	86	0.230	88
0.0	95.270	68	0.260	110
0.0	95.270	60	0.230	83
0.0	95.270	56	0.260	110
0.0	95.270	44	0.260	110
0.0	95.520	65	0.230	66
0.0	95.520	70	0.260	112
0.0	95.520	77	0.230	77
0.0	95.520	46	0.260	112
0.0	95.520	72	0.230	66
0.0	95.520	62	0.230	66
0.0	95.520	81	0.230	77
0.0	95.520	74	0.230	77
0.0	95.520	58	0.260	112
0.0	95.520	84	0.230	77
0.0	95.520	69	0.230	66
0.0	95.760	86	0.230	87
0.0	95.760	60	0.230	83
0.0	95.760	47	0.270	114
0.0	95.760	71	0.270	114
0.0	95.760	59	0.270	114
0.0	96.200	96	0.230	89
0.0	96.200	48	0.780	116
0.0	96.200	57	0.230	72
0.0	96.200	53	0.230	72
0.0	96.200	93	0.230	89
0.0	96.200	72	0.500	116
0.0	96.200	60	0.250	116
0.0	96.270	86	0.230	88
0.0	96.270	60	0.500	83
0.0	96.520	74	0.230	77
0.0	96.520	62	0.230	66
0.0	96.520	77	0.230	77
0.0	96.520	84	0.230	77
0.0	96.520	65	0.230	66
0.0	96.520	69	0.230	66
0.0	96.520	72	0.280	66
0.0	96.520	81	0.230	77
0.0	96.770	74	0.260	110
0.0	96.770	86	0.230	87
0.0	96.770	50	0.260	110
0.0	96.770	62	0.260	110
0.0	96.770	60	0.230	83
0.0	97.200	52	0.230	113
0.0	97.200	93	0.230	89
0.0	97.200	57	0.230	72
0.0	97.200	64	0.230	113
0.0	97.200	96	0.230	89
0.0	97.200	53	0.230	72
0.0	97.200	76	0.230	113
0.0	97.270	60	0.230	83
0.0	97.270	86	0.230	88
0.0	97.520	77	0.230	117
0.0	97.520	53	0.230	117
0.0	97.520	72	0.230	66
0.0	97.520	62	0.230	66
0.0	97.520	74	0.230	77
0.0	97.520	65	0.230	117
0.0	97.520	69	0.230	66
0.0	97.520	84	0.230	77
0.0	97.520	81	0.230	77
0.0	97.770	86	0.230	87
0.0	97.770	60	0.230	83
0.0	98.200	57	0.230	72
0.0	98.200	96	0.230	89
0.0	98.200	53	0.230	72
0.0	98.200	48	0.230	116
0.0	98.200	93	0.230	89
0.0	98.200	72	0.230	116
0.0	98.200	60	0.230	116
0.0	98.270	60	0.230	83
0.0	98.270	86	0.230	88
0.0	98.520	57	0.230	110
0.0	98.520	62	0.230	66
0.0	98.520	74	0.230	77
0.0	98.520	72	0.230	66
0.0	98.520	65	0.230	66
0.0	98.520	81	0.230	77
0.0	98.520	77	0.230	77
0.0	98.520	69	0.230	110
0.0	98.520	84	0.230	77
0.0	98.520	45	0.230	110
0.0	98.770	60	0.230	83
0.0	98.770	86	0.230	87
0.0	99.200	41	0.230	110
0.0	99.200	65	0.230	110
0.0	99.200	96	0.230	89
0.0	99.200	57	0.230	72
0.0	99.200	53	0.230	110
0.0	99.200	93	0.230	89
0.0	99.270	60	0.230	83
0.0	99.270	86	0.230	88
0.0	99.520	62	0.230	66
0.0	99.520	72	0.230	66
0.0	99.520	74	0.230	77
0.0	99.520	64	0.230	110
0.0	99.520	84	0.230	77
0.0	99.520	52	0.230	110
0.0	99.520	69	0.230	66
0.0	99.520	81	0.230	77
0.0	99.520	40	0.230	110
0.0	99.520	65	0.230	66
0.0	99.520	77	0.230	77
0.0	99.770	86	0.230	87
0.0	99.770	60	0.230	83
0.0	100.200	94	0.230	87
0.0	100.200	96	0.230	87
0.0	100.200	54	0.230	83
0.0	100.200	95	0.230	87
0.0	100.200	51	0.750	120
0.0	100.200	63	0.750	120
0.0	100.200	59	0.230	83
0.0	100.200	39	0.750	120
0.0	100.270	66	0.230	71
0.0	100.270	89	0.230	87
0.0	100.520	71	0.230	65
0.0	100.520	72	0.230	65
0.0	100.520	84	0.230	77
0.0	100.520	82	0.230	77
0.0	100.520	70	0.230	65
0.0	100.770	66	0.230	82
0.0	100.770	62	0.250	110
0.0	100.770	89	0.230	87
0.0	100.770	38	0.250	110
0.0	100.770	50	0.250	110
0.0	101.200	94	0.230	87
0.0	101.200	48	0.230	116
0.0	101.200	54	0.230	83
0.0	101.200	60	0.230	116
0.0	101.200	36	0.230	116
0.0	101.200	95	0.230	87
0.0	101.200	96	0.230	87
0.0	101.200	59	0.230	83
0.0	101.270	89	0.230	87
0.0	101.270	66	0.230	71
0.0	101.520	39	0.750	116
0.0	101.520	72	0.230	65
0.0	101.520	70	0.230	65
0.0	101.520	63	0.750	116
0.0	101.520	82	0.230	77
0.0	101.520	51	0.750	116
0.0	101.520	71	0.230	65
0.0	101.520	84	0.230	77
0.0	101.770	66	0.230	82
0.0	101.770	89	0.230	87
0.0	102.200	94	0.230	87
0.0	102.200	96	0.230	87
0.0	102.200	95	0.230	87
0.0	102.200	59	0.230	83
0.0	102.200	54	0.230	83
0.0	102.270	50	0.250	110
0.0	102.270	38	0.250	110
0.0	102.270	62	0.250	110
0.0	102.270	66	0.230	71
0.0	102.270	89	0.230	87
0.0	102.520	84	0.230	77
0.0	102.520	82	0.230	77
0.0	102.520	48	0.380	116
0.0	102.520	71	0.230	65
0.0	102.520	36	0.380	116
0.0	102.520	72	0.230	65
0.0	102.520	70	0.230	65
0.0	102.520	60	0.380	116
0.0	102.780	89	0.230	87
0.0	102.780	66	0.230	82
0.0	103.200	39	0.760	116
0.0	103.200	54	0.230	83
0.0	103.200	63	0.760	116
0.0	103.200	94	0.230	87
0.0	103.200	51	0.760	116
0.0	103.200	95	0.230	87
0.0	103.200	96	0.230	87
0.0	103.200	59	0.230	83
0.0	103.270	89	0.230	87
0.0	103.270	66	0.230	71
0.0	103.530	82	0.230	77
0.0	103.530	84	0.230	77
0.0	103.530	72	0.230	65
0.0	103.530	71	0.230	65
0.0	103.530	70	0.230	65
0.0	103.780	62	0.240	108
0.0	103.780	66	0.230	82
0.0	103.780	38	0.240	108
0.0	103.780	89	0.230	87
0.0	103.780	50	0.240	108
0.0	104.200	94	0.230	87
0.0	104.200	95	0.230	87
0.0	104.200	96	0.230	87
0.0	104.200	36	0.230	116
0.0	104.200	54	0.230	83
0.0	104.200	60	0.230	116
0.0	104.200	48	0.230	116
0.0	104.200	59	0.230	83
0.0	104.280	66	0.230	71
0.0	104.280	89	0.230	87
0.0	104.530	71	0.230	65
0.0	104.530	72	0.230	65
0.0	104.530	39	0.750	116
0.0	104.530	51	0.750	116
0.0	104.530	82	0.230	77
0.0	104.530	84	0.230	77
0.0	104.530	63	0.750	116
0.0	104.530	70	0.230	65
0.0	104.780	66	0.230	82
0.0	104.780	89	0.230	87
0.0	105.280	50	0.250	110
0.0	105.280	38	0.250	110
0.0	105.280	89	0.230	87
0.0	105.280	66	0.230	71
0.0	105.280	62	0.250	110
0.0	105.300	54	0.230	83
0.0	105.300	59	0.230	83
0.0	105.300	94	0.230	87
0.0	105.300	95	0.230	87
0.0	105.300	96	0.230	87
0.0	105.530	72	0.230	65
0.0	105.530	48	0.230	115
0.0	105.530	60	0.230	115
0.0	105.530	84	0.230	77
0.0	105.530	70	0.230	65
0.0	105.530	36	0.230	115
0.0	105.530	71	0.230	65
0.0	105.530	82	0.230	77
0.0	105.780	89	0.230	87
0.0	105.780	66	0.230	82
0.0	106.280	66	0.230	71
0.0	106.280	89	0.230	87
0.0	106.300	95	0.230	87
0.0	106.300	51	0.750	115
0.0	106.300	63	0.750	115
0.0	106.300	94	0.230	87
0.0	106.300	59	0.230	83
0.0	106.300	96	0.230	87
0.0	106.300	39	0.750	115
0.0	106.300	54	0.230	83
0.0	106.530	82	0.230	77
0.0	106.530	72	0.230	65
0.0	106.530	70	0.230	65
0.0	106.530	84	0.230	77
0.0	106.530	71	0.230	65
0.0	106.780	38	0.250	111
0.0	106.780	89	0.230	87
0.0	106.780	50	0.250	111
0.0	106.780	62	0.250	111
0.0	106.780	66	0.230	82
0.0	107.280	89	0.230	87
0.0	107.280	66	0.230	71
0.0	107.300	48	0.230	115
0.0	107.300	59	0.230	83
0.0	107.300	94	0.230	87
0.0	107.300	36	0.230	115
0.0	107.300	54	0.230	83
0.0	107.300	96	0.230	87
0.0	107.300	60	0.230	115
0.0	107.300	95	0.230	87
0.0	107.530	84	0.230	77
0.0	107.530	72	0.230	65
0.0	107.530	82	0.230	77
0.0	107.530	71	0.230	65
0.0	107.530	63	0.750	115
0.0	107.530	39	0.750	115
0.0	107.530	51	0.750	115
0.0	107.530	70	0.230	65
0.0	107.780	94	0.230	87
0.0	107.780	96	0.230	87
0.0	107.780	95	0.230	87
0.0	107.780	54	0.230	83
0.0	107.780	58	0.230	83
0.0	108.280	84	0.230	77
0.0	108.280	72	0.230	65
0.0	108.280	38	0.250	110
0.0	108.280	70	0.230	65
0.0	108.280	50	0.250	110
0.0	108.280	71	0.230	65
0.0	108.280	62	0.250	110
0.0	108.280	82	0.230	77
0.0	108.300	89	0.230	87
0.0	108.300	66	0.230	71
0.0	108.530	84	0.230	77
0.0	108.530	36	0.230	115
0.0	108.530	71	0.230	65
0.0	108.530	48	0.230	115
0.0	108.530	70	0.230	65
0.0	108.530	72	0.230	65
0.0	108.530	82	0.230	77
0.0	108.530	60	0.230	115
0.0	108.780	96	0.230	87
0.0	108.780	94	0.230	87
0.0	108.780	58	0.230	83
0.0	108.780	95	0.230	87
0.0	108.780	54	0.230	83
0.0	109.280	71	0.230	65
0.0	109.280	72	0.230	65
0.0	109.280	84	0.230	77
0.0	109.280	82	0.230	77
0.0	109.280	70	0.230	65
0.0	109.300	46	0.230	120
0.0	109.300	34	0.230	120
0.0	109.300	58	0.230	120
0.0	109.300	66	0.230	71
0.0	109.300	89	0.230	87
0.0	109.530	93	0.230	94
0.0	109.530	53	0.230	79
0.0	109.530	33	0.250	122
0.0	109.530	96	0.230	94
0.0	109.530	45	0.250	122
0.0	109.530	57	0.250	122
0.0	109.780	89	0.230	75
0.0	109.780	58	0.250	111
0.0	109.780	46	0.250	111
0.0	109.780	34	0.250	111
0.0	109.780	65	0.230	68
0.0	110.280	89	0.230	75
0.0	110.280	50	0.250	112
0.0	110.280	62	0.250	112
0.0	110.280	65	0.230	68
0.0	110.280	38	0.250	112
0.0	110.300	36	0.250	111
0.0	110.300	60	0.250	111
0.0	110.300	74	0.230	81
0.0	110.300	81	0.230	87
0.0	110.300	69	0.230	81
0.0	110.300	84	0.230	87
0.0	110.300	48	0.250	111
0.0	110.300	77	0.230	87
0.0	110.300	72	0.230	81
0.0	110.530	99	0.230	93
0.0	110.530	94	0.230	93
0.0	110.530	57	0.230	68
0.0	110.530	53	0.230	68
0.0	110.530	37	0.250	113
0.0	110.530	61	0.250	113
0.0	110.530	49	0.250	113
0.0	110.780	35	0.260	113
0.0	110.780	89	0.230	75
0.0	110.780	65	0.230	68
0.0	110.780	47	0.260	113
0.0	110.780	59	0.260	113
0.0	111.280	58	0.250	115
0.0	111.280	34	0.250	115
0.0	111.280	65	0.230	68
0.0	111.280	46	0.250	115
0.0	111.280	89	0.230	75
0.0	111.300	82	0.230	84
0.0	111.300	48	0.240	114
0.0	111.300	67	0.230	79
0.0	111.300	60	0.240	114
0.0	111.300	77	0.230	79
0.0	111.300	69	0.230	79
0.0	111.300	87	0.230	84
0.0	111.300	72	0.230	79
0.0	111.300	36	0.240	114
0.0	111.530	33	0.260	115
0.0	111.530	92	0.230	93
0.0	111.530	45	0.260	115
0.0	111.530	60	0.230	68
0.0	111.530	96	0.230	93
0.0	111.530	57	0.260	115
0.0	111.780	63	0.230	68
0.0	111.780	59	0.250	116
0.0	111.780	89	0.230	75
0.0	111.780	35	0.250	116
0.0	111.780	47	0.250	116
0.0	112.270	56	0.260	117
0.0	112.270	44	0.260	117
0.0	112.270	63	0.230	68
0.0	112.270	89	0.230	75
0.0	112.270	32	0.260	117
0.0	112.300	34	0.240	117
0.0	112.300	46	0.240	117
0.0	112.300	80	0.230	79
0.0	112.300	84	0.230	79
0.0	112.300	68	0.230	80
0.0	112.300	87	0.230	79
0.0	112.300	58	0.240	117
0.0	112.300	77	0.230	79
0.0	112.300	72	0.230	80
0.0	112.300	65	0.230	80
0.0	112.530	31	0.250	118
0.0	112.530	55	0.250	118
0.0	112.530	99	0.230	97
0.0	112.530	60	0.230	68
0.0	112.530	94	0.230	97
0.0	112.530	96	0.230	97
0.0	112.530	43	0.250	118
0.0	112.780	89	0.230	75
0.0	112.780	45	0.250	119
0.0	112.780	57	0.250	119
0.0	112.780	65	0.230	68
0.0	112.780	33	0.250	119
0.0	113.280	30	0.250	120
0.0	113.280	42	0.250	120
0.0	113.280	65	0.230	68
0.0	113.280	89	0.230	75
0.0	113.280	54	0.250	120
0.0	113.300	56	0.250	119
0.0	113.300	32	0.250	119
0.0	113.300	68	0.230	81
0.0	113.300	87	0.230	75
0.0	113.300	82	0.230	75
0.0	113.300	70	0.230	81
0.0	113.300	44	0.250	119
0.0	113.300	75	0.230	81
0.0	113.300	84	0.230	75
0.0	113.530	93	0.230	92
0.0	113.530	29	0.750	126
0.0	113.530	57	0.230	68
0.0	113.530	96	0.230	92
0.0	113.530	41	0.750	126
0.0	113.530	53	0.750	126
0.0	113.780	86	0.230	75
0.0	113.780	60	0.230	68
0.0	114.280	86	0.230	75
0.0	114.280	57	0.120	117
0.0	114.280	45	0.120	117
0.0	114.280	33	0.120	117
0.0	114.280	60	0.230	68
0.0	114.300	65	0.230	84
0.0	114.300	69	0.230	84
0.0	114.300	84	0.230	75
0.0	114.300	72	0.230	84
0.0	114.300	77	0.230	75
0.0	114.300	81	0.230	75
0.0	114.300	62	0.230	84
0.0	114.530	89	0.230	94
0.0	114.530	65	0.230	82
0.0	114.530	60	0.230	118
0.0	114.530	69	0.230	82
0.0	114.530	93	0.230	94
0.0	114.530	48	0.230	118
0.0	114.530	36	0.230	118
0.0	114.780	72	0.230	68
0.0	114.780	86	0.230	75
0.0	115.280	72	0.230	68
0.0	115.280	84	0.230	75
0.0	115.300	65	0.230	121
0.0	115.300	41	0.230	121
0.0	115.300	53	0.230	121
0.0	115.300	81	0.230	75
0.0	115.300	77	0.230	68
0.0	115.530	84	0.230	92
0.0	115.530	68	1.500	123
0.0	115.530	56	1.0	123
0.0	115.530	89	0.230	92
0.0	115.530	44	1.500	123
0.0	115.530	65	0.230	81
0.0	115.530	60	0.230	81
0.0	115.780	70	0.230	67
0.0	115.780	82	0.230	75
0.0	116.280	80	0.230	75
0.0	116.300	77	0.230	75
0.0	116.300	72	0.230	67
0.0	116.530	43	0.230	120
0.0	116.530	80	0.230	94
0.0	116.530	56	0.230	78
0.0	116.530	55	0.230	120
0.0	116.530	84	0.230	94
0.0	116.530	67	0.230	120
0.0	116.780	77	0.230	75
0.0	116.780	65	0.230	73
0.0	117.280	81	0.230	75
0.0	117.300	69	0.230	86
0.0	117.300	72	0.230	75
0.0	117.300	41	0.230	120
0.0	117.300	53	0.230	120
0.0	117.300	65	0.230	120
0.0	117.530	45	0.250	99
0.0	117.530	69	0.250	99
0.0	117.530	57	0.250	99
0.0	117.530	67	0.250	72
0.0	117.530	79	0.250	72
0.0	117.530	81	0.250	81
0.0	117.780	46	0.260	100
0.0	117.780	58	0.260	100
0.0	117.780	64	0.250	72
0.0	117.780	65	0.250	81
0.0	117.780	70	0.260	100
0.0	117.780	77	0.250	81
0.0	117.780	76	0.250	72
0.0	118.280	50	0.250	102
0.0	118.280	74	0.250	102
0.0	118.280	77	0.240	81
0.0	118.280	65	0.240	81
0.0	118.280	76	0.240	72
0.0	118.280	64	0.240	72
0.0	118.280	62	0.250	102
0.0	118.400	71	0.240	101
0.0	118.400	67	0.240	72
0.0	118.400	47	0.240	101
0.0	118.400	69	0.240	81
0.0	118.400	81	0.240	81
0.0	118.400	59	0.240	101
0.0	118.400	79	0.240	72
0.0	118.530	65	0.240	81
0.0	118.530	49	0.240	103
0.0	118.530	77	0.240	81
0.0	118.530	63	0.240	72
0.0	118.530	73	0.240	103
0.0	118.530	75	0.240	72
0.0	118.530	61	0.240	103
0.0	118.770	48	0.250	104
0.0	118.770	60	0.250	104
0.0	118.770	74	0.240	81
0.0	118.770	72	0.250	104
0.0	118.770	62	0.240	81
0.0	119.200	45	0.240	105
0.0	119.200	69	0.240	105
0.0	119.200	65	0.240	81
0.0	119.200	77	0.240	81
0.0	119.200	63	0.240	73
0.0	119.200	57	0.240	105
0.0	119.200	75	0.240	73
0.0	119.270	74	0.240	81
0.0	119.270	72	0.250	105
0.0	119.270	48	0.250	105
0.0	119.270	60	0.250	105
0.0	119.270	62	0.240	81
0.0	119.520	69	0.240	73
0.0	119.520	70	0.240	81
0.0	119.520	57	0.240	73
0.0	119.520	58	0.240	81
0.0	119.520	62	0.240	106
0.0	119.520	74	0.240	106
0.0	119.520	50	0.240	106
0.0	119.760	59	0.240	74
0.0	119.760	63	0.250	107
0.0	119.760	72	0.240	81
0.0	119.760	75	0.250	107
0.0	119.760	60	0.240	81
0.0	119.760	71	0.240	74
0.0	119.760	51	0.250	107
0.0	120.100	58	0.240	81
0.0	120.100	76	0.240	108
0.0	120.100	69	0.240	74
0.0	120.100	57	0.240	74
0.0	120.100	64	0.240	108
0.0	120.100	52	0.240	108
0.0	120.100	70	0.240	81
0.0	120.250	55	0.250	109
0.0	120.250	60	0.250	81
0.0	120.250	72	0.250	81
0.0	120.250	67	0.250	109
0.0	120.250	79	0.250	109
0.0	120.250	59	0.250	74
0.0	120.250	71	0.250	74
0.0	120.500	65	0.490	110
0.0	120.500	53	0.260	110
0.0	120.500	77	0.490	110
0.0	120.760	69	0.250	111
0.0	120.760	57	0.250	111
0.0	120.760	81	0.250	111
0.0	121.100	64	0.240	81
0.0	121.100	59	0.240	112
0.0	121.100	83	0.240	112
0.0	121.100	76	0.240	81
0.0	121.100	71	0.240	112
0.0	121.250	72	0.260	113
0.0	121.250	84	0.260	113
0.0	121.250	75	0.250	81
0.0	121.250	63	0.250	81
0.0	121.250	60	0.260	113
0.0	121.510	78	0.250	105
0.0	121.510	64	0.380	110
0.0	121.510	76	0.380	105
0.0	121.510	60	0.450	100
0.0	121.510	85	0.250	105
0.0	121.510	72	0.380	78
0.0	121.510	57	0.250	97
0.0	121.510	80	0.250	105
0.0	121.510	52	0.450	100
0.0	121.510	73	0.250	105
0.0	121.760	74	0.250	107
0.0	121.760	81	0.250	107
0.0	121.760	79	0.250	107
0.0	121.760	58	0.250	101
0.0	121.760	65	0.250	113
0.0	121.760	86	0.250	107
0.0	121.760	61	0.250	101
0.0	122.100	75	0.250	109
0.0	122.100	62	0.250	106
0.0	122.100	80	0.250	109
0.0	122.100	87	0.250	109
0.0	122.100	59	0.250	106
0.0	122.100	66	0.250	116
0.0	122.100	82	0.250	109
0.0	122.260	88	0.130	110
0.0	122.260	60	0.130	110
0.0	122.260	69	0.130	119
0.0	122.260	64	0.130	110
0.0	122.260	83	0.130	110
0.0	122.260	76	0.130	110
0.0	122.260	81	0.130	110
0.0	122.510	52	0.750	121
0.0	122.510	28	0.750	119
0.0	122.510	45	0.750	121
0.0	122.510	40	0.750	119
0.0	122.510	103	0.750	119
0.0	122.510	48	0.750	121
0.0	122.510	95	0.750	119
0.0	122.510	57	0.750	121
0.0	122.510	93	0.750	119
0.0	123.510	76	0.380	90
0.0	123.510	57	0.250	97
0.0	123.510	60	0.450	100
0.0	123.510	64	0.380	105
0.0	123.510	52	0.450	100
0.0	123.510	80	0.250	105
0.0	123.510	78	0.250	105
0.0	123.510	85	0.250	105
0.0	123.510	73	0.250	105
0.0	123.510	72	0.380	78
0.0	123.760	86	0.250	107
0.0	123.760	79	0.250	107
0.0	123.760	61	0.250	101
0.0	123.760	65	0.250	110
0.0	123.760	81	0.250	107
0.0	123.760	58	0.250	101
0.0	123.760	74	0.250	107
0.0	124.100	87	0.250	109
0.0	124.100	66	0.250	114
0.0	124.100	75	0.250	109
0.0	124.100	59	0.250	106
0.0	124.100	62	0.250	106
0.0	124.100	82	0.250	109
0.0	124.100	80	0.250	109
0.0	124.260	83	0.130	110
0.0	124.260	60	0.130	110
0.0	124.260	69	0.130	119
0.0	124.260	81	0.130	110
0.0	124.260	76	0.130	110
0.0	124.260	64	0.130	110
0.0	124.260	88	0.130	110
0.0	124.510	103	0.750	119
0.0	124.510	45	0.750	121
0.0	124.510	40	0.750	119
0.0	124.510	28	0.750	119
0.0	124.510	57	0.750	121
0.0	124.510	93	0.750	119
0.0	124.510	48	0.750	121
0.0	124.510	95	0.750	119
0.0	124.510	52	0.750	121
0.0	125.510	40	0.250	101
0.0	125.510	83	0.250	107
0.0	125.510	54	0.250	106
0.0	125.510	78	0.250	98
0.0	125.510	64	0.250	98
0.0	125.510	69	0.250	98
0.0	125.510	88	0.250	111
0.0	125.760	89	0.250	108
0.0	125.760	65	0.250	93
0.0	125.760	55	0.250	100
0.0	125.760	41	0.250	94
0.0	125.760	84	0.250	100
0.0	125.760	79	0.250	93
0.0	125.760	70	0.250	93
0.0	126.100	54	0.250	100
0.0	126.100	83	0.250	100
0.0	126.100	40	0.250	94
0.0	126.100	88	0.250	108
0.0	126.100	78	0.250	93
0.0	126.100	64	0.250	93
0.0	126.100	69	0.250	93
0.0	126.260	86	0.250	108
0.0	126.260	81	0.250	100
0.0	126.260	52	0.250	100
0.0	126.260	38	0.250	94
0.0	126.260	67	0.250	93
0.0	126.260	62	0.250	93
0.0	126.260	76	0.250	93
0.0	126.510	65	0.250	93
0.0	126.510	50	0.250	100
0.0	126.510	60	0.250	93
0.0	126.510	84	0.250	107
0.0	126.510	36	0.250	94
0.0	126.510	74	0.250	93
0.0	126.510	79	0.250	100
0.0	126.760	67	0.250	93
0.0	126.760	38	0.250	94
0.0	126.760	76	0.250	93
0.0	126.760	86	0.250	107
0.0	126.760	52	0.250	100
0.0	126.760	81	0.250	100
0.0	126.760	62	0.250	93
0.0	127.100	74	0.250	93
0.0	127.100	60	0.250	93
0.0	127.100	50	0.250	100
0.0	127.100	84	0.250	107
0.0	127.100	79	0.250	100
0.0	127.100	36	0.250	94
0.0	127.100	65	0.250	93
0.0	127.260	64	0.250	93
0.0	127.260	35	0.250	94
0.0	127.260	78	0.250	100
0.0	127.260	83	0.250	107
0.0	127.260	59	0.250	93
0.0	127.260	73	0.250	93
0.0	127.260	49	0.250	100
0.0	127.510	70	0.230	103
0.0	127.510	76	0.230	105
0.0	127.510	69	0.230	103
0.0	127.510	81	0.230	113
0.0	127.510	33	0.230	101
0.0	127.510	64	0.230	103
0.0	127.510	45	0.230	101
0.0	127.510	47	0.230	108
0.0	127.510	40	0.230	101
0.0	127.510	57	0.230	103
0.0	128.100	64	0.120	88
0.0	128.100	52	0.120	91
0.0	128.100	57	0.120	91
0.0	128.100	60	0.120	88
0.0	128.100	69	0.120	106
0.0	128.100	59	0.120	95
0.0	128.270	52	0.110	91
0.0	128.270	60	0.110	88
0.0	128.270	59	0.110	95
0.0	128.270	64	0.110	88
0.0	128.270	57	0.110	91
0.0	128.270	69	0.110	106
0.0	128.510	64	0.210	94
0.0	128.510	60	0.210	94
0.0	128.510	59	0.210	101
0.0	128.510	52	0.210	97
0.0	128.510	69	0.210	110
0.0	128.510	57	0.210	97
0.0	129.200	59	0.190	94
0.0	129.200	69	0.190	106
0.0	129.200	57	0.190	91
0.0	129.200	64	0.190	88
0.0	129.200	52	0.190	91
0.0	129.200	60	0.190	88
0.0	129.510	64	1.340	117
0.0	129.510	61	1.840	117
0.0	129.510	60	2.100	118
0.0	129.510	54	3.100	118
0.0	129.510	49	3.610	118
0.0	129.510	66	1.100	117
0.0	129.510	70	0.340	117
0.0	129.510	72	2.100	117
0.0	129.510	36	2.100	119
0.0	129.510	52	3.340	118
0.0	129.510	48	2.100	119
0.0	129.680	71	0.170	100
0.0	129.680	73	0.170	85
0.0	129.850	70	2.220	103
0.0	129.850	74	0.170	86
0.0	130.180	76	0.170	87
0.0	130.180	68	0.170	105
0.0	130.200	75	0.170	87
0.0	130.200	69	0.170	104
0.0	130.350	67	0.170	106
0.0	130.350	77	0.170	88
0.0	130.520	78	0.170	89
0.0	130.520	66	1.330	107
0.0	130.680	79	0.170	90
0.0	130.680	65	0.170	108
0.0	130.850	64	0.880	109
0.0	130.850	80	0.170	91
0.0	131.180	82	0.170	93
0.0	131.180	62	0.170	111
0.0	131.200	81	0.170	92
0.0	131.200	63	0.170	110
0.0	131.350	61	0.220	112
0.0	131.350	83	0.170	94
0.0	131.520	60	1.330	93
0.0	131.520	72	0.670	96
0.0	131.520	36	0.250	101
0.0	131.520	48	0.250	101
0.0	131.520	84	0.170	95
0.0	131.570	61	1.230	94
0.0	131.600	73	0.800	97
0.0	131.620	62	0.600	96
0.0	131.680	59	0.170	101
0.0	131.680	74	0.800	97
0.0	131.680	63	0.500	97
0.0	131.680	85	0.170	96
0.0	131.730	64	0.890	99
0.0	131.770	36	1.350	103
0.0	131.770	48	1.350	103
0.0	131.770	75	0.800	98
0.0	131.790	65	0.600	101
0.0	131.850	58	0.170	103
0.0	131.850	86	0.170	98
0.0	131.850	66	0.670	102
0.0	131.850	76	0.800	99
0.0	131.900	67	0.600	104
0.0	131.930	77	0.800	100
0.0	131.960	68	0.600	106
0.0	132.100	79	0.800	101
0.0	132.120	71	0.600	111
0.0	132.180	88	0.170	102
0.0	132.180	80	0.800	102
0.0	132.180	56	0.170	106
0.0	132.180	72	0.930	112
0.0	132.200	69	0.500	107
0.0	132.200	78	0.800	100
0.0	132.200	57	0.170	105
0.0	132.200	35	0.250	106
0.0	132.200	47	0.250	106
0.0	132.200	87	0.170	100
0.0	132.230	71	0.600	111
0.0	132.270	81	0.800	102
0.0	132.270	46	0.250	108
0.0	132.270	34	0.250	108
0.0	132.290	70	0.830	109
0.0	132.350	69	0.500	107
0.0	132.350	82	0.800	103
0.0	132.350	89	0.170	104
0.0	132.350	55	0.170	108
0.0	132.400	68	0.600	105
0.0	132.430	83	0.800	104
0.0	132.460	67	0.600	103
0.0	132.520	66	0.600	101
0.0	132.520	33	0.250	111
0.0	132.520	90	0.170	106
0.0	132.520	54	0.600	109
0.0	132.520	45	0.250	111
0.0	132.520	84	0.800	105
0.0	132.570	65	0.500	101
0.0	132.600	85	0.800	105
0.0	132.630	64	0.490	102
0.0	132.680	86	0.800	106
0.0	132.680	91	0.170	108
0.0	132.680	53	0.170	111
0.0	132.680	63	0.500	102
0.0	132.700	70	0.230	109
0.0	132.730	62	0.600	102
0.0	132.770	87	0.800	107
0.0	132.770	32	0.250	114
0.0	132.770	44	0.250	114
0.0	132.790	61	0.330	103
0.0	132.850	88	0.800	107
0.0	132.850	92	0.170	110
0.0	132.850	52	0.270	112
0.0	132.850	60	0.270	103
0.0	132.910	59	0.500	104
0.0	132.930	89	0.800	108
0.0	132.960	58	0.600	104
0.0	133.100	91	0.800	110
0.0	133.130	55	0.600	105
0.0	133.180	50	0.170	115
0.0	133.180	94	0.170	114
0.0	133.180	92	0.800	110
0.0	133.180	54	0.600	106
0.0	133.200	93	0.170	112
0.0	133.200	43	0.250	116
0.0	133.200	57	0.500	105
0.0	133.200	31	0.250	116
0.0	133.200	90	0.800	109
0.0	133.200	51	0.170	114
0.0	133.240	53	0.500	106
0.0	133.270	42	0.250	119
0.0	133.270	93	0.800	111
0.0	133.270	30	0.250	119
0.0	133.290	52	0.600	107
0.0	133.350	49	0.110	117
0.0	133.350	94	0.800	112
0.0	133.350	95	0.800	116
0.0	133.350	51	0.500	107
0.0	133.400	50	0.600	108
0.0	133.430	95	0.800	113
0.0	133.460	49	0.600	108
0.0	133.520	96	0.460	124
0.0	133.520	57	0.230	122
0.0	133.520	93	0.230	122
0.0	133.520	41	0.760	124
0.0	133.520	29	0.760	124
0.0	133.520	48	0.510	124
0.0	133.520	53	0.760	124
0.0	133.700	56	0.600	105
0.0	133.770	86	0.230	103
0.0	133.770	60	0.230	103
0.0	134.280	86	0.230	90
0.0	134.280	57	0.110	108
0.0	134.280	45	0.110	108
0.0	134.280	60	0.230	82
0.0	134.280	33	0.110	108
0.0	134.300	72	0.220	65
0.0	134.300	84	0.220	81
0.0	134.300	69	0.220	65
0.0	134.300	77	0.220	81
0.0	134.300	62	0.220	65
0.0	134.300	81	0.220	81
0.0	134.300	74	0.220	81
0.0	134.300	65	0.220	65
0.0	134.530	53	0.230	72
0.0	134.530	96	0.230	89
0.0	134.530	60	0.230	110
0.0	134.530	36	0.230	110
0.0	134.530	57	0.230	72
0.0	134.530	48	0.230	110
0.0	134.530	93	0.230	89
0.0	134.770	60	0.230	83
0.0	134.770	86	0.230	88
0.0	135.280	60	0.230	83
0.0	135.280	86	0.230	87
0.0	135.300	72	0.230	66
0.0	135.300	69	0.230	66
0.0	135.300	84	0.230	77
0.0	135.300	62	0.230	66
0.0	135.300	53	0.230	116
0.0	135.300	41	0.230	116
0.0	135.300	65	0.230	116
0.0	135.300	74	0.230	77
0.0	135.300	77	0.230	77
0.0	135.300	81	0.230	77
0.0	135.530	66	0.260	114
0.0	135.530	93	0.230	89
0.0	135.530	54	0.260	114
0.0	135.530	53	0.230	72
0.0	135.530	42	0.260	114
0.0	135.530	96	0.230	89
0.0	135.530	57	0.230	72
0.0	135.780	41	0.260	103
0.0	135.780	53	0.260	103
0.0	135.780	65	0.250	103
0.0	135.780	60	0.230	83
0.0	135.780	86	0.230	88
0.0	136.280	68	0.260	107
0.0	136.280	86	0.230	87
0.0	136.280	56	0.260	107
0.0	136.280	60	0.230	83
0.0	136.280	44	0.260	107
0.0	136.300	55	0.260	105
0.0	136.300	84	0.230	77
0.0	136.300	69	0.230	66
0.0	136.300	43	0.260	105
0.0	136.300	74	0.230	77
0.0	136.300	77	0.230	77
0.0	136.300	67	0.260	105
0.0	136.300	72	0.230	66
0.0	136.300	81	0.230	77
0.0	136.300	62	0.230	66
0.0	136.300	65	0.230	66
0.0	136.530	53	0.230	72
0.0	136.530	93	0.230	89
0.0	136.530	69	0.260	109
0.0	136.530	45	0.260	109
0.0	136.530	96	0.230	89
0.0	136.530	57	0.260	109
0.0	136.780	60	0.230	83
0.0	136.780	86	0.230	88
0.0	136.780	68	0.270	110
0.0	136.780	44	0.270	110
0.0	136.780	56	0.270	110
0.0	137.280	86	0.230	87
0.0	137.280	47	0.260	114
0.0	137.280	60	0.230	83
0.0	137.280	71	0.260	114
0.0	137.280	59	0.260	114
0.0	137.300	65	0.230	66
0.0	137.300	84	0.230	77
0.0	137.300	46	0.260	112
0.0	137.300	72	0.230	66
0.0	137.300	77	0.230	77
0.0	137.300	81	0.230	77
0.0	137.300	70	0.260	112
0.0	137.300	74	0.230	77
0.0	137.300	62	0.230	66
0.0	137.300	58	0.260	112
0.0	137.300	69	0.230	66
0.0	137.530	57	0.230	72
0.0	137.530	48	0.790	116
0.0	137.530	93	0.230	89
0.0	137.530	60	0.250	116
0.0	137.530	96	0.230	89
0.0	137.530	72	0.500	116
0.0	137.530	53	0.230	72
0.0	137.780	86	0.230	88
0.0	137.780	60	0.500	83
0.0	138.280	62	0.270	110
0.0	138.280	50	0.270	110
0.0	138.280	86	0.230	87
0.0	138.280	74	0.270	110
0.0	138.280	60	0.230	83
0.0	138.300	81	0.230	77
0.0	138.300	77	0.230	77
0.0	138.300	65	0.230	66
0.0	138.300	62	0.230	66
0.0	138.300	72	0.290	66
0.0	138.300	69	0.230	66
0.0	138.300	74	0.230	77
0.0	138.300	84	0.230	77
0.0	138.530	93	0.230	89
0.0	138.530	57	0.230	72
0.0	138.530	64	0.230	113
0.0	138.530	76	0.230	113
0.0	138.530	53	0.230	72
0.0	138.530	96	0.230	89
0.0	138.530	52	0.230	113
0.0	138.780	86	0.230	88
0.0	138.780	60	0.230	83
0.0	139.280	60	0.230	83
0.0	139.280	86	0.230	87
0.0	139.300	77	0.230	117
0.0	139.300	53	0.230	117
0.0	139.300	65	0.230	117
0.0	139.300	69	0.230	66
0.0	139.300	72	0.230	66
0.0	139.300	74	0.230	77
0.0	139.300	81	0.230	77
0.0	139.300	62	0.230	66
0.0	139.300	84	0.230	77
0.0	139.530	72	0.130	114
0.0	139.530	96	0.230	89
0.0	139.530	48	0.130	114
0.0	139.530	57	0.230	72
0.0	139.530	60	0.130	114
0.0	139.530	53	0.230	72
0.0	139.530	93	0.230	89
0.0	139.780	86	0.230	88
0.0	139.780	57	0.130	114
0.0	139.780	60	0.230	83
0.0	139.780	69	0.130	114
0.0	139.780	45	0.130	114
0.0	140.280	86	0.230	87
0.0	140.280	57	0.130	113
0.0	140.280	69	0.130	113
0.0	140.280	45	0.130	113
0.0	140.280	60	0.230	83
0.0	140.300	84	0.230	77
0.0	140.300	81	0.230	77
0.0	140.300	69	0.230	113
0.0	140.300	45	0.130	113
0.0	140.300	65	0.230	66
0.0	140.300	57	0.130	113
0.0	140.300	77	0.230	77
0.0	140.300	62	0.230	66
0.0	140.300	72	0.230	66
0.0	140.300	74	0.230	77
0.0	140.530	93	0.230	89
0.0	140.530	41	0.230	113
0.0	140.530	96	0.230	89
0.0	140.530	65	0.230	113
0.0	140.530	53	0.230	113
0.0	140.530	57	0.230	72
0.0	140.780	60	0.230	83
0.0	140.780	86	0.230	88
0.0	141.280	60	0.230	83
0.0	141.280	86	0.230	87
0.0	141.300	81	0.230	77
0.0	141.300	74	0.230	77
0.0	141.300	52	0.230	110
0.0	141.300	62	0.230	66
0.0	141.300	69	0.230	66
0.0	141.300	64	0.230	110
0.0	141.300	65	0.230	66
0.0	141.300	72	0.230	66
0.0	141.300	77	0.230	77
0.0	141.300	84	0.230	77
0.0	141.300	40	0.230	110
0.0	141.530	39	0.750	120
0.0	141.530	95	0.230	87
0.0	141.530	54	0.230	83
0.0	141.530	96	0.230	87
0.0	141.530	51	0.750	120
0.0	141.530	58	0.230	83
0.0	141.530	63	0.750	120
0.0	141.530	94	0.230	87
0.0	141.780	89	0.230	87
0.0	141.780	66	0.230	71
0.0	142.280	66	0.230	82
0.0	142.280	50	0.260	110
0.0	142.280	62	0.260	110
0.0	142.280	89	0.230	87
0.0	142.280	38	0.260	110
0.0	142.300	84	0.230	77
0.0	142.300	71	0.230	65
0.0	142.300	70	0.230	65
0.0	142.300	82	0.230	77
0.0	142.300	72	0.230	65
0.0	142.530	95	0.230	87
0.0	142.530	48	0.230	116
0.0	142.530	94	0.230	87
0.0	142.530	96	0.230	87
0.0	142.530	36	0.230	116
0.0	142.530	58	0.230	83
0.0	142.530	54	0.230	83
0.0	142.530	60	0.230	116
0.0	142.780	89	0.230	87
0.0	142.780	66	0.230	71
0.0	143.280	95	0.230	87
0.0	143.280	54	0.230	83
0.0	143.280	58	0.230	83
0.0	143.280	94	0.230	87
0.0	143.280	96	0.230	87
0.0	143.300	71	0.230	65
0.0	143.300	84	0.230	77
0.0	143.300	39	0.760	120
0.0	143.300	70	0.230	65
0.0	143.300	51	0.760	120
0.0	143.300	72	0.230	65
0.0	143.300	63	0.760	120
0.0	143.300	82	0.230	77
0.0	143.530	66	0.230	71
0.0	143.530	89	0.230	87
0.0	143.780	71	0.230	65
0.0	143.780	70	0.230	65
0.0	143.780	84	0.230	77
0.0	143.780	72	0.230	65
0.0	143.780	50	0.250	110
0.0	143.780	62	0.250	110
0.0	143.780	38	0.250	110
0.0	143.780	82	0.230	77
0.0	144.280	95	0.230	87
0.0	144.280	54	0.230	83
0.0	144.280	94	0.230	87
0.0	144.280	58	0.230	83
0.0	144.280	96	0.230	87
0.0	144.300	36	0.230	116
0.0	144.300	60	0.230	116
0.0	144.300	89	0.230	87
0.0	144.300	48	0.230	116
0.0	144.300	66	0.230	82
0.0	144.530	51	0.750	120
0.0	144.530	89	0.230	87
0.0	144.530	66	0.230	71
0.0	144.530	63	0.750	120
0.0	144.530	39	0.750	120
0.0	144.780	82	0.230	77
0.0	144.780	70	0.230	65
0.0	144.780	72	0.230	65
0.0	144.780	71	0.230	65
0.0	144.780	84	0.230	77
0.0	145.280	66	0.230	71
0.0	145.280	89	0.230	87
0.0	145.280	62	0.250	110
0.0	145.280	38	0.250	110
0.0	145.280	50	0.250	110
0.0	145.300	58	0.230	83
0.0	145.300	94	0.230	87
0.0	145.300	54	0.230	83
0.0	145.300	96	0.230	87
0.0	145.300	95	0.230	87
0.0	145.530	48	0.230	116
0.0	145.530	70	0.230	65
0.0	145.530	84	0.230	77
0.0	145.530	71	0.230	65
0.0	145.530	82	0.230	77
0.0	145.530	60	0.230	116
0.0	145.530	72	0.230	65
0.0	145.530	36	0.230	116
0.0	145.780	66	0.230	82
0.0	145.780	89	0.230	87
0.0	146.280	89	0.230	87
0.0	146.280	66	0.230	71
0.0	146.300	54	0.230	83
0.0	146.300	58	0.230	83
0.0	146.300	94	0.230	87
0.0	146.300	96	0.230	87
0.0	146.300	51	0.750	120
0.0	146.300	39	0.750	120
0.0	146.300	63	0.750	120
0.0	146.300	95	0.230	87
0.0	146.530	72	0.230	65
0.0	146.530	82	0.230	77
0.0	146.530	84	0.230	77
0.0	146.530	70	0.230	65
0.0	146.530	71	0.230	65
0.0	146.780	54	0.230	83
0.0	146.780	62	0.250	110
0.0	146.780	95	0.230	87
0.0	146.780	58	0.230	83
0.0	146.780	94	0.230	87
0.0	146.780	96	0.230	87
0.0	146.780	50	0.250	110
0.0	146.780	38	0.250	110
0.0	147.280	71	0.230	65
0.0	147.280	72	0.230	65
0.0	147.280	82	0.230	77
0.0	147.280	70	0.230	65
0.0	147.280	84	0.230	77
0.0	147.300	89	0.230	87
0.0	147.300	66	0.230	71
0.0	147.300	60	0.230	116
0.0	147.300	36	0.230	116
0.0	147.300	48	0.230	116
0.0	147.530	51	0.750	120
0.0	147.530	39	0.750	120
0.0	147.530	66	0.230	82
0.0	147.530	89	0.230	87
0.0	147.530	63	0.750	120
0.0	147.780	58	0.230	83
0.0	147.780	54	0.230	83
0.0	147.780	96	0.230	87
0.0	147.780	95	0.230	87
0.0	147.780	94	0.230	87
0.0	148.280	50	0.250	110
0.0	148.280	72	0.230	65
0.0	148.280	84	0.230	77
0.0	148.280	38	0.250	110
0.0	148.280	62	0.250	110
0.0	148.280	70	0.230	65
0.0	148.280	82	0.230	77
0.0	148.280	71	0.230	65
0.0	148.300	66	0.230	71
0.0	148.300	89	0.230	87
0.0	148.530	48	0.230	116
0.0	148.530	54	0.230	83
0.0	148.530	94	0.230	87
0.0	148.530	96	0.230	87
0.0	148.530	36	0.230	116
0.0	148.530	58	0.230	83
0.0	148.530	60	0.230	116
0.0	148.530	95	0.230	87
0.0	148.780	66	0.230	71
0.0	148.780	89	0.230	87
0.0	149.280	89	0.230	87
0.0	149.280	66	0.230	82
0.0	149.300	70	0.230	65
0.0	149.300	39	0.750	120
0.0	149.300	84	0.230	77
0.0	149.300	51	0.750	120
0.0	149.300	82	0.230	77
0.0	149.300	63	0.750	120
0.0	149.300	71	0.230	65
0.0	149.300	72	0.230	65
0.0	149.530	94	0.230	87
0.0	149.530	95	0.230	87
0.0	149.530	54	0.230	83
0.0	149.530	96	0.230	87
0.0	149.530	58	0.230	83
0.0	149.780	38	0.260	110
0.0	149.780	89	0.230	87
0.0	149.780	62	0.260	110
0.0	149.780	66	0.230	71
0.0	149.780	50	0.260	110
0.0	150.280	58	0.230	83
0.0	150.280	94	0.230	87
0.0	150.280	96	0.230	87
0.0	150.280	54	0.230	83
0.0	150.280	95	0.230	87
0.0	150.400	60	0.230	116
0.0	150.400	82	0.230	77
0.0	150.400	84	0.230	77
0.0	150.400	48	0.230	116
0.0	150.400	70	0.230	65
0.0	150.400	36	0.230	116
0.0	150.400	71	0.230	65
0.0	150.400	72	0.230	65
0.0	150.530	63	0.750	120
0.0	150.530	66	0.230	71
0.0	150.530	39	0.750	120
0.0	150.530	89	0.230	87
0.0	150.530	51	0.750	120
0.0	150.790	82	0.230	77
0.0	150.790	72	0.230	65
0.0	150.790	84	0.230	77
0.0	150.790	71	0.230	65
0.0	150.790	70	0.230	65
0.0	151.280	54	0.230	83
0.0	151.280	96	0.230	87
0.0	151.280	50	0.260	110
0.0	151.280	95	0.230	87
0.0	151.280	62	0.260	110
0.0	151.280	58	0.230	83
0.0	151.280	94	0.230	87
0.0	151.280	38	0.260	110
0.0	151.400	66	0.230	82
0.0	151.400	89	0.230	87
0.0	151.540	66	0.230	71
0.0	151.540	48	0.230	116
0.0	151.540	89	0.230	87
0.0	151.540	60	0.230	116
0.0	151.540	36	0.230	116
0.0	151.790	70	0.230	65
0.0	151.790	72	0.230	65
0.0	151.790	84	0.230	77
0.0	151.790	71	0.230	65
0.0	151.790	82	0.230	77
0.0	152.290	38	0.180	114
0.0	152.290	62	0.180	114
0.0	152.290	66	0.230	71
0.0	152.290	89	0.230	87
0.0	152.290	50	0.180	114
0.0	152.400	95	0.230	87
0.0	152.400	96	0.230	87
0.0	152.400	63	0.180	114
0.0	152.400	94	0.230	87
0.0	152.400	39	0.180	114
0.0	152.400	54	0.230	83
0.0	152.400	51	0.180	114
0.0	152.400	58	0.230	83
0.0	152.540	84	0.230	77
0.0	152.540	36	0.180	114
0.0	152.540	60	0.180	114
0.0	152.540	72	0.230	65
0.0	152.540	70	0.230	65
0.0	152.540	48	0.180	114
0.0	152.540	82	0.230	77
0.0	152.540	71	0.230	65
0.0	152.790	39	0.180	114
0.0	152.790	89	0.230	87
0.0	152.790	63	0.180	114
0.0	152.790	66	0.230	82
0.0	152.790	51	0.180	114
0.0	153.290	66	0.230	71
0.0	153.290	60	0.190	114
0.0	153.290	48	0.190	114
0.0	153.290	89	0.230	87
0.0	153.290	36	0.190	114
0.0	153.400	38	0.180	114
0.0	153.400	58	0.230	83
0.0	153.400	94	0.230	87
0.0	153.400	54	0.230	83
0.0	153.400	96	0.230	87
0.0	153.400	62	0.180	114
0.0	153.400	50	0.180	114
0.0	153.400	95	0.230	87
0.0	153.540	70	0.230	65
0.0	153.540	63	0.180	114
0.0	153.540	39	0.180	114
0.0	153.540	84	0.230	77
0.0	153.540	71	0.230	65
0.0	153.540	82	0.230	77
0.0	153.540	72	0.230	65
0.0	153.540	51	0.180	114
0.0	153.790	58	0.230	83
0.0	153.790	50	0.180	114
0.0	153.790	62	0.180	114
0.0	153.790	38	0.180	114
0.0	153.790	95	0.230	87
0.0	153.790	94	0.230	87
0.0	153.790	54	0.230	83
0.0	153.790	96	0.230	87
0.0	154.290	72	0.230	65
0.0	154.290	70	0.230	65
0.0	154.290	71	0.230	65
0.0	154.290	51	0.380	120
0.0	154.290	82	0.230	77
0.0	154.290	84	0.230	77
0.0	154.290	39	0.380	120
0.0	154.290	63	0.380	120
0.0	154.400	66	0.230	71
0.0	154.400	36	0.190	114
0.0	154.400	48	0.190	114
0.0	154.400	60	0.190	114
0.0	154.400	89	0.230	87
0.0	154.540	66	0.230	82
0.0	154.540	89	0.230	87
0.0	154.790	55	0.230	83
0.0	154.790	96	0.230	87
0.0	154.790	62	0.190	114
0.0	154.790	58	0.230	83
0.0	154.790	94	0.230	87
0.0	154.790	38	0.190	114
0.0	154.790	95	0.230	87
0.0	154.790	50	0.190	114
0.0	155.290	71	0.230	65
0.0	155.290	72	0.230	65
0.0	155.290	70	0.230	65
0.0	155.290	82	0.230	77
0.0	155.290	84	0.230	77
0.0	155.400	36	0.380	120
0.0	155.400	66	0.230	71
0.0	155.400	60	0.380	120
0.0	155.400	48	0.380	120
0.0	155.400	89	0.230	87
0.0	155.540	63	0.750	120
0.0	155.540	39	0.750	120
0.0	155.540	58	0.230	83
0.0	155.540	96	0.230	87
0.0	155.540	95	0.230	87
0.0	155.540	54	0.230	83
0.0	155.540	51	0.750	120
0.0	155.540	94	0.230	87
0.0	155.790	89	0.230	87
0.0	155.790	66	0.230	71
0.0	156.290	38	0.250	110
0.0	156.290	62	0.250	110
0.0	156.290	66	0.230	82
0.0	156.290	50	0.250	110
0.0	156.290	89	0.230	87
0.0	156.400	70	0.230	65
0.0	156.400	82	0.230	77
0.0	156.400	72	0.230	65
0.0	156.400	71	0.230	65
0.0	156.400	84	0.230	77
0.0	156.540	54	0.230	83
0.0	156.540	48	0.230	116
0.0	156.540	94	0.230	87
0.0	156.540	96	0.230	87
0.0	156.540	36	0.230	116
0.0	156.540	60	0.230	116
0.0	156.540	95	0.230	87
0.0	156.540	58	0.230	83
0.0	156.790	66	0.230	71
0.0	156.790	89	0.230	87
0.0	157.290	95	0.230	87
0.0	157.290	96	0.230	87
0.0	157.290	94	0.230	87
0.0	157.290	58	0.230	83
0.0	157.290	54	0.230	83
0.0	157.400	39	0.750	120
0.0	157.400	51	0.750	120
0.0	157.400	63	0.750	120
0.0	157.400	72	0.230	65
0.0	157.400	70	0.230	65
0.0	157.400	71	0.230	65
0.0	157.400	82	0.230	77
0.0	157.400	84	0.230	77
0.0	157.540	89	0.230	87
0.0	157.540	66	0.230	71
0.0	157.790	70	0.230	81
0.0	157.790	84	0.230	77
0.0	157.790	82	0.230	77
0.0	157.790	50	0.260	110
0.0	157.790	38	0.260	110
0.0	157.790	62	0.260	110
0.0	158.300	71	0.220	81
0.0	158.300	76	0.220	87
0.0	158.300	72	0.220	81
0.0	158.500	36	0.230	116
0.0	158.500	89	0.230	87
0.0	158.500	60	0.230	116
0.0	158.500	67	0.230	81
0.0	158.500	48	0.230	116
0.0	158.540	94	0.230	87
0.0	158.540	51	0.180	114
0.0	158.540	96	0.230	87
0.0	158.540	63	0.180	114
0.0	158.540	39	0.180	114
0.0	158.540	54	0.230	83
0.0	158.540	95	0.230	87
0.0	158.540	58	0.230	83
0.0	158.780	89	0.230	87
0.0	158.780	66	0.230	71
0.0	158.780	50	0.190	114
0.0	158.780	62	0.190	114
0.0	158.780	38	0.190	114
0.0	159.280	39	0.190	114
0.0	159.280	84	0.230	80
0.0	159.280	63	0.190	114
0.0	159.280	67	0.230	77
0.0	159.280	51	0.190	114
0.0	159.300	36	0.180	114
0.0	159.300	60	0.180	114
0.0	159.300	82	0.220	80
0.0	159.300	48	0.180	114
0.0	159.300	70	0.220	77
0.0	159.530	38	0.180	114
0.0	159.530	62	0.180	114
0.0	159.530	50	0.180	114
0.0	159.530	71	0.220	76
0.0	159.530	89	0.220	80
0.0	159.770	72	0.230	76
0.0	159.770	36	0.180	114
0.0	159.770	48	0.180	114
0.0	159.770	60	0.180	114
0.0	159.770	76	0.230	80
0.0	160.200	54	0.230	83
0.0	160.200	63	0.740	115
0.0	160.200	94	0.230	87
0.0	160.200	39	0.740	115
0.0	160.200	95	0.230	87
0.0	160.200	58	0.230	83
0.0	160.200	51	0.740	115
0.0	160.200	96	0.230	87
0.0	160.260	66	0.230	71
0.0	160.260	89	0.230	87
0.0	160.520	72	0.230	65
0.0	160.520	82	0.230	77
0.0	160.520	84	0.230	77
0.0	160.520	70	0.230	65
0.0	160.520	71	0.230	65
0.0	160.760	62	0.250	110
0.0	160.760	89	0.230	87
0.0	160.760	38	0.250	110
0.0	160.760	66	0.230	82
0.0	160.760	50	0.250	110
0.0	161.100	95	0.230	87
0.0	161.100	60	0.230	115
0.0	161.100	94	0.230	87
0.0	161.100	58	0.230	83
0.0	161.100	54	0.230	83
0.0	161.100	96	0.230	87
0.0	161.100	48	0.230	115
0.0	161.100	36	0.230	115
0.0	161.270	66	0.230	71
0.0	161.270	89	0.230	87
0.0	161.510	82	0.230	77
0.0	161.510	70	0.230	65
0.0	161.510	71	0.230	65
0.0	161.510	46	0.230	120
0.0	161.510	58	0.230	120
0.0	161.510	84	0.230	77
0.0	161.510	72	0.230	65
0.0	161.510	34	0.230	120
0.0	161.760	66	0.230	82
0.0	161.760	89	0.230	87
0.0	162.200	93	0.220	94
0.0	162.200	53	0.220	79
0.0	162.200	96	0.220	94
0.0	162.200	45	0.240	122
0.0	162.200	57	0.240	122
0.0	162.200	33	0.240	122
0.0	162.260	46	0.250	111
0.0	162.260	89	0.230	75
0.0	162.260	65	0.230	68
0.0	162.260	58	0.250	111
0.0	162.260	34	0.250	111
0.0	162.510	48	0.250	111
0.0	162.510	36	0.250	111
0.0	162.510	84	0.230	87
0.0	162.510	77	0.230	87
0.0	162.510	60	0.250	111
0.0	162.510	72	0.230	81
0.0	162.510	81	0.230	87
0.0	162.510	74	0.230	81
0.0	162.510	69	0.230	81
0.0	162.760	62	0.250	112
0.0	162.760	89	0.230	75
0.0	162.760	50	0.250	112
0.0	162.760	65	0.230	68
0.0	162.760	38	0.250	112
0.0	163.100	57	0.230	68
0.0	163.100	49	0.250	113
0.0	163.100	53	0.230	68
0.0	163.100	37	0.250	113
0.0	163.100	99	0.230	93
0.0	163.100	61	0.250	113
0.0	163.100	94	0.230	93
0.0	163.260	35	0.250	113
0.0	163.260	89	0.230	75
0.0	163.260	65	0.230	68
0.0	163.260	47	0.250	113
0.0	163.260	59	0.250	113
0.0	163.510	87	0.230	84
0.0	163.510	82	0.230	84
0.0	163.510	36	0.250	114
0.0	163.510	68	0.230	79
0.0	163.510	48	0.250	114
0.0	163.510	70	0.230	79
0.0	163.510	75	0.230	79
0.0	163.510	60	0.250	114
0.0	163.760	34	0.250	115
0.0	163.760	58	0.250	115
0.0	163.760	89	0.230	75
0.0	163.760	46	0.250	115
0.0	163.760	65	0.230	68
0.0	164.100	60	0.230	68
0.0	164.100	45	0.250	115
0.0	164.100	33	0.250	115
0.0	164.100	57	0.250	115
0.0	164.100	96	0.230	93
0.0	164.100	92	0.230	93
0.0	164.260	35	0.250	116
0.0	164.260	63	0.230	68
0.0	164.260	59	0.250	116
0.0	164.260	89	0.230	75
0.0	164.260	47	0.250	116
0.0	164.510	34	0.250	117
0.0	164.510	68	0.230	80
0.0	164.510	77	0.230	79
0.0	164.510	84	0.230	79
0.0	164.510	80	0.230	79
0.0	164.510	87	0.230	79
0.0	164.510	72	0.230	80
0.0	164.510	46	0.250	117
0.0	164.510	58	0.250	117
0.0	164.510	65	0.230	80
0.0	164.760	63	0.230	68
0.0	164.760	89	0.230	75
0.0	164.760	32	0.250	117
0.0	164.760	56	0.250	117
0.0	164.760	44	0.250	117
0.0	165.100	99	0.230	97
0.0	165.100	31	0.250	118
0.0	165.100	43	0.250	118
0.0	165.100	94	0.230	97
0.0	165.100	55	0.250	118
0.0	165.100	60	0.230	68
0.0	165.260	57	0.250	119
0.0	165.260	45	0.250	119
0.0	165.260	89	0.230	75
0.0	165.260	33	0.250	119
0.0	165.260	65	0.230	68
0.0	165.510	84	0.230	75
0.0	165.510	56	0.250	119
0.0	165.510	87	0.230	75
0.0	165.510	68	0.230	81
0.0	165.510	70	0.230	81
0.0	165.510	75	0.230	81
0.0	165.510	32	0.250	119
0.0	165.510	44	0.250	119
0.0	165.510	82	0.230	75
0.0	165.760	54	0.250	120
0.0	165.760	30	0.250	120
0.0	165.760	42	0.250	120
0.0	165.760	89	0.230	75
0.0	165.760	65	0.230	68
0.0	166.100	69	0.240	74
0.0	166.100	53	0.750	126
0.0	166.100	84	0.240	85
0.0	166.100	41	0.750	126
0.0	166.100	96	0.240	85
0.0	166.100	72	0.240	74
0.0	166.100	29	0.750	126
0.0	166.100	65	0.240	74
0.0	166.100	93	0.240	85
0.0	166.260	77	0.240	71
0.0	166.260	86	0.240	78
0.0	166.260	89	0.240	78
0.0	166.510	84	0.240	78
0.0	166.510	75	0.240	78
0.0	166.760	81	0.240	71
0.0	166.760	33	0.120	117
0.0	166.760	79	0.240	71
0.0	166.760	57	0.120	117
0.0	166.760	45	0.120	117
0.0	167.100	36	0.230	118
0.0	167.100	89	0.240	83
0.0	167.100	48	0.230	118
0.0	167.100	93	0.240	83
0.0	167.100	81	0.240	83
0.0	167.100	60	0.230	118
0.0	167.260	86	0.240	78
0.0	167.260	84	0.240	78
0.0	167.510	51	0.230	121
0.0	167.510	81	0.240	75
0.0	167.510	39	0.230	121
0.0	167.510	72	0.240	75
0.0	167.510	63	0.230	121
0.0	167.760	79	0.240	71
0.0	167.760	75	0.240	71
0.0	168.100	67	1.500	123
0.0	168.100	43	1.500	123
0.0	168.100	89	0.240	84
0.0	168.100	77	0.240	84
0.0	168.100	86	0.240	84
0.0	168.100	55	1.500	123
0.0	168.260	84	0.240	78
0.0	168.260	81	0.240	78
0.0	168.510	79	0.240	79
0.0	168.760	72	0.240	72
0.0	168.760	75	0.240	72
0.0	169.100	85	0.240	82
0.0	169.100	73	0.240	82
0.0	169.100	66	0.230	120
0.0	169.100	54	0.230	120
0.0	169.100	42	0.230	120
0.0	169.260	77	0.240	78
0.0	169.260	83	0.240	78
0.0	169.510	41	0.230	120
0.0	169.510	65	0.230	120
0.0	169.510	64	0.240	75
0.0	169.510	72	0.240	75
0.0	169.510	53	0.230	120
0.0	169.760	70	0.240	72
0.0	169.760	66	0.240	72
0.0	170.100	57	0.450	114
0.0	170.100	82	0.150	91
0.0	170.100	67	0.170	81
0.0	170.100	46	0.450	114
0.0	170.100	70	0.330	123
0.0	170.100	64	0.230	79
0.0	170.100	34	0.450	114
0.0	170.100	62	0.230	79
0.0	170.160	86	0.150	86
0.0	170.180	74	0.170	76
0.0	170.260	63	0.230	73
0.0	170.260	65	0.230	73
0.0	170.320	82	0.150	88
0.0	170.340	70	0.170	77
0.0	170.470	74	0.150	89
0.0	170.510	64	0.230	75
0.0	170.510	66	0.230	75
0.0	170.510	77	0.170	79
0.0	170.620	75	0.160	90
0.0	170.680	70	0.170	80
0.0	170.760	67	0.230	76
0.0	170.760	65	0.230	76
0.0	170.780	76	0.150	92
0.0	170.840	77	0.170	82
0.0	170.930	79	0.150	93
0.0	171.100	68	0.230	78
0.0	171.100	66	0.230	78
0.0	171.100	74	0.170	83
0.0	171.180	79	0.170	85
0.0	171.230	81	0.160	96
0.0	171.260	69	0.230	80
0.0	171.260	67	0.230	80
0.0	171.340	74	0.170	86
0.0	171.390	82	0.150	97
0.0	171.510	79	0.170	88
0.0	171.510	70	0.230	81
0.0	171.510	68	0.230	81
0.0	171.540	86	0.160	99
0.0	171.680	77	0.170	90
0.0	171.700	85	0.150	100
0.0	171.760	69	0.230	83
0.0	171.760	71	0.230	83
0.0	171.800	77	0.150	95
0.0	171.840	82	0.170	91
0.0	171.850	89	0.150	101
0.0	172.100	86	0.140	103
0.0	172.100	70	0.230	84
0.0	172.100	72	0.230	84
0.0	172.100	77	0.170	93
0.0	172.150	89	0.140	104
0.0	172.180	82	0.170	94
0.0	172.260	71	0.230	86
0.0	172.260	73	0.230	86
0.0	172.290	90	0.140	105
0.0	172.340	79	0.170	96
0.0	172.430	91	0.140	107
0.0	172.510	74	0.230	88
0.0	172.510	72	0.230	88
0.0	172.510	86	0.170	97
0.0	172.580	92	0.140	108
0.0	172.680	79	0.170	99
0.0	172.720	94	0.140	109
0.0	172.760	75	0.230	89
0.0	172.760	73	0.230	89
0.0	172.840	86	0.170	100
0.0	172.870	93	0.140	110
0.0	173.100	74	0.160	91
0.0	173.100	82	0.170	102
0.0	173.100	76	0.160	91
0.0	173.100	94	0.140	112
0.0	173.150	95	0.140	113
0.0	173.180	89	0.170	104
0.0	173.210	73	0.160	93
0.0	173.210	75	0.160	93
0.0	173.290	96	0.140	114
0.0	173.340	82	0.170	105
0.0	173.410	74	0.160	96
0.0	173.410	76	0.160	96
0.0	173.430	97	0.140	116
0.0	173.510	89	0.170	107
0.0	173.580	98	0.140	117
0.0	173.610	75	0.160	99
0.0	173.610	77	0.160	99
0.0	173.680	86	0.170	108
0.0	173.720	99	0.140	118
0.0	173.810	78	0.160	102
0.0	173.810	76	0.160	102
0.0	173.840	91	0.170	110
0.0	173.860	100	0.140	119
0.0	174.100	62	0.230	104
0.0	174.100	101	0.230	121
0.0	174.100	50	0.230	104
0.0	174.100	96	0.230	121
0.0	174.100	59	0.230	118
0.0	174.100	74	0.230	111
0.0	174.100	35	0.230	118
0.0	174.100	55	0.230	104
0.0	174.100	89	0.230	121
0.0	174.100	67	0.230	111
0.0	174.100	91	0.230	121
0.0	174.100	71	0.230	111
0.0	174.100	47	0.230	118
0.0	174.500	53	0.980	111
0.0	174.500	67	0.980	118
0.0	174.500	72	0.980	118
0.0	174.500	94	0.980	124
0.0	174.500	77	0.980	118
0.0	174.500	60	0.980	111
0.0	174.500	55	0.510	111
0.0	174.500	93	0.980	124
0.0	174.500	100	0.980	124
0.0	174.500	105	0.980	124
0.0	174.500	65	0.980	111
0.0	175.100	55	0.480	114
0.0	175.100	31	0.230	114
0.0	175.100	43	0.230	114
