Track	Start_Time	Pitch	Duration	Dynamic
0.0	0.0	48	1.0	95
0.0	0.0	55	1.0	95
0.0	0.0	60	1.0	95
1.0	0.0	55	1.0	95
1.0	0.0	48	1.0	95
1.0	0.0	60	1.0	95
4.0	0.0	60	0.230	95
5.0	0.0	63	0.230	95
6.0	0.0	36	1.0	95
7.0	0.0	46	1.0	95
7.0	0.0	36	1.0	95
9.0	0.0	48	1.0	95
9.0	0.0	60	1.0	95
9.0	0.0	63	1.0	95
9.0	0.0	67	1.0	95
4.0	0.230	55	0.250	95
5.0	0.480	65	0.250	95
4.0	0.480	62	0.250	95
4.0	0.730	55	0.270	95
7.0	1.0	42	1.0	15
4.0	1.0	63	0.230	95
5.0	1.0	67	0.230	95
4.0	1.230	55	0.250	95
4.0	1.480	60	0.250	95
5.0	1.480	63	0.250	95
4.0	1.730	55	0.270	95
4.0	2.0	62	0.230	95
5.0	2.0	65	0.230	95
4.0	2.230	55	0.250	95
4.0	2.480	63	0.250	95
5.0	2.480	67	0.250	95
4.0	2.730	55	0.270	95
4.0	3.0	65	0.230	95
5.0	3.0	68	0.230	95
4.0	3.230	55	0.250	95
4.0	3.480	62	0.250	95
5.0	3.480	65	0.250	95
4.0	3.730	55	0.270	95
4.0	4.0	70	0.230	95
5.0	4.0	67	0.480	95
4.0	4.230	55	0.250	95
4.0	4.480	67	0.250	95
5.0	4.480	63	0.250	95
4.0	4.730	55	0.270	95
4.0	5.0	68	0.230	95
5.0	5.0	65	0.480	95
4.0	5.230	55	0.250	95
4.0	5.480	65	0.250	95
5.0	5.480	62	0.250	95
4.0	5.730	55	0.270	95
4.0	6.0	67	0.230	95
5.0	6.0	63	0.480	95
4.0	6.230	55	0.250	95
4.0	6.480	63	0.250	95
5.0	6.480	60	0.250	95
4.0	6.730	55	0.270	95
4.0	7.0	65	0.230	95
7.0	7.0	36	0.230	95
5.0	7.0	62	0.480	95
7.0	7.0	38	0.230	50
7.0	7.230	36	0.250	95
7.0	7.230	38	0.250	50
4.0	7.230	55	0.250	95
5.0	7.480	58	0.250	95
4.0	7.480	62	0.250	95
7.0	7.480	36	0.520	95
7.0	7.480	38	0.520	50
7.0	7.730	36	0.270	95
7.0	7.730	38	8.0	50
4.0	7.730	55	0.270	95
1.0	8.0	48	1.0	95
5.0	8.0	63	0.230	95
0.0	8.0	48	1.0	95
6.0	8.0	36	1.0	95
7.0	8.0	36	8.0	95
1.0	8.0	60	1.0	95
0.0	8.0	55	1.0	95
1.0	8.0	55	1.0	95
9.0	8.0	63	1.0	95
4.0	8.0	60	0.230	95
9.0	8.0	48	1.0	95
0.0	8.0	60	1.0	95
9.0	8.0	60	1.0	95
7.0	8.0	46	1.0	95
9.0	8.0	67	1.0	95
4.0	8.230	55	0.250	95
5.0	8.480	65	0.250	95
4.0	8.480	62	0.250	95
4.0	8.730	55	0.270	95
4.0	9.0	63	0.230	95
5.0	9.0	67	0.230	95
7.0	9.0	42	1.0	15
4.0	9.230	55	0.250	95
4.0	9.480	60	0.250	95
5.0	9.480	63	0.250	95
4.0	9.730	55	0.270	95
4.0	10.0	62	0.230	95
5.0	10.0	65	0.230	95
4.0	10.230	55	0.250	95
4.0	10.480	63	0.250	95
5.0	10.480	67	0.250	95
4.0	10.730	55	0.270	95
4.0	11.0	65	0.230	95
5.0	11.0	68	0.230	95
4.0	11.230	55	0.250	95
4.0	11.480	62	0.250	95
5.0	11.480	65	0.250	95
4.0	11.730	55	0.270	95
4.0	12.0	70	0.230	95
5.0	12.0	67	0.480	95
4.0	12.230	55	0.250	95
4.0	12.480	67	0.250	95
5.0	12.480	63	0.250	95
4.0	12.730	55	0.270	95
4.0	13.0	68	0.230	95
5.0	13.0	65	0.480	95
4.0	13.230	55	0.250	95
4.0	13.480	65	0.250	95
5.0	13.480	62	0.250	95
4.0	13.730	55	0.270	95
4.0	14.0	67	0.230	95
5.0	14.0	63	0.480	95
4.0	14.230	55	0.250	95
4.0	14.480	63	0.250	95
5.0	14.480	60	0.250	95
4.0	14.730	55	0.270	95
4.0	15.0	65	0.230	95
5.0	15.0	62	0.480	95
4.0	15.230	55	0.250	95
4.0	15.480	62	0.250	95
5.0	15.480	58	0.250	95
4.0	15.730	55	0.270	95
0.0	16.0	58	8.0	95
7.0	16.0	36	8.0	95
0.0	16.0	53	8.0	95
5.0	16.0	63	0.230	95
1.0	16.0	46	8.0	95
9.0	16.0	62	8.0	95
7.0	16.0	57	4.0	95
0.0	16.0	46	8.0	95
9.0	16.0	65	8.0	95
6.0	16.0	34	8.0	95
4.0	16.0	60	0.230	95
9.0	16.0	58	8.0	95
1.0	16.0	58	8.0	95
1.0	16.0	53	8.0	95
9.0	16.0	46	8.0	95
4.0	16.230	55	0.250	95
5.0	16.480	65	0.250	95
4.0	16.480	62	0.250	95
4.0	16.730	55	0.270	95
5.0	17.0	67	0.230	95
4.0	17.0	63	0.230	95
4.0	17.230	55	0.250	95
5.0	17.480	63	0.250	95
4.0	17.480	60	0.250	95
4.0	17.730	55	0.270	95
5.0	18.0	65	0.230	95
4.0	18.0	62	0.230	95
4.0	18.230	55	0.250	95
5.0	18.480	67	0.250	95
4.0	18.480	63	0.250	95
4.0	18.730	55	0.270	95
5.0	19.0	68	0.230	95
4.0	19.0	65	0.230	95
4.0	19.230	55	0.250	95
5.0	19.480	65	0.250	95
4.0	19.480	62	0.250	95
4.0	19.730	55	0.270	95
5.0	20.0	67	0.480	95
4.0	20.0	70	0.230	95
4.0	20.230	55	0.250	95
5.0	20.480	63	0.250	95
4.0	20.480	67	0.250	95
4.0	20.730	55	0.270	95
5.0	21.0	65	0.480	95
4.0	21.0	68	0.230	95
4.0	21.230	55	0.250	95
5.0	21.480	62	0.250	95
4.0	21.480	65	0.250	95
4.0	21.730	55	0.270	95
5.0	22.0	63	0.480	95
4.0	22.0	67	0.230	95
4.0	22.230	55	0.250	95
5.0	22.480	60	0.250	95
4.0	22.480	63	0.250	95
4.0	22.730	55	0.270	95
5.0	23.0	62	0.480	95
4.0	23.0	65	0.230	95
4.0	23.230	55	0.250	95
5.0	23.480	58	0.250	95
4.0	23.480	62	0.250	95
4.0	23.730	55	0.270	95
7.0	24.0	46	1.0	95
6.0	24.0	32	1.0	95
9.0	24.0	44	1.0	95
1.0	24.0	56	1.0	95
0.0	24.0	51	1.0	95
0.0	24.0	56	1.0	95
9.0	24.0	60	1.0	95
1.0	24.0	51	1.0	95
7.0	24.0	36	8.0	95
5.0	24.0	63	0.230	95
9.0	24.0	63	1.0	95
4.0	24.0	60	0.230	95
0.0	24.0	44	1.0	95
1.0	24.0	44	1.0	95
9.0	24.0	68	1.0	95
4.0	24.230	55	0.250	95
4.0	24.480	62	0.250	95
5.0	24.480	65	0.250	95
4.0	24.730	55	0.270	95
4.0	25.0	63	0.230	95
7.0	25.0	42	1.0	15
5.0	25.0	67	0.230	95
4.0	25.230	55	0.250	95
5.0	25.480	63	0.250	95
4.0	25.480	60	0.250	95
4.0	25.730	55	0.270	95
5.0	26.0	65	0.230	95
4.0	26.0	62	0.230	95
4.0	26.230	55	0.250	95
5.0	26.480	67	0.250	95
4.0	26.480	63	0.250	95
4.0	26.730	55	0.270	95
5.0	27.0	68	0.230	95
4.0	27.0	65	0.230	95
4.0	27.230	55	0.250	95
5.0	27.480	65	0.250	95
4.0	27.480	62	0.250	95
4.0	27.730	55	0.270	95
1.0	28.0	43	4.0	95
1.0	28.0	55	4.0	95
1.0	28.0	50	4.0	95
0.0	28.0	43	4.0	95
9.0	28.0	59	4.0	95
6.0	28.0	31	4.0	95
7.0	28.0	36	4.0	95
0.0	28.0	50	4.0	95
7.0	28.0	49	4.0	95
9.0	28.0	62	4.0	95
0.0	28.0	55	4.0	95
4.0	28.0	70	0.230	95
5.0	28.0	67	0.480	95
9.0	28.0	43	4.0	95
9.0	28.0	67	4.0	95
4.0	28.230	55	0.250	95
4.0	28.480	67	0.250	95
5.0	28.480	63	0.250	95
4.0	28.730	55	0.270	95
4.0	29.0	68	0.230	95
5.0	29.0	65	0.480	95
4.0	29.230	55	0.250	95
4.0	29.480	65	0.250	95
5.0	29.480	62	0.250	95
4.0	29.730	55	0.270	95
4.0	30.0	67	0.230	95
5.0	30.0	63	0.480	95
4.0	30.230	55	0.250	95
4.0	30.480	63	0.250	95
5.0	30.480	60	0.250	95
4.0	30.730	55	0.270	95
4.0	31.0	65	0.230	95
5.0	31.0	62	0.480	95
4.0	31.230	55	0.250	95
4.0	31.480	62	0.250	95
5.0	31.480	58	0.250	95
4.0	31.730	55	0.270	95
4.0	32.0	60	0.230	95
1.0	32.0	55	8.0	95
9.0	32.0	60	1.0	95
7.0	32.0	36	7.230	95
5.0	32.0	63	0.230	95
0.0	32.0	55	8.0	95
1.0	32.0	60	1.0	95
1.0	32.0	48	1.0	95
9.0	32.0	48	1.0	95
0.0	32.0	60	1.0	95
9.0	32.0	67	8.0	95
0.0	32.0	48	1.0	95
7.0	32.0	46	1.0	95
6.0	32.0	36	1.0	95
9.0	32.0	63	1.0	95
4.0	32.230	55	0.250	95
5.0	32.480	65	0.250	95
4.0	32.480	62	0.250	95
4.0	32.730	55	0.270	95
4.0	33.0	63	0.230	95
7.0	33.0	42	1.0	15
5.0	33.0	67	0.230	95
4.0	33.230	55	0.250	95
4.0	33.480	60	0.250	95
5.0	33.480	63	0.250	95
4.0	33.730	55	0.270	95
4.0	34.0	62	0.230	95
5.0	34.0	65	0.230	95
4.0	34.230	55	0.250	95
4.0	34.480	63	0.250	95
5.0	34.480	67	0.250	95
4.0	34.730	55	0.270	95
4.0	35.0	65	0.230	95
5.0	35.0	68	0.230	95
4.0	35.230	55	0.250	95
4.0	35.480	62	0.250	95
5.0	35.480	65	0.250	95
4.0	35.730	55	0.270	95
4.0	36.0	70	0.230	95
5.0	36.0	67	0.480	95
4.0	36.230	55	0.250	95
4.0	36.480	67	0.250	95
5.0	36.480	63	0.250	95
4.0	36.730	55	0.270	95
4.0	37.0	68	0.230	95
5.0	37.0	65	0.480	95
4.0	37.230	55	0.250	95
4.0	37.480	65	0.250	95
5.0	37.480	62	0.250	95
4.0	37.730	55	0.270	95
4.0	38.0	67	0.230	95
5.0	38.0	63	0.480	95
4.0	38.230	55	0.250	95
4.0	38.480	63	0.250	95
5.0	38.480	60	0.250	95
4.0	38.730	55	0.270	95
5.0	39.0	62	0.480	95
7.0	39.0	38	0.230	50
7.0	39.0	36	0.230	95
4.0	39.0	65	0.230	95
7.0	39.230	38	0.500	50
7.0	39.230	36	0.500	95
4.0	39.230	55	0.250	95
4.0	39.480	62	0.250	95
7.0	39.480	38	0.250	50
5.0	39.480	58	0.250	95
7.0	39.480	36	0.250	95
7.0	39.730	36	0.270	95
7.0	39.730	38	8.0	50
4.0	39.730	55	0.270	95
7.0	40.0	36	8.0	95
4.0	40.0	60	0.230	95
1.0	40.0	48	1.0	95
1.0	40.0	60	1.0	95
6.0	40.0	36	1.0	95
0.0	40.0	48	1.0	95
9.0	40.0	60	1.0	95
5.0	40.0	63	0.230	95
7.0	40.0	46	1.0	95
1.0	40.0	55	8.0	95
0.0	40.0	55	8.0	95
0.0	40.0	60	1.0	95
9.0	40.0	48	1.0	95
9.0	40.0	63	1.0	95
9.0	40.0	67	8.0	95
4.0	40.230	55	0.250	95
5.0	40.480	65	0.250	95
4.0	40.480	62	0.250	95
4.0	40.730	55	0.270	95
5.0	41.0	67	0.230	95
4.0	41.0	63	0.230	95
7.0	41.0	42	1.0	15
4.0	41.230	55	0.250	95
4.0	41.480	60	0.250	95
5.0	41.480	63	0.250	95
4.0	41.730	55	0.270	95
4.0	42.0	62	0.230	95
5.0	42.0	65	0.230	95
4.0	42.230	55	0.250	95
4.0	42.480	63	0.250	95
5.0	42.480	67	0.250	95
4.0	42.730	55	0.270	95
4.0	43.0	65	0.230	95
5.0	43.0	68	0.230	95
4.0	43.230	55	0.250	95
4.0	43.480	62	0.250	95
5.0	43.480	65	0.250	95
4.0	43.730	55	0.270	95
4.0	44.0	70	0.230	95
5.0	44.0	67	0.480	95
4.0	44.230	55	0.250	95
4.0	44.480	67	0.250	95
5.0	44.480	63	0.250	95
4.0	44.730	55	0.270	95
4.0	45.0	68	0.230	95
5.0	45.0	65	0.480	95
4.0	45.230	55	0.250	95
4.0	45.480	65	0.250	95
5.0	45.480	62	0.250	95
4.0	45.730	55	0.270	95
4.0	46.0	67	0.230	95
5.0	46.0	63	0.480	95
4.0	46.230	55	0.250	95
4.0	46.480	63	0.250	95
5.0	46.480	60	0.250	95
4.0	46.730	55	0.270	95
4.0	47.0	65	0.230	95
5.0	47.0	62	0.480	95
4.0	47.230	55	0.250	95
4.0	47.480	62	0.250	95
5.0	47.480	58	0.250	95
4.0	47.730	55	0.270	95
1.0	48.0	44	8.0	95
0.0	48.0	44	8.0	95
9.0	48.0	63	8.0	95
0.0	48.0	51	8.0	95
7.0	48.0	57	4.0	95
9.0	48.0	60	8.0	95
1.0	48.0	56	8.0	95
0.0	48.0	56	8.0	95
7.0	48.0	36	8.0	95
6.0	48.0	32	8.0	95
5.0	48.0	63	0.230	95
9.0	48.0	68	8.0	95
1.0	48.0	51	8.0	95
9.0	48.0	44	8.0	95
4.0	48.0	60	0.230	95
4.0	48.230	55	0.250	95
5.0	48.480	65	0.250	95
4.0	48.480	62	0.250	95
4.0	48.730	55	0.270	95
5.0	49.0	67	0.230	95
4.0	49.0	63	0.230	95
4.0	49.230	55	0.250	95
5.0	49.480	63	0.250	95
4.0	49.480	60	0.250	95
4.0	49.730	55	0.270	95
5.0	50.0	65	0.230	95
4.0	50.0	62	0.230	95
4.0	50.230	55	0.250	95
5.0	50.480	67	0.250	95
4.0	50.480	63	0.250	95
4.0	50.730	55	0.270	95
5.0	51.0	68	0.230	95
4.0	51.0	65	0.230	95
4.0	51.230	55	0.250	95
5.0	51.480	65	0.250	95
4.0	51.480	62	0.250	95
4.0	51.730	55	0.270	95
5.0	52.0	67	0.480	95
4.0	52.0	70	0.230	95
4.0	52.230	55	0.250	95
5.0	52.480	63	0.250	95
4.0	52.480	67	0.250	95
4.0	52.730	55	0.270	95
5.0	53.0	65	0.480	95
4.0	53.0	68	0.230	95
4.0	53.230	55	0.250	95
5.0	53.480	62	0.250	95
4.0	53.480	65	0.250	95
4.0	53.730	55	0.270	95
5.0	54.0	63	0.480	95
4.0	54.0	67	0.230	95
4.0	54.230	55	0.250	95
5.0	54.480	60	0.250	95
4.0	54.480	63	0.250	95
4.0	54.730	55	0.270	95
5.0	55.0	62	0.480	95
4.0	55.0	65	0.230	95
4.0	55.230	55	0.250	95
5.0	55.480	58	0.250	95
4.0	55.480	62	0.250	95
4.0	55.730	55	0.270	95
7.0	56.0	36	5.0	95
7.0	56.0	46	1.0	95
4.0	56.0	60	0.230	95
5.0	56.0	63	0.230	95
9.0	56.0	62	1.0	95
6.0	56.0	31	1.0	95
1.0	56.0	50	1.0	95
1.0	56.0	43	1.0	95
0.0	56.0	50	1.0	95
9.0	56.0	59	1.0	95
1.0	56.0	55	4.730	95
0.0	56.0	55	4.730	95
0.0	56.0	43	1.0	95
9.0	56.0	67	4.730	95
9.0	56.0	43	1.0	95
4.0	56.230	55	0.250	95
4.0	56.480	62	0.250	95
5.0	56.480	65	0.250	95
4.0	56.730	55	0.270	95
7.0	57.0	42	1.0	15
5.0	57.0	67	0.230	95
4.0	57.0	63	0.230	95
4.0	57.230	55	0.250	95
5.0	57.480	63	0.250	95
4.0	57.480	60	0.250	95
4.0	57.730	55	0.270	95
5.0	58.0	65	0.230	95
4.0	58.0	62	0.230	95
4.0	58.230	55	0.250	95
5.0	58.480	67	0.250	95
4.0	58.480	63	0.250	95
4.0	58.730	55	0.270	95
5.0	59.0	68	0.230	95
4.0	59.0	65	0.230	95
4.0	59.230	55	0.250	95
5.0	59.480	65	0.250	95
4.0	59.480	62	0.250	95
4.0	59.730	55	0.270	95
1.0	60.0	50	0.730	95
7.0	60.0	42	1.0	95
7.0	60.0	38	1.0	95
1.0	60.0	55	1.730	95
9.0	60.0	62	0.730	95
0.0	60.0	43	0.730	95
4.0	60.0	70	0.230	95
0.0	60.0	50	0.730	95
5.0	60.0	67	0.230	79
9.0	60.0	59	0.730	95
0.0	60.0	55	1.730	95
7.0	60.0	36	1.0	95
6.0	60.0	31	0.730	95
9.0	60.0	43	0.730	95
1.0	60.0	43	0.730	95
9.0	60.0	67	1.730	95
5.0	60.230	63	0.250	79
4.0	60.230	67	0.250	95
5.0	60.480	60	0.250	79
4.0	60.480	63	0.250	95
5.0	60.730	55	0.270	79
4.0	60.730	60	0.270	95
5.0	61.0	50	0.230	63
1.0	61.0	43	0.730	95
4.0	61.0	55	0.230	95
9.0	61.0	59	0.730	95
6.0	61.0	31	0.730	95
7.0	61.0	36	1.0	95
7.0	61.0	38	1.0	95
9.0	61.0	62	0.730	95
0.0	61.0	43	0.730	95
7.0	61.0	42	1.0	95
9.0	61.0	67	1.730	95
1.0	61.0	55	1.730	95
0.0	61.0	55	1.730	95
9.0	61.0	43	0.730	95
1.0	61.0	50	0.730	95
0.0	61.0	50	0.730	95
5.0	61.230	55	0.250	63
4.0	61.230	60	0.250	95
5.0	61.480	60	0.250	79
4.0	61.480	63	0.250	76
5.0	61.730	63	0.270	79
4.0	61.730	67	0.270	95
7.0	62.0	42	8.0	95
9.0	62.0	59	0.730	95
1.0	62.0	43	0.730	95
9.0	62.0	43	0.730	95
5.0	62.0	67	0.230	79
0.0	62.0	43	0.730	95
1.0	62.0	55	2.480	95
0.0	62.0	50	0.730	95
6.0	62.0	31	0.730	95
1.0	62.0	50	0.730	95
7.0	62.0	38	3.0	95
4.0	62.0	70	0.230	95
9.0	62.0	62	0.730	95
0.0	62.0	55	2.480	95
7.0	62.0	36	2.480	95
9.0	62.0	67	8.0	95
5.0	62.230	68	0.250	63
4.0	62.230	72	0.250	76
5.0	62.480	67	0.250	63
4.0	62.480	70	0.250	76
5.0	62.730	63	0.270	79
4.0	62.730	67	0.270	95
5.0	63.0	60	0.230	79
4.0	63.0	63	0.230	95
5.0	63.230	55	0.250	79
4.0	63.230	60	0.250	95
5.0	63.480	60	0.250	79
4.0	63.480	63	0.250	95
5.0	63.730	63	0.270	79
4.0	63.730	67	0.270	95
7.0	64.0	57	0.480	95
6.0	64.0	36	0.480	95
7.0	64.0	36	1.230	95
0.0	64.0	55	8.0	95
9.0	64.0	63	8.0	95
1.0	64.0	55	8.0	95
2.0	64.0	75	0.230	95
9.0	64.0	67	8.0	95
3.0	64.0	72	0.230	79
9.0	64.0	48	8.0	95
9.0	64.0	60	8.0	95
0.0	64.0	48	0.480	95
1.0	64.0	48	0.480	95
2.0	64.230	75	0.250	95
3.0	64.230	72	0.250	79
2.0	64.480	75	0.250	95
7.0	64.480	38	1.520	95
7.0	64.480	46	0.520	95
6.0	64.480	36	0.250	95
1.0	64.480	48	0.250	95
0.0	64.480	48	0.250	95
3.0	64.480	72	0.250	79
2.0	64.730	75	1.0	95
3.0	64.730	72	1.0	79
0.0	64.730	48	0.270	95
1.0	64.730	48	0.270	95
6.0	64.730	36	0.270	95
7.0	65.0	36	0.230	95
3.0	65.0	67	0.230	79
7.0	65.0	46	1.0	95
0.0	65.0	48	0.230	95
2.0	65.0	72	0.230	95
1.0	65.0	48	0.230	95
6.0	65.0	36	0.230	95
3.0	65.230	67	1.500	79
6.0	65.230	36	0.250	95
2.0	65.230	72	1.500	95
7.0	65.230	36	1.250	95
0.0	65.230	48	0.250	95
1.0	65.230	48	0.250	95
6.0	65.480	36	0.250	95
0.0	65.480	48	0.250	95
7.0	65.480	46	0.520	95
7.0	65.480	38	1.520	95
2.0	65.480	75	0.250	95
3.0	65.480	72	0.250	79
1.0	65.480	48	0.250	95
2.0	65.730	75	0.270	95
1.0	65.730	48	0.270	95
3.0	65.730	72	0.270	79
0.0	65.730	48	0.270	95
6.0	65.730	36	0.270	95
0.0	66.0	48	0.230	95
6.0	66.0	36	0.230	95
1.0	66.0	48	0.230	95
3.0	66.0	72	0.230	79
2.0	66.0	75	0.230	95
7.0	66.0	36	1.230	95
7.0	66.0	46	0.480	95
0.0	66.230	48	0.250	95
2.0	66.230	75	1.0	95
6.0	66.230	36	0.500	95
3.0	66.230	72	1.0	79
1.0	66.230	48	0.250	95
1.0	66.480	48	0.250	95
7.0	66.480	38	1.520	95
3.0	66.480	67	0.250	79
0.0	66.480	48	0.250	95
6.0	66.480	36	0.250	95
2.0	66.480	72	0.250	95
7.0	66.480	46	0.520	95
3.0	66.730	67	1.0	79
2.0	66.730	72	1.0	95
0.0	66.730	48	0.270	95
1.0	66.730	48	0.270	95
6.0	66.730	36	0.270	95
2.0	67.0	75	0.230	95
3.0	67.0	72	0.230	79
7.0	67.0	46	1.0	95
1.0	67.0	48	0.230	95
0.0	67.0	48	0.230	95
7.0	67.0	36	0.230	95
6.0	67.0	36	0.230	95
0.0	67.230	48	0.250	95
3.0	67.230	72	1.0	79
1.0	67.230	48	0.250	95
6.0	67.230	36	0.250	95
2.0	67.230	75	1.0	95
7.0	67.230	36	1.250	95
3.0	67.480	67	0.250	79
6.0	67.480	36	0.250	95
2.0	67.480	72	0.250	95
7.0	67.480	46	0.520	95
7.0	67.480	38	1.520	95
1.0	67.480	48	0.250	95
0.0	67.480	48	0.250	95
1.0	67.730	48	0.270	95
2.0	67.730	72	1.500	95
3.0	67.730	67	1.500	79
0.0	67.730	48	0.270	95
6.0	67.730	36	0.270	95
7.0	68.0	46	0.480	95
7.0	68.0	36	1.230	95
6.0	68.0	36	0.230	95
1.0	68.0	48	0.230	95
3.0	68.0	72	0.480	79
0.0	68.0	48	0.230	95
2.0	68.0	75	0.230	95
0.0	68.230	48	0.250	95
3.0	68.230	72	0.250	79
6.0	68.230	36	0.250	95
2.0	68.230	75	0.250	95
1.0	68.230	48	0.250	95
7.0	68.480	38	1.520	95
6.0	68.480	36	0.250	95
7.0	68.480	46	0.520	95
1.0	68.480	48	0.250	95
2.0	68.480	75	0.250	95
3.0	68.480	72	0.250	79
0.0	68.480	48	0.250	95
6.0	68.730	36	0.270	95
1.0	68.730	48	0.270	95
3.0	68.730	72	1.0	79
0.0	68.730	48	0.270	95
2.0	68.730	75	1.0	95
3.0	69.0	67	0.230	79
2.0	69.0	72	0.230	95
1.0	69.0	48	0.230	95
7.0	69.0	46	1.0	95
6.0	69.0	36	0.230	95
0.0	69.0	48	0.230	95
7.0	69.0	36	0.230	95
1.0	69.230	48	0.250	95
2.0	69.230	72	1.500	95
7.0	69.230	36	1.250	95
3.0	69.230	67	1.500	79
0.0	69.230	48	0.250	95
6.0	69.230	36	0.250	95
7.0	69.480	46	0.520	95
3.0	69.480	72	0.250	79
6.0	69.480	36	0.250	95
7.0	69.480	38	1.520	95
0.0	69.480	48	0.250	95
2.0	69.480	75	0.250	95
1.0	69.480	48	0.250	95
6.0	69.730	36	0.270	95
0.0	69.730	48	0.270	95
1.0	69.730	48	0.270	95
3.0	69.730	72	0.270	79
2.0	69.730	75	0.270	95
3.0	70.0	72	0.230	79
7.0	70.0	46	0.480	95
7.0	70.0	36	1.230	95
1.0	70.0	48	0.230	95
0.0	70.0	48	0.230	95
6.0	70.0	36	0.230	95
2.0	70.0	75	0.230	95
1.0	70.230	48	0.250	95
2.0	70.230	75	1.0	95
0.0	70.230	48	0.250	95
6.0	70.230	36	0.250	95
3.0	70.230	72	1.0	79
7.0	70.480	46	0.520	95
7.0	70.480	38	1.520	95
3.0	70.480	67	0.250	79
6.0	70.480	36	0.250	95
2.0	70.480	72	0.250	95
1.0	70.480	48	0.250	95
0.0	70.480	48	0.250	95
0.0	70.730	48	0.270	95
6.0	70.730	36	0.270	95
1.0	70.730	48	0.270	95
2.0	70.730	72	1.0	95
3.0	70.730	67	1.0	79
7.0	71.0	36	0.230	95
1.0	71.0	48	0.230	95
3.0	71.0	72	0.230	79
0.0	71.0	48	0.230	95
2.0	71.0	75	0.230	95
7.0	71.0	46	1.0	95
6.0	71.0	36	0.230	95
1.0	71.230	48	0.250	95
6.0	71.230	36	0.250	95
7.0	71.230	36	1.250	95
0.0	71.230	48	0.250	95
3.0	71.230	72	2.0	79
2.0	71.230	75	2.0	95
0.0	71.480	48	0.250	95
2.0	71.480	72	0.250	95
3.0	71.480	67	0.250	79
7.0	71.480	38	1.520	95
6.0	71.480	36	0.250	95
1.0	71.480	48	0.250	95
7.0	71.480	46	1.520	95
0.0	71.730	48	8.0	95
6.0	71.730	36	8.0	95
3.0	71.730	67	8.0	79
1.0	71.730	48	8.0	95
2.0	71.730	72	8.0	95
3.0	72.0	75	0.230	79
0.0	72.0	44	0.480	95
1.0	72.0	51	0.480	95
7.0	72.0	49	0.480	95
2.0	72.0	79	0.230	95
6.0	72.0	32	0.480	95
9.0	72.0	68	8.0	95
1.0	72.0	44	0.480	95
9.0	72.0	60	8.0	95
7.0	72.0	36	1.230	95
0.0	72.0	51	0.480	95
9.0	72.0	44	8.0	95
9.0	72.0	63	8.0	95
3.0	72.230	75	0.250	79
2.0	72.230	79	0.250	95
0.0	72.480	44	0.250	95
7.0	72.480	46	0.520	95
3.0	72.480	75	0.250	79
6.0	72.480	32	0.250	95
1.0	72.480	44	0.250	95
7.0	72.480	38	1.520	95
2.0	72.480	79	0.250	95
1.0	72.730	44	0.270	95
0.0	72.730	44	0.270	95
3.0	72.730	75	1.0	79
2.0	72.730	79	1.0	95
6.0	72.730	32	0.270	95
0.0	73.0	44	0.230	95
1.0	73.0	44	0.230	95
7.0	73.0	36	0.230	95
6.0	73.0	32	0.230	95
2.0	73.0	75	0.230	95
3.0	73.0	72	0.230	79
7.0	73.0	46	1.0	95
0.0	73.230	44	0.250	95
6.0	73.230	32	0.250	95
7.0	73.230	36	1.250	95
2.0	73.230	75	1.500	95
1.0	73.230	44	0.250	95
3.0	73.230	72	1.500	79
1.0	73.480	44	0.250	95
7.0	73.480	46	0.520	95
3.0	73.480	75	0.250	79
6.0	73.480	32	0.250	95
2.0	73.480	79	0.250	95
0.0	73.480	44	0.250	95
7.0	73.480	38	1.520	95
3.0	73.730	75	0.270	79
1.0	73.730	44	0.270	95
0.0	73.730	44	0.270	95
2.0	73.730	79	0.270	95
6.0	73.730	32	0.500	95
7.0	74.0	46	0.480	95
3.0	74.0	75	0.230	79
6.0	74.0	32	0.230	95
1.0	74.0	44	0.230	95
2.0	74.0	79	0.230	95
7.0	74.0	36	1.230	95
0.0	74.0	44	0.230	95
3.0	74.230	75	1.0	79
6.0	74.230	32	0.250	95
2.0	74.230	79	1.0	95
1.0	74.230	44	0.250	95
0.0	74.230	44	0.250	95
2.0	74.480	75	0.250	95
6.0	74.480	32	0.250	95
7.0	74.480	38	1.520	95
3.0	74.480	72	0.250	79
0.0	74.480	44	0.250	95
7.0	74.480	46	0.520	95
1.0	74.480	44	0.250	95
3.0	74.730	72	1.0	79
1.0	74.730	44	0.270	95
2.0	74.730	75	1.0	95
0.0	74.730	44	0.270	95
6.0	74.730	32	0.270	95
2.0	75.0	79	0.230	95
7.0	75.0	46	1.0	95
6.0	75.0	32	0.230	95
0.0	75.0	44	0.230	95
1.0	75.0	44	0.230	95
3.0	75.0	75	0.230	79
7.0	75.0	36	0.230	95
1.0	75.230	44	0.250	95
0.0	75.230	44	0.250	95
7.0	75.230	36	1.250	95
6.0	75.230	32	0.250	95
2.0	75.230	79	1.0	95
3.0	75.230	75	1.0	79
3.0	75.480	72	0.250	79
7.0	75.480	38	1.520	95
1.0	75.480	44	0.250	95
2.0	75.480	75	0.250	95
0.0	75.480	44	0.250	95
6.0	75.480	32	0.250	95
7.0	75.480	46	0.520	95
0.0	75.730	44	0.270	95
3.0	75.730	72	1.500	79
2.0	75.730	75	1.500	95
1.0	75.730	44	0.270	95
6.0	75.730	32	0.270	95
7.0	76.0	36	1.230	95
7.0	76.0	46	0.480	95
6.0	76.0	32	0.230	95
1.0	76.0	44	0.230	95
2.0	76.0	79	0.230	95
3.0	76.0	75	0.230	79
0.0	76.0	44	0.230	95
1.0	76.230	44	0.250	95
3.0	76.230	75	0.250	79
6.0	76.230	32	0.250	95
0.0	76.230	44	0.250	95
2.0	76.230	79	0.250	95
0.0	76.480	44	0.250	95
1.0	76.480	44	0.250	95
3.0	76.480	75	0.250	79
2.0	76.480	79	0.250	95
6.0	76.480	32	0.250	95
7.0	76.480	38	1.520	95
7.0	76.480	46	0.520	95
6.0	76.730	32	0.270	95
2.0	76.730	79	1.0	95
3.0	76.730	75	1.0	79
1.0	76.730	44	0.270	95
0.0	76.730	44	0.270	95
2.0	77.0	75	0.230	95
7.0	77.0	46	1.0	95
7.0	77.0	36	0.230	95
0.0	77.0	44	0.230	95
3.0	77.0	72	0.230	79
1.0	77.0	44	0.230	95
6.0	77.0	32	0.230	95
6.0	77.230	32	0.250	95
0.0	77.230	44	0.250	95
1.0	77.230	44	0.250	95
7.0	77.230	36	1.250	95
3.0	77.230	72	1.500	79
2.0	77.230	75	1.500	95
3.0	77.480	75	0.250	79
0.0	77.480	44	0.250	95
1.0	77.480	44	0.250	95
2.0	77.480	79	0.250	95
6.0	77.480	32	0.250	95
7.0	77.480	46	0.520	95
7.0	77.480	38	1.520	95
6.0	77.730	32	0.270	95
0.0	77.730	44	0.270	95
2.0	77.730	79	0.270	95
1.0	77.730	44	0.270	95
3.0	77.730	75	0.270	79
7.0	78.0	36	1.230	95
7.0	78.0	46	0.480	95
3.0	78.0	75	0.230	79
2.0	78.0	79	0.230	95
6.0	78.0	32	0.480	95
0.0	78.0	44	0.230	95
1.0	78.0	44	0.230	95
3.0	78.230	75	1.0	79
1.0	78.230	44	0.250	95
0.0	78.230	44	0.250	95
2.0	78.230	79	1.0	95
6.0	78.230	32	0.250	95
7.0	78.480	38	1.520	95
2.0	78.480	75	0.250	95
6.0	78.480	32	0.250	95
0.0	78.480	44	0.250	95
7.0	78.480	46	0.520	95
3.0	78.480	72	0.250	79
1.0	78.480	44	0.250	95
6.0	78.730	32	0.270	95
3.0	78.730	72	1.0	79
2.0	78.730	75	1.0	95
1.0	78.730	44	0.270	95
0.0	78.730	44	0.270	95
1.0	79.0	44	0.230	95
7.0	79.0	36	0.230	95
2.0	79.0	79	0.230	95
3.0	79.0	75	0.230	79
6.0	79.0	32	0.230	95
0.0	79.0	44	0.230	95
7.0	79.0	46	1.0	95
7.0	79.230	36	1.250	95
6.0	79.230	32	0.250	95
3.0	79.230	75	8.0	79
0.0	79.230	44	0.250	95
2.0	79.230	79	8.0	95
1.0	79.230	44	0.250	95
6.0	79.480	32	0.250	95
1.0	79.480	44	0.250	95
3.0	79.480	72	0.250	79
2.0	79.480	75	0.250	95
0.0	79.480	44	0.250	95
7.0	79.480	38	1.520	95
7.0	79.480	46	1.520	95
6.0	79.730	32	8.0	95
2.0	79.730	75	8.0	95
3.0	79.730	72	0.270	79
0.0	79.730	44	8.0	95
1.0	79.730	44	8.0	95
2.0	80.0	77	0.230	95
0.0	80.0	41	0.480	95
6.0	80.0	29	0.480	95
7.0	80.0	36	1.230	95
9.0	80.0	65	8.0	95
3.0	80.0	72	0.480	79
7.0	80.0	57	0.480	95
9.0	80.0	56	8.0	95
9.0	80.0	41	8.0	95
0.0	80.0	48	8.0	95
1.0	80.0	41	0.480	95
1.0	80.0	48	8.0	95
9.0	80.0	60	8.0	95
2.0	80.230	77	0.250	95
3.0	80.230	72	0.500	79
7.0	80.480	38	1.520	95
3.0	80.480	72	0.250	79
0.0	80.480	41	0.250	95
2.0	80.480	77	0.250	95
7.0	80.480	46	0.520	95
1.0	80.480	41	0.250	95
6.0	80.480	29	0.250	95
2.0	80.730	77	1.0	95
0.0	80.730	41	0.270	95
1.0	80.730	41	0.270	95
3.0	80.730	72	1.0	79
6.0	80.730	29	0.500	95
7.0	81.0	46	1.0	95
6.0	81.0	29	0.230	95
1.0	81.0	41	0.230	95
0.0	81.0	41	0.230	95
3.0	81.0	68	0.230	79
7.0	81.0	36	0.480	95
2.0	81.0	72	0.230	95
3.0	81.230	68	1.500	79
2.0	81.230	72	1.500	95
6.0	81.230	29	0.250	95
7.0	81.230	36	1.250	95
1.0	81.230	41	0.250	95
0.0	81.230	41	0.250	95
1.0	81.480	41	0.250	95
3.0	81.480	72	0.250	79
7.0	81.480	38	1.520	95
7.0	81.480	46	0.520	95
0.0	81.480	41	0.250	95
2.0	81.480	77	0.250	95
6.0	81.480	29	0.250	95
3.0	81.730	72	0.270	79
2.0	81.730	77	0.270	95
0.0	81.730	41	0.270	95
6.0	81.730	29	0.270	95
1.0	81.730	41	0.270	95
6.0	82.0	29	0.230	95
3.0	82.0	72	0.230	79
7.0	82.0	46	0.480	95
7.0	82.0	36	1.230	95
1.0	82.0	41	0.480	95
0.0	82.0	41	0.230	95
2.0	82.0	77	0.230	95
3.0	82.230	72	1.0	79
6.0	82.230	29	0.500	95
1.0	82.230	41	0.250	95
2.0	82.230	77	1.0	95
0.0	82.230	41	0.250	95
0.0	82.480	41	0.250	95
1.0	82.480	41	0.250	95
6.0	82.480	29	0.250	95
3.0	82.480	68	0.250	79
7.0	82.480	38	1.520	95
7.0	82.480	46	0.520	95
2.0	82.480	72	0.250	95
1.0	82.730	41	0.270	95
0.0	82.730	41	0.270	95
3.0	82.730	68	1.0	79
6.0	82.730	29	0.270	95
2.0	82.730	72	1.0	95
7.0	83.0	36	0.230	95
3.0	83.0	72	0.230	79
7.0	83.0	46	1.0	95
1.0	83.0	41	0.230	95
2.0	83.0	77	0.230	95
0.0	83.0	41	0.230	95
6.0	83.0	29	0.480	95
3.0	83.230	72	1.0	79
6.0	83.230	29	0.250	95
7.0	83.230	36	1.250	95
0.0	83.230	41	0.250	95
2.0	83.230	77	1.0	95
1.0	83.230	41	0.250	95
2.0	83.480	72	0.250	95
3.0	83.480	68	0.250	79
7.0	83.480	38	1.520	95
6.0	83.480	29	0.250	95
0.0	83.480	41	0.250	95
7.0	83.480	46	0.520	95
1.0	83.480	41	0.250	95
3.0	83.730	68	1.500	79
1.0	83.730	41	0.270	95
6.0	83.730	29	0.270	95
2.0	83.730	72	1.500	95
0.0	83.730	41	0.270	95
3.0	84.0	72	0.230	79
2.0	84.0	77	0.230	95
7.0	84.0	46	0.480	95
0.0	84.0	41	0.230	95
6.0	84.0	29	0.230	95
7.0	84.0	36	1.230	95
1.0	84.0	41	0.230	95
6.0	84.230	29	0.250	95
0.0	84.230	41	0.250	95
2.0	84.230	77	0.250	95
1.0	84.230	41	0.250	95
3.0	84.230	72	0.250	79
0.0	84.480	41	0.250	95
1.0	84.480	41	0.250	95
7.0	84.480	46	0.520	95
3.0	84.480	72	0.250	79
2.0	84.480	77	0.250	95
6.0	84.480	29	0.250	95
7.0	84.480	38	1.520	95
3.0	84.730	72	1.0	79
1.0	84.730	41	0.270	95
0.0	84.730	41	0.270	95
6.0	84.730	29	0.270	95
2.0	84.730	77	1.0	95
1.0	85.0	41	0.230	95
6.0	85.0	29	0.230	95
2.0	85.0	72	0.230	95
3.0	85.0	68	0.230	79
0.0	85.0	41	0.230	95
7.0	85.0	36	0.230	95
7.0	85.0	46	1.0	95
1.0	85.230	41	0.250	95
3.0	85.230	68	1.500	79
0.0	85.230	41	0.250	95
6.0	85.230	29	0.250	95
2.0	85.230	72	1.500	95
7.0	85.230	36	1.250	95
3.0	85.480	72	0.250	79
6.0	85.480	29	0.250	95
7.0	85.480	38	1.520	95
7.0	85.480	46	0.520	95
2.0	85.480	77	0.250	95
0.0	85.480	41	0.250	95
1.0	85.480	41	0.250	95
2.0	85.730	77	0.270	95
3.0	85.730	72	0.270	79
1.0	85.730	41	0.270	95
6.0	85.730	29	0.500	95
0.0	85.730	41	0.270	95
7.0	86.0	36	1.230	95
7.0	86.0	46	0.480	95
6.0	86.0	29	0.230	95
2.0	86.0	77	0.230	95
0.0	86.0	41	0.230	95
3.0	86.0	72	0.230	79
1.0	86.0	41	0.230	95
6.0	86.230	29	0.250	95
0.0	86.230	41	0.250	95
3.0	86.230	72	1.0	79
2.0	86.230	77	1.0	95
1.0	86.230	41	0.250	95
7.0	86.480	38	1.520	95
2.0	86.480	72	0.250	95
6.0	86.480	29	0.250	95
3.0	86.480	68	0.250	79
0.0	86.480	41	0.250	95
7.0	86.480	46	0.520	95
1.0	86.480	41	0.250	95
2.0	86.730	72	1.0	95
0.0	86.730	41	0.270	95
3.0	86.730	68	1.0	79
6.0	86.730	29	0.270	95
1.0	86.730	41	0.270	95
2.0	87.0	77	0.230	95
6.0	87.0	29	0.230	95
0.0	87.0	41	0.230	95
7.0	87.0	36	0.230	95
1.0	87.0	41	0.230	95
7.0	87.0	46	1.0	95
3.0	87.0	72	0.230	79
2.0	87.230	77	5.770	95
6.0	87.230	29	0.250	95
1.0	87.230	41	0.250	95
0.0	87.230	41	0.250	95
7.0	87.230	36	1.0	95
3.0	87.230	72	1.0	79
7.0	87.480	46	8.0	95
0.0	87.480	41	0.520	95
7.0	87.480	38	0.520	95
6.0	87.480	29	0.520	95
3.0	87.480	68	0.250	79
1.0	87.480	41	0.250	95
2.0	87.480	72	0.250	95
1.0	87.730	41	8.0	95
0.0	87.730	41	8.0	95
6.0	87.730	29	8.0	95
2.0	87.730	72	1.500	95
3.0	87.730	68	8.0	79
7.0	88.0	36	0.230	95
3.0	88.0	72	0.230	79
6.0	88.0	32	0.480	95
1.0	88.0	51	0.480	95
9.0	88.0	68	8.0	95
7.0	88.0	57	0.230	95
7.0	88.0	38	0.230	95
9.0	88.0	63	8.0	95
0.0	88.0	51	0.480	95
1.0	88.0	44	0.480	95
9.0	88.0	60	8.0	95
2.0	88.0	75	0.230	95
0.0	88.0	44	0.480	95
9.0	88.0	44	8.0	95
7.0	88.230	36	0.250	95
2.0	88.230	75	0.250	95
7.0	88.230	38	0.250	95
3.0	88.230	72	0.250	79
7.0	88.480	38	0.250	95
3.0	88.480	72	0.250	79
0.0	88.480	44	0.250	95
7.0	88.480	36	0.250	95
2.0	88.480	75	0.250	95
6.0	88.480	32	0.250	95
1.0	88.480	44	0.250	95
0.0	88.730	44	0.270	95
1.0	88.730	44	0.270	95
6.0	88.730	32	0.270	95
7.0	88.730	38	1.500	95
3.0	88.730	72	1.0	79
2.0	88.730	75	1.0	95
7.0	88.730	36	0.270	95
7.0	89.0	50	0.230	95
1.0	89.0	44	0.230	95
3.0	89.0	67	0.230	79
0.0	89.0	44	0.230	95
7.0	89.0	36	0.230	95
2.0	89.0	72	0.230	95
6.0	89.0	32	0.230	95
7.0	89.0	49	0.230	95
0.0	89.230	44	0.250	95
7.0	89.230	36	0.250	95
6.0	89.230	32	0.250	95
3.0	89.230	67	1.500	79
1.0	89.230	44	0.250	95
7.0	89.230	50	8.0	95
2.0	89.230	72	1.500	95
0.0	89.480	44	0.250	95
2.0	89.480	75	0.250	95
3.0	89.480	72	0.250	79
6.0	89.480	32	0.250	95
7.0	89.480	36	0.250	95
7.0	89.480	48	0.250	95
1.0	89.480	44	0.250	95
0.0	89.730	44	0.270	95
6.0	89.730	32	0.270	95
2.0	89.730	75	0.270	95
7.0	89.730	48	1.500	95
3.0	89.730	72	0.270	79
7.0	89.730	36	0.270	95
1.0	89.730	44	0.270	95
6.0	90.0	32	0.230	95
3.0	90.0	72	0.230	79
1.0	90.0	44	0.230	95
2.0	90.0	75	0.230	95
0.0	90.0	44	0.230	95
7.0	90.0	38	0.230	95
7.0	90.0	36	0.230	95
7.0	90.0	57	0.230	95
1.0	90.230	44	0.250	95
0.0	90.230	44	0.250	95
3.0	90.230	72	1.0	79
7.0	90.230	38	0.250	95
7.0	90.230	36	0.250	95
6.0	90.230	32	0.250	95
2.0	90.230	75	1.0	95
3.0	90.480	67	0.250	79
6.0	90.480	32	0.520	95
7.0	90.480	38	0.250	95
7.0	90.480	36	0.250	95
0.0	90.480	44	0.250	95
2.0	90.480	72	0.250	95
1.0	90.480	44	0.250	95
2.0	90.730	72	1.0	95
7.0	90.730	36	0.270	95
0.0	90.730	44	0.270	95
7.0	90.730	38	1.500	95
3.0	90.730	67	1.0	79
6.0	90.730	32	0.270	95
1.0	90.730	44	0.270	95
3.0	91.0	72	0.230	79
7.0	91.0	36	0.230	95
1.0	91.0	44	0.230	95
6.0	91.0	32	0.230	95
0.0	91.0	44	0.230	95
7.0	91.0	48	0.230	95
2.0	91.0	75	0.230	95
7.0	91.0	49	0.230	95
0.0	91.230	44	0.250	95
7.0	91.230	48	8.0	95
1.0	91.230	44	0.250	95
6.0	91.230	32	0.250	95
7.0	91.230	36	0.250	95
2.0	91.230	75	1.500	95
3.0	91.230	72	1.500	79
1.0	91.480	44	0.250	95
0.0	91.480	44	0.250	95
6.0	91.480	32	0.250	95
7.0	91.480	36	0.250	95
3.0	91.480	67	0.250	79
7.0	91.480	47	0.250	95
2.0	91.480	72	0.250	95
6.0	91.730	32	0.270	95
2.0	91.730	72	0.270	95
0.0	91.730	44	0.270	95
7.0	91.730	36	0.270	95
7.0	91.730	47	0.270	95
1.0	91.730	44	0.270	95
3.0	91.730	67	0.270	79
0.0	92.0	44	0.230	95
2.0	92.0	72	5.230	95
3.0	92.0	67	5.230	79
7.0	92.0	36	0.230	95
7.0	92.0	57	0.230	95
1.0	92.0	44	0.230	95
6.0	92.0	32	0.230	95
7.0	92.0	38	0.230	95
0.0	92.230	44	0.250	95
7.0	92.230	36	0.250	95
6.0	92.230	32	0.250	95
1.0	92.230	44	0.250	95
7.0	92.230	38	0.250	95
3.0	92.230	70	0.250	79
2.0	92.230	74	0.250	95
7.0	92.480	36	0.250	95
3.0	92.480	72	1.0	79
1.0	92.480	44	0.250	95
0.0	92.480	44	0.250	95
7.0	92.480	38	0.250	95
2.0	92.480	75	1.0	95
6.0	92.480	32	0.250	95
2.0	92.730	77	1.0	95
3.0	92.730	74	0.270	79
1.0	92.730	44	0.270	95
6.0	92.730	32	0.270	95
7.0	92.730	36	0.270	95
0.0	92.730	44	0.270	95
7.0	92.730	38	2.500	95
2.0	93.0	74	0.230	95
0.0	93.0	44	0.230	95
7.0	93.0	36	0.230	95
7.0	93.0	47	0.230	95
6.0	93.0	32	0.230	95
1.0	93.0	44	0.230	95
3.0	93.0	70	0.230	79
6.0	93.230	32	0.250	95
7.0	93.230	47	8.0	95
7.0	93.230	36	0.250	95
3.0	93.230	72	1.0	79
1.0	93.230	44	0.250	95
0.0	93.230	44	0.250	95
2.0	93.230	75	1.0	95
2.0	93.480	77	1.250	95
7.0	93.480	45	0.250	95
1.0	93.480	44	0.250	95
6.0	93.480	32	0.250	95
3.0	93.480	74	0.250	79
7.0	93.480	36	0.250	95
0.0	93.480	44	0.250	95
7.0	93.730	36	0.270	95
6.0	93.730	32	0.270	95
2.0	93.730	79	2.270	95
0.0	93.730	44	0.270	95
1.0	93.730	44	0.270	95
7.0	93.730	45	8.0	95
3.0	93.730	75	2.270	79
3.0	93.900	72	2.330	79
2.0	93.900	75	2.330	95
7.0	94.0	36	0.230	95
1.0	94.0	44	0.230	95
6.0	94.0	32	0.230	95
7.0	94.0	43	0.230	95
0.0	94.0	44	0.230	95
7.0	94.230	36	0.250	95
1.0	94.230	44	0.250	95
7.0	94.230	43	0.250	95
0.0	94.230	44	0.250	95
6.0	94.230	32	0.250	95
2.0	94.330	77	8.0	95
3.0	94.330	74	0.400	79
7.0	94.480	36	0.250	95
7.0	94.480	41	0.250	95
6.0	94.480	32	0.250	95
0.0	94.480	44	0.250	95
1.0	94.480	44	0.250	95
7.0	94.730	41	8.0	95
1.0	94.730	44	0.270	95
0.0	94.730	44	0.270	95
6.0	94.730	32	0.270	95
7.0	94.730	36	0.270	95
2.0	94.820	79	8.0	95
3.0	94.820	75	8.0	79
7.0	95.0	36	0.230	95
6.0	95.0	32	0.230	95
0.0	95.0	44	0.230	95
7.0	95.0	38	0.230	95
1.0	95.0	44	0.230	95
7.0	95.230	36	0.500	95
1.0	95.230	44	0.250	95
0.0	95.230	44	0.250	95
7.0	95.230	38	0.250	95
6.0	95.230	32	0.250	95
7.0	95.480	38	0.520	95
0.0	95.480	44	0.250	95
1.0	95.480	44	0.250	95
6.0	95.480	32	0.520	95
7.0	95.480	36	0.520	95
7.0	95.730	36	0.270	95
7.0	95.730	38	1.270	95
6.0	95.730	32	8.0	95
1.0	95.730	44	8.0	95
0.0	95.730	44	8.0	95
9.0	96.0	67	8.0	95
9.0	96.0	60	8.0	95
1.0	96.0	48	0.480	95
0.0	96.0	48	0.480	95
7.0	96.0	57	0.480	95
9.0	96.0	48	8.0	95
2.0	96.0	75	0.230	95
0.0	96.0	55	8.0	95
3.0	96.0	72	0.230	79
6.0	96.0	36	0.480	95
9.0	96.0	63	8.0	95
1.0	96.0	55	8.0	95
7.0	96.0	36	1.230	95
3.0	96.230	72	0.250	79
2.0	96.230	75	0.250	95
1.0	96.480	48	0.250	95
7.0	96.480	42	0.520	95
2.0	96.480	75	0.250	95
6.0	96.480	36	0.250	95
0.0	96.480	48	0.250	95
3.0	96.480	72	0.250	79
7.0	96.480	38	1.520	95
0.0	96.730	48	0.270	95
6.0	96.730	36	0.270	95
3.0	96.730	72	1.0	79
2.0	96.730	75	1.0	95
1.0	96.730	48	0.270	95
7.0	97.0	36	0.230	95
0.0	97.0	48	0.230	95
7.0	97.0	42	1.0	95
2.0	97.0	72	0.230	95
3.0	97.0	67	0.230	79
6.0	97.0	36	0.230	95
1.0	97.0	48	0.230	95
7.0	97.230	36	1.250	95
1.0	97.230	48	0.250	95
0.0	97.230	48	0.250	95
2.0	97.230	72	1.500	95
6.0	97.230	36	0.250	95
3.0	97.230	67	1.500	79
0.0	97.480	48	0.250	95
7.0	97.480	42	0.520	95
3.0	97.480	72	0.250	79
2.0	97.480	75	0.250	95
7.0	97.480	38	1.520	95
1.0	97.480	48	0.250	95
6.0	97.480	36	0.250	95
1.0	97.730	48	0.270	95
6.0	97.730	36	0.270	95
2.0	97.730	75	0.270	95
0.0	97.730	48	0.270	95
3.0	97.730	72	0.270	79
3.0	98.0	72	0.230	79
2.0	98.0	75	0.230	95
7.0	98.0	42	0.480	95
1.0	98.0	48	0.230	95
6.0	98.0	36	0.230	95
7.0	98.0	36	1.230	95
0.0	98.0	48	0.230	95
3.0	98.230	72	1.0	79
0.0	98.230	48	0.250	95
1.0	98.230	48	0.250	95
2.0	98.230	75	1.0	95
6.0	98.230	36	0.250	95
6.0	98.480	36	0.250	95
2.0	98.480	72	0.250	95
3.0	98.480	67	0.250	79
1.0	98.480	48	0.250	95
0.0	98.480	48	0.250	95
7.0	98.480	38	1.520	95
7.0	98.480	42	0.520	95
1.0	98.730	48	0.270	95
0.0	98.730	48	0.270	95
6.0	98.730	36	0.500	95
2.0	98.730	72	1.0	95
3.0	98.730	67	1.0	79
0.0	99.0	48	0.230	95
6.0	99.0	36	0.230	95
3.0	99.0	72	0.230	79
7.0	99.0	36	0.230	95
2.0	99.0	75	0.230	95
7.0	99.0	42	1.0	95
1.0	99.0	48	0.230	95
2.0	99.230	75	1.0	95
1.0	99.230	48	0.250	95
7.0	99.230	36	1.250	95
0.0	99.230	48	0.250	95
3.0	99.230	72	1.0	79
6.0	99.230	36	0.250	95
3.0	99.480	67	0.250	79
7.0	99.480	38	1.520	95
0.0	99.480	48	0.250	95
6.0	99.480	36	0.250	95
7.0	99.480	42	0.520	95
2.0	99.480	72	0.250	95
1.0	99.480	48	0.250	95
3.0	99.730	67	1.500	79
6.0	99.730	36	0.270	95
1.0	99.730	48	0.270	95
0.0	99.730	48	0.270	95
2.0	99.730	72	1.500	95
2.0	100.0	75	0.230	95
6.0	100.0	36	0.230	95
3.0	100.0	72	0.230	79
7.0	100.0	36	1.230	95
7.0	100.0	42	0.480	95
1.0	100.0	48	0.230	95
0.0	100.0	48	0.230	95
0.0	100.230	48	0.250	95
3.0	100.230	72	0.250	79
1.0	100.230	48	0.250	95
2.0	100.230	75	0.250	95
6.0	100.230	36	0.500	95
0.0	100.480	48	0.250	95
6.0	100.480	36	0.250	95
7.0	100.480	38	1.520	95
3.0	100.480	72	0.250	79
2.0	100.480	75	0.250	95
7.0	100.480	42	0.520	95
1.0	100.480	48	0.250	95
2.0	100.730	75	1.0	95
6.0	100.730	36	0.270	95
3.0	100.730	72	1.0	79
0.0	100.730	48	0.270	95
1.0	100.730	48	0.270	95
6.0	101.0	36	0.230	95
1.0	101.0	48	0.230	95
3.0	101.0	67	0.230	79
0.0	101.0	48	0.230	95
7.0	101.0	42	1.0	95
2.0	101.0	72	0.230	95
7.0	101.0	36	0.230	95
7.0	101.230	36	1.250	95
2.0	101.230	72	1.500	95
3.0	101.230	67	1.500	79
1.0	101.230	48	0.250	95
0.0	101.230	48	0.250	95
6.0	101.230	36	0.250	95
6.0	101.480	36	0.250	95
7.0	101.480	38	1.520	95
1.0	101.480	48	0.250	95
0.0	101.480	48	0.250	95
2.0	101.480	75	0.250	95
7.0	101.480	42	0.520	95
3.0	101.480	72	0.250	79
2.0	101.730	75	0.270	95
6.0	101.730	36	0.270	95
1.0	101.730	48	0.270	95
0.0	101.730	48	0.270	95
3.0	101.730	72	0.270	79
0.0	102.0	48	0.230	95
7.0	102.0	36	1.230	95
1.0	102.0	48	0.230	95
7.0	102.0	42	0.480	95
6.0	102.0	36	0.230	95
2.0	102.0	75	0.230	95
3.0	102.0	72	0.230	79
3.0	102.230	72	1.0	79
0.0	102.230	48	0.250	95
2.0	102.230	75	1.0	95
1.0	102.230	48	0.250	95
6.0	102.230	36	0.500	95
2.0	102.480	72	0.250	95
1.0	102.480	48	0.250	95
3.0	102.480	67	0.250	79
0.0	102.480	48	0.250	95
6.0	102.480	36	0.250	95
7.0	102.480	38	1.520	95
7.0	102.480	42	0.520	95
3.0	102.730	67	1.0	79
6.0	102.730	36	0.270	95
1.0	102.730	48	0.270	95
0.0	102.730	48	0.270	95
2.0	102.730	72	1.0	95
1.0	103.0	48	0.230	95
6.0	103.0	36	0.230	95
0.0	103.0	48	0.230	95
7.0	103.0	42	1.0	95
2.0	103.0	75	0.230	95
3.0	103.0	72	0.230	79
7.0	103.0	36	0.230	95
7.0	103.230	36	1.250	95
6.0	103.230	36	0.250	95
0.0	103.230	48	0.250	95
1.0	103.230	48	0.250	95
2.0	103.230	75	2.0	95
3.0	103.230	72	2.0	79
6.0	103.480	36	0.250	95
7.0	103.480	38	1.520	95
3.0	103.480	67	0.250	79
7.0	103.480	42	1.520	95
2.0	103.480	72	0.250	95
1.0	103.480	48	0.250	95
0.0	103.480	48	0.250	95
2.0	103.730	72	8.0	95
6.0	103.730	36	8.0	95
3.0	103.730	67	8.0	79
1.0	103.730	48	8.0	95
0.0	103.730	48	8.0	95
0.0	104.0	51	0.480	95
1.0	104.0	51	0.480	95
0.0	104.0	44	0.480	95
9.0	104.0	68	8.0	95
9.0	104.0	63	8.0	95
2.0	104.0	79	0.230	95
3.0	104.0	75	0.230	79
7.0	104.0	49	0.480	95
7.0	104.0	36	1.230	95
1.0	104.0	44	0.480	95
9.0	104.0	60	8.0	95
6.0	104.0	32	0.480	95
9.0	104.0	44	8.0	95
3.0	104.230	75	0.250	79
2.0	104.230	79	0.250	95
0.0	104.480	44	0.250	95
1.0	104.480	44	0.250	95
3.0	104.480	75	0.250	79
7.0	104.480	42	0.520	95
2.0	104.480	79	0.250	95
7.0	104.480	38	1.520	95
6.0	104.480	32	0.250	95
6.0	104.730	32	0.270	95
2.0	104.730	79	1.0	95
3.0	104.730	75	1.0	79
1.0	104.730	44	0.270	95
0.0	104.730	44	0.270	95
7.0	105.0	36	0.230	95
2.0	105.0	75	0.230	95
3.0	105.0	72	0.230	79
0.0	105.0	44	0.230	95
1.0	105.0	44	0.230	95
7.0	105.0	42	1.0	95
6.0	105.0	32	0.230	95
3.0	105.230	72	1.500	79
6.0	105.230	32	0.250	95
0.0	105.230	44	0.250	95
7.0	105.230	36	1.250	95
1.0	105.230	44	0.250	95
2.0	105.230	75	1.500	95
3.0	105.480	75	0.250	79
6.0	105.480	32	0.250	95
7.0	105.480	38	1.520	95
2.0	105.480	79	0.250	95
7.0	105.480	42	0.520	95
0.0	105.480	44	0.250	95
1.0	105.480	44	0.250	95
6.0	105.730	32	0.500	95
0.0	105.730	44	0.270	95
2.0	105.730	79	0.270	95
3.0	105.730	75	0.270	79
1.0	105.730	44	0.270	95
2.0	106.0	79	0.230	95
0.0	106.0	44	0.230	95
3.0	106.0	75	0.230	79
1.0	106.0	44	0.230	95
7.0	106.0	36	1.230	95
7.0	106.0	42	0.480	95
6.0	106.0	32	0.230	95
2.0	106.230	79	1.0	95
1.0	106.230	44	0.250	95
6.0	106.230	32	0.500	95
0.0	106.230	44	0.250	95
3.0	106.230	75	1.0	79
1.0	106.480	44	0.250	95
2.0	106.480	75	0.250	95
6.0	106.480	32	0.250	95
7.0	106.480	38	1.520	95
3.0	106.480	72	0.250	79
0.0	106.480	44	0.250	95
7.0	106.480	42	0.520	95
2.0	106.730	75	1.0	95
3.0	106.730	72	1.0	79
1.0	106.730	44	0.270	95
0.0	106.730	44	0.270	95
6.0	106.730	32	0.500	95
3.0	107.0	75	0.230	79
2.0	107.0	79	0.230	95
7.0	107.0	36	0.480	95
6.0	107.0	32	0.230	95
0.0	107.0	44	0.230	95
7.0	107.0	42	1.0	95
1.0	107.0	44	0.230	95
3.0	107.230	75	1.0	79
2.0	107.230	79	1.0	95
1.0	107.230	44	0.250	95
0.0	107.230	44	0.250	95
7.0	107.230	36	1.250	95
6.0	107.230	32	0.250	95
3.0	107.480	72	0.250	79
1.0	107.480	44	0.250	95
7.0	107.480	38	1.520	95
6.0	107.480	32	0.250	95
7.0	107.480	42	0.520	95
2.0	107.480	75	0.250	95
0.0	107.480	44	0.250	95
2.0	107.730	75	1.500	95
0.0	107.730	44	0.270	95
1.0	107.730	44	0.270	95
6.0	107.730	32	0.500	95
3.0	107.730	72	1.500	79
7.0	108.0	36	1.230	95
2.0	108.0	79	0.230	95
3.0	108.0	75	0.230	79
7.0	108.0	42	0.480	95
0.0	108.0	44	0.230	95
6.0	108.0	32	0.230	95
1.0	108.0	44	0.230	95
6.0	108.230	32	0.500	95
1.0	108.230	44	0.250	95
0.0	108.230	44	0.250	95
3.0	108.230	75	0.250	79
2.0	108.230	79	0.250	95
0.0	108.480	44	0.250	95
6.0	108.480	32	0.250	95
1.0	108.480	44	0.250	95
7.0	108.480	38	1.520	95
2.0	108.480	79	0.250	95
3.0	108.480	75	0.250	79
7.0	108.480	42	0.520	95
0.0	108.730	44	0.270	95
2.0	108.730	79	1.0	95
6.0	108.730	32	0.270	95
1.0	108.730	44	0.270	95
3.0	108.730	75	1.0	79
0.0	109.0	44	0.230	95
3.0	109.0	72	0.230	79
7.0	109.0	42	1.0	95
7.0	109.0	36	0.230	95
1.0	109.0	44	0.230	95
6.0	109.0	32	0.230	95
2.0	109.0	75	0.230	95
2.0	109.230	75	1.500	95
6.0	109.230	32	0.250	95
1.0	109.230	44	0.250	95
0.0	109.230	44	0.250	95
3.0	109.230	72	1.500	79
7.0	109.230	36	1.250	95
1.0	109.480	44	0.250	95
2.0	109.480	79	0.250	95
6.0	109.480	32	0.250	95
7.0	109.480	38	1.520	95
7.0	109.480	42	0.520	95
3.0	109.480	75	0.250	79
0.0	109.480	44	0.250	95
3.0	109.730	75	0.270	79
0.0	109.730	44	0.270	95
6.0	109.730	32	0.500	95
2.0	109.730	79	0.270	95
1.0	109.730	44	0.270	95
1.0	110.0	44	0.230	95
3.0	110.0	75	0.230	79
7.0	110.0	42	0.480	95
2.0	110.0	79	0.230	95
7.0	110.0	36	1.230	95
0.0	110.0	44	0.230	95
6.0	110.0	32	0.230	95
2.0	110.230	79	1.0	95
3.0	110.230	75	1.0	79
1.0	110.230	44	0.250	95
0.0	110.230	44	0.250	95
6.0	110.230	32	0.250	95
7.0	110.480	38	1.520	95
0.0	110.480	44	0.250	95
7.0	110.480	42	0.520	95
3.0	110.480	72	0.250	79
1.0	110.480	44	0.250	95
2.0	110.480	75	0.250	95
6.0	110.480	32	0.250	95
1.0	110.730	44	0.270	95
3.0	110.730	72	1.0	79
6.0	110.730	32	0.270	95
2.0	110.730	75	1.0	95
0.0	110.730	44	0.270	95
7.0	111.0	36	0.230	95
3.0	111.0	75	0.230	79
7.0	111.0	42	1.0	95
6.0	111.0	32	0.230	95
0.0	111.0	44	0.230	95
1.0	111.0	44	0.230	95
2.0	111.0	79	0.230	95
7.0	111.230	36	1.250	95
6.0	111.230	32	0.250	95
0.0	111.230	44	0.250	95
2.0	111.230	79	8.0	95
3.0	111.230	75	8.0	79
1.0	111.230	44	0.250	95
6.0	111.480	32	0.520	95
1.0	111.480	44	0.250	95
3.0	111.480	72	0.250	79
2.0	111.480	75	0.250	95
7.0	111.480	38	1.520	95
0.0	111.480	44	0.250	95
7.0	111.480	42	1.520	95
3.0	111.730	72	0.270	79
0.0	111.730	44	8.0	95
2.0	111.730	75	8.0	95
1.0	111.730	44	8.0	95
6.0	111.730	32	8.0	95
1.0	112.0	48	8.0	95
9.0	112.0	41	8.0	95
7.0	112.0	36	1.230	95
3.0	112.0	72	0.230	79
2.0	112.0	77	0.230	95
0.0	112.0	48	8.0	95
0.0	112.0	41	0.480	95
9.0	112.0	56	8.0	95
7.0	112.0	57	0.480	95
9.0	112.0	65	8.0	95
1.0	112.0	41	0.480	95
6.0	112.0	29	0.480	95
9.0	112.0	60	8.0	95
2.0	112.230	77	0.250	95
3.0	112.230	72	0.250	79
1.0	112.480	41	0.250	95
2.0	112.480	77	0.250	95
6.0	112.480	29	0.250	95
3.0	112.480	72	0.250	79
7.0	112.480	38	1.520	95
0.0	112.480	41	0.250	95
7.0	112.480	42	0.520	95
2.0	112.730	77	1.0	95
1.0	112.730	41	0.270	95
3.0	112.730	72	1.0	79
6.0	112.730	29	0.500	95
0.0	112.730	41	0.270	95
2.0	113.0	72	0.230	95
6.0	113.0	29	0.230	95
7.0	113.0	42	1.0	95
1.0	113.0	41	0.230	95
0.0	113.0	41	0.230	95
7.0	113.0	36	0.230	95
3.0	113.0	68	0.230	79
3.0	113.230	68	1.500	79
1.0	113.230	41	0.250	95
2.0	113.230	72	1.500	95
0.0	113.230	41	0.250	95
7.0	113.230	36	1.250	95
6.0	113.230	29	0.250	95
7.0	113.480	38	1.520	95
1.0	113.480	41	0.250	95
6.0	113.480	29	0.250	95
3.0	113.480	72	0.250	79
0.0	113.480	41	0.250	95
7.0	113.480	42	0.520	95
2.0	113.480	77	0.250	95
0.0	113.730	41	0.270	95
2.0	113.730	77	0.270	95
6.0	113.730	29	0.270	95
1.0	113.730	41	0.270	95
3.0	113.730	72	0.270	79
2.0	114.0	77	0.230	95
0.0	114.0	41	0.230	95
1.0	114.0	41	0.230	95
6.0	114.0	29	0.230	95
7.0	114.0	42	0.480	95
3.0	114.0	72	0.230	79
7.0	114.0	36	1.230	95
6.0	114.230	29	0.250	95
1.0	114.230	41	0.250	95
0.0	114.230	41	0.250	95
2.0	114.230	77	1.0	95
3.0	114.230	72	1.0	79
2.0	114.480	72	0.250	95
1.0	114.480	41	0.250	95
0.0	114.480	41	0.250	95
6.0	114.480	29	0.250	95
7.0	114.480	38	1.520	95
7.0	114.480	42	0.520	95
3.0	114.480	68	0.250	79
0.0	114.730	41	0.270	95
2.0	114.730	72	1.0	95
1.0	114.730	41	0.270	95
6.0	114.730	29	0.270	95
3.0	114.730	68	1.0	79
1.0	115.0	41	0.230	95
3.0	115.0	72	0.230	79
0.0	115.0	41	0.230	95
7.0	115.0	42	1.0	95
6.0	115.0	29	0.230	95
2.0	115.0	77	0.230	95
7.0	115.0	36	0.230	95
2.0	115.230	77	1.0	95
6.0	115.230	29	0.250	95
3.0	115.230	72	1.0	79
1.0	115.230	41	0.250	95
7.0	115.230	36	1.250	95
0.0	115.230	41	0.250	95
7.0	115.480	42	0.520	95
2.0	115.480	72	0.250	95
6.0	115.480	29	0.250	95
7.0	115.480	38	1.520	95
3.0	115.480	68	0.250	79
1.0	115.480	41	0.250	95
0.0	115.480	41	0.250	95
2.0	115.730	72	1.500	95
3.0	115.730	68	1.500	79
0.0	115.730	41	0.270	95
6.0	115.730	29	0.500	95
1.0	115.730	41	0.270	95
2.0	116.0	77	0.230	95
6.0	116.0	29	0.230	95
7.0	116.0	42	0.480	95
1.0	116.0	41	0.230	95
7.0	116.0	36	1.230	95
0.0	116.0	41	0.230	95
3.0	116.0	72	0.230	79
6.0	116.230	29	0.250	95
0.0	116.230	41	0.250	95
2.0	116.230	77	0.250	95
3.0	116.230	72	0.250	79
1.0	116.230	41	0.250	95
7.0	116.480	38	1.520	95
6.0	116.480	29	0.520	95
7.0	116.480	42	0.520	95
0.0	116.480	41	0.250	95
3.0	116.480	72	0.250	79
1.0	116.480	41	0.250	95
2.0	116.480	77	0.250	95
1.0	116.730	41	0.270	95
0.0	116.730	41	0.270	95
3.0	116.730	72	1.0	79
6.0	116.730	29	0.270	95
2.0	116.730	77	1.0	95
7.0	117.0	42	1.0	95
6.0	117.0	29	0.230	95
7.0	117.0	36	0.230	95
3.0	117.0	68	0.230	79
1.0	117.0	41	0.230	95
0.0	117.0	41	0.230	95
2.0	117.0	72	0.230	95
7.0	117.230	36	1.250	95
3.0	117.230	68	1.500	79
1.0	117.230	41	0.250	95
0.0	117.230	41	0.250	95
2.0	117.230	72	1.500	95
6.0	117.230	29	0.250	95
7.0	117.480	42	0.520	95
3.0	117.480	72	0.250	79
2.0	117.480	77	0.250	95
6.0	117.480	29	0.250	95
1.0	117.480	41	0.250	95
0.0	117.480	41	0.250	95
7.0	117.480	38	1.520	95
3.0	117.730	72	0.270	79
2.0	117.730	77	0.270	95
6.0	117.730	29	0.500	95
1.0	117.730	41	0.270	95
0.0	117.730	41	0.270	95
7.0	118.0	42	0.480	95
2.0	118.0	77	0.230	95
3.0	118.0	72	0.230	79
6.0	118.0	29	0.230	95
7.0	118.0	36	1.230	95
0.0	118.0	41	0.230	95
1.0	118.0	41	0.230	95
1.0	118.230	41	0.250	95
3.0	118.230	72	1.0	79
0.0	118.230	41	0.250	95
2.0	118.230	77	1.0	95
6.0	118.230	29	0.250	95
2.0	118.480	72	0.250	95
7.0	118.480	38	1.520	95
3.0	118.480	68	0.250	79
6.0	118.480	29	0.520	95
7.0	118.480	42	0.520	95
1.0	118.480	41	0.250	95
0.0	118.480	41	0.250	95
1.0	118.730	41	0.270	95
2.0	118.730	72	1.0	95
3.0	118.730	68	1.0	79
0.0	118.730	41	0.270	95
6.0	118.730	29	0.270	95
2.0	119.0	77	0.230	95
7.0	119.0	42	1.0	95
6.0	119.0	29	0.230	95
1.0	119.0	41	0.230	95
0.0	119.0	41	0.230	95
7.0	119.0	36	0.230	95
3.0	119.0	72	0.230	79
3.0	119.230	72	1.0	79
7.0	119.230	36	1.0	95
6.0	119.230	29	0.250	95
0.0	119.230	41	0.250	95
2.0	119.230	77	8.0	95
1.0	119.230	41	0.250	95
7.0	119.480	42	8.0	95
1.0	119.480	41	0.250	95
7.0	119.480	38	1.250	95
6.0	119.480	29	0.520	95
3.0	119.480	68	0.250	79
0.0	119.480	41	0.250	95
2.0	119.480	72	0.250	95
3.0	119.730	68	0.750	79
2.0	119.730	72	0.750	95
1.0	119.730	41	8.0	95
0.0	119.730	41	8.0	95
6.0	119.730	29	8.0	95
0.0	120.0	44	0.480	95
1.0	120.0	51	0.480	95
1.0	120.0	44	0.480	95
3.0	120.0	72	2.230	79
9.0	120.0	68	8.0	95
2.0	120.0	75	2.230	95
0.0	120.0	51	0.480	95
6.0	120.0	32	0.480	95
9.0	120.0	60	8.0	95
7.0	120.0	57	0.230	95
7.0	120.0	36	0.230	95
9.0	120.0	44	8.0	95
9.0	120.0	63	8.0	95
3.0	120.230	68	1.510	63
2.0	120.230	72	1.510	76
7.0	120.230	36	0.500	95
6.0	120.480	32	0.250	95
0.0	120.480	44	0.250	95
1.0	120.480	44	0.250	95
7.0	120.480	36	0.250	95
3.0	120.480	65	0.250	79
2.0	120.480	68	0.250	95
7.0	120.480	38	0.520	95
6.0	120.730	32	0.270	95
2.0	120.730	63	0.270	95
3.0	120.730	60	0.270	79
7.0	120.730	38	0.270	95
7.0	120.730	36	0.270	95
1.0	120.730	44	0.270	95
0.0	120.730	44	0.270	95
2.0	121.0	67	0.230	95
7.0	121.0	38	0.230	95
7.0	121.0	36	0.230	95
0.0	121.0	44	0.230	95
6.0	121.0	32	0.230	95
3.0	121.0	63	0.230	79
1.0	121.0	44	0.230	95
7.0	121.230	38	0.500	95
6.0	121.230	32	0.250	95
7.0	121.230	36	0.250	95
2.0	121.230	68	0.250	95
1.0	121.230	44	0.250	95
0.0	121.230	44	0.250	95
3.0	121.230	65	0.250	79
0.0	121.480	44	0.250	95
6.0	121.480	32	0.250	95
7.0	121.480	38	0.250	95
7.0	121.480	36	0.250	95
1.0	121.480	44	0.250	95
2.0	121.480	70	0.250	95
3.0	121.480	67	2.250	79
2.0	121.730	72	0.750	95
7.0	121.730	36	0.270	95
1.0	121.730	44	0.270	95
6.0	121.730	32	0.270	95
7.0	121.730	38	0.270	95
0.0	121.730	44	0.270	95
3.0	121.730	68	0.750	79
3.0	121.900	72	6.100	79
2.0	121.900	75	6.100	95
1.0	122.0	44	0.230	95
7.0	122.0	36	0.230	95
6.0	122.0	32	0.230	95
0.0	122.0	44	0.230	95
7.0	122.0	38	0.230	95
0.0	122.230	44	0.250	95
7.0	122.230	38	0.250	95
7.0	122.230	36	0.250	95
2.0	122.230	72	1.770	76
3.0	122.230	68	1.770	63
6.0	122.230	32	0.250	95
1.0	122.230	44	0.250	95
7.0	122.480	36	0.250	95
7.0	122.480	38	0.250	95
1.0	122.480	44	0.250	95
6.0	122.480	32	0.250	95
3.0	122.480	65	0.250	79
0.0	122.480	44	0.250	95
2.0	122.480	68	0.250	95
6.0	122.730	32	0.270	95
7.0	122.730	38	0.270	95
2.0	122.730	63	0.270	95
0.0	122.730	44	0.270	95
1.0	122.730	44	0.270	95
3.0	122.730	60	0.270	79
7.0	122.730	36	0.270	95
2.0	123.0	67	0.230	95
7.0	123.0	38	0.230	95
3.0	123.0	63	0.230	79
1.0	123.0	44	0.230	95
6.0	123.0	32	0.230	95
7.0	123.0	36	0.230	95
0.0	123.0	44	0.230	95
2.0	123.230	68	0.250	95
7.0	123.230	36	0.250	95
6.0	123.230	32	0.250	95
0.0	123.230	44	0.250	95
7.0	123.230	38	0.250	95
3.0	123.230	65	0.250	79
1.0	123.230	44	0.250	95
3.0	123.480	67	4.520	79
7.0	123.480	38	0.250	95
2.0	123.480	70	0.250	95
7.0	123.480	36	0.250	95
1.0	123.480	44	0.250	95
0.0	123.480	44	0.250	95
6.0	123.480	32	0.250	95
1.0	123.730	44	0.270	95
7.0	123.730	38	0.270	95
7.0	123.730	36	0.270	95
2.0	123.730	72	4.270	95
6.0	123.730	32	0.270	95
3.0	123.730	68	4.270	79
0.0	123.730	44	0.270	95
3.0	124.0	77	4.0	50
3.0	124.0	65	4.0	50
1.0	124.0	44	0.230	95
7.0	124.0	36	0.480	95
7.0	124.0	38	0.230	95
7.0	124.0	49	0.230	95
2.0	124.0	92	4.0	50
6.0	124.0	32	0.480	95
0.0	124.0	44	0.230	95
7.0	124.230	38	0.500	95
1.0	124.230	44	0.250	95
6.0	124.230	32	0.250	95
7.0	124.230	36	0.250	95
0.0	124.230	44	0.250	95
6.0	124.480	32	0.250	95
0.0	124.480	44	0.250	95
7.0	124.480	38	0.250	95
7.0	124.480	36	0.250	95
1.0	124.480	44	0.250	95
0.0	124.730	44	0.270	95
7.0	124.730	36	0.500	95
7.0	124.730	38	1.0	95
6.0	124.730	32	0.270	95
1.0	124.730	44	0.270	95
7.0	125.0	48	8.0	95
7.0	125.0	36	0.230	95
0.0	125.0	44	0.230	95
1.0	125.0	44	0.230	95
6.0	125.0	32	0.230	95
1.0	125.230	44	0.250	95
0.0	125.230	44	0.250	95
7.0	125.230	36	0.250	95
7.0	125.230	47	1.500	95
6.0	125.230	32	0.250	95
6.0	125.480	32	0.250	95
0.0	125.480	44	0.250	95
1.0	125.480	44	0.250	95
7.0	125.480	36	0.520	95
7.0	125.480	38	0.520	95
0.0	125.730	44	0.270	95
6.0	125.730	32	0.270	95
7.0	125.730	38	0.500	95
1.0	125.730	44	0.270	95
7.0	125.730	36	0.270	95
7.0	126.0	38	0.480	95
0.0	126.0	44	0.230	95
1.0	126.0	44	0.230	95
7.0	126.0	36	0.480	95
6.0	126.0	32	0.230	95
7.0	126.230	38	1.0	95
6.0	126.230	32	0.250	95
1.0	126.230	44	0.250	95
0.0	126.230	44	0.250	95
7.0	126.230	36	0.250	95
0.0	126.480	44	0.250	95
7.0	126.480	47	8.0	95
7.0	126.480	36	0.250	95
1.0	126.480	44	0.250	95
6.0	126.480	32	0.250	95
6.0	126.730	32	0.270	95
7.0	126.730	36	0.500	95
7.0	126.730	45	1.0	95
1.0	126.730	44	0.270	95
0.0	126.730	44	0.270	95
1.0	127.0	44	0.230	95
6.0	127.0	32	0.230	95
7.0	127.0	36	0.230	95
0.0	127.0	44	0.230	95
7.0	127.0	38	0.230	95
0.0	127.230	44	0.250	95
6.0	127.230	32	0.250	95
7.0	127.230	36	0.250	95
1.0	127.230	44	0.250	95
7.0	127.230	38	8.0	95
1.0	127.480	44	0.250	95
6.0	127.480	32	0.250	95
0.0	127.480	44	0.250	95
7.0	127.480	45	8.0	95
7.0	127.480	36	0.520	95
7.0	127.730	43	0.270	95
0.0	127.730	44	8.0	95
6.0	127.730	32	8.0	95
1.0	127.730	44	8.0	95
7.0	127.730	36	0.270	95
9.0	128.0	48	1.0	95
9.0	128.0	60	8.0	95
1.0	128.0	48	8.0	95
1.0	128.0	60	1.0	95
8.0	128.0	79	0.480	95
8.0	128.0	75	0.480	95
9.0	128.0	67	8.0	95
6.0	128.0	36	8.0	95
7.0	128.0	46	8.0	95
0.0	128.0	48	8.0	95
9.0	128.0	63	8.0	95
1.0	128.0	55	8.0	95
0.0	128.0	60	1.0	95
0.0	128.0	55	8.0	95
7.0	128.0	36	8.0	95
8.0	128.480	75	1.0	95
8.0	128.480	79	1.0	95
7.0	129.0	42	8.0	15
8.0	129.0	79	2.480	95
8.0	129.0	75	2.480	95
0.0	129.0	67	0.480	95
8.0	129.480	77	0.520	95
8.0	129.480	74	0.520	95
0.0	129.480	67	4.520	95
8.0	130.0	74	1.0	95
8.0	130.0	77	1.0	95
0.0	130.0	65	1.0	95
8.0	130.480	74	3.520	95
8.0	130.480	77	3.520	95
8.0	131.0	75	0.480	95
8.0	131.0	79	0.480	95
0.0	131.0	65	2.0	95
8.0	131.480	79	1.0	95
8.0	131.480	75	1.0	95
0.0	131.480	63	0.520	95
8.0	132.0	75	1.0	95
8.0	132.0	79	1.0	95
0.0	132.0	65	3.480	95
8.0	132.480	79	0.520	95
8.0	132.480	75	0.520	95
0.0	133.0	67	4.480	95
8.0	133.0	75	2.480	95
8.0	133.0	79	2.480	95
8.0	133.480	77	1.0	95
8.0	133.480	74	1.0	95
8.0	134.0	77	0.480	95
8.0	134.0	74	0.480	95
8.0	134.480	77	2.0	95
8.0	134.480	74	8.0	95
0.0	135.0	65	2.0	95
8.0	135.0	75	0.480	95
8.0	135.0	79	0.480	95
8.0	135.480	79	2.520	95
8.0	135.480	75	2.520	95
0.0	135.480	63	0.520	95
9.0	136.0	68	1.0	95
0.0	136.0	51	1.0	95
1.0	136.0	51	1.0	95
8.0	136.0	80	0.480	95
9.0	136.0	60	8.0	95
9.0	136.0	44	1.0	95
1.0	136.0	56	1.0	95
0.0	136.0	44	8.0	95
6.0	136.0	32	8.0	95
7.0	136.0	46	8.0	95
1.0	136.0	44	8.0	95
0.0	136.0	56	1.0	95
8.0	136.0	77	0.480	95
9.0	136.0	63	8.0	95
7.0	136.0	36	8.0	95
0.0	136.0	65	2.480	95
8.0	136.480	77	1.0	95
8.0	136.480	80	0.520	95
0.0	137.0	67	8.0	95
8.0	137.0	80	2.480	95
8.0	137.0	77	2.480	95
7.0	137.0	42	8.0	15
8.0	137.480	79	1.0	95
0.0	137.480	65	6.0	95
8.0	137.480	75	1.0	95
8.0	138.0	79	0.480	95
8.0	138.0	75	0.480	95
8.0	138.480	75	3.520	95
8.0	138.480	79	3.520	95
0.0	138.480	63	1.0	95
8.0	139.0	77	1.0	95
8.0	139.0	80	1.0	95
8.0	139.480	77	0.520	95
8.0	139.480	80	0.520	95
0.0	139.480	60	2.0	95
8.0	140.0	77	1.0	95
8.0	140.0	80	1.0	95
8.0	140.480	80	1.0	95
8.0	140.480	77	1.0	95
8.0	141.0	80	2.480	95
8.0	141.0	77	2.480	95
8.0	141.480	79	1.0	95
8.0	141.480	75	1.0	95
8.0	142.0	79	0.480	95
8.0	142.0	75	0.480	95
8.0	142.480	75	8.0	95
8.0	142.480	79	8.0	95
8.0	143.0	80	0.480	95
8.0	143.0	77	0.480	95
0.0	143.0	65	2.0	95
8.0	143.480	77	1.0	95
0.0	143.480	63	0.520	95
8.0	143.480	80	8.0	95
7.0	144.0	36	8.0	95
0.0	144.0	46	1.0	95
1.0	144.0	46	1.0	95
9.0	144.0	62	1.0	95
6.0	144.0	34	1.0	95
8.0	144.0	74	0.480	95
9.0	144.0	46	1.0	95
1.0	144.0	58	1.0	95
0.0	144.0	65	2.0	95
0.0	144.0	53	1.0	95
0.0	144.0	58	1.0	95
9.0	144.0	58	1.0	95
7.0	144.0	46	8.0	95
8.0	144.0	77	0.480	95
9.0	144.0	65	1.0	95
1.0	144.0	53	1.0	95
8.0	144.480	77	0.520	95
8.0	144.480	74	1.0	95
8.0	145.0	74	2.480	95
8.0	145.0	77	0.480	95
7.0	145.0	42	8.0	15
0.0	145.0	65	2.0	95
8.0	145.480	77	1.0	95
8.0	145.480	82	0.520	95
0.0	146.0	65	3.0	95
8.0	146.0	77	1.0	95
8.0	146.0	82	0.480	95
8.0	146.480	82	0.520	95
8.0	146.480	77	0.520	95
8.0	147.0	77	1.0	95
8.0	147.0	74	1.0	95
0.0	147.0	63	1.0	95
8.0	147.480	74	0.520	95
8.0	147.480	77	0.520	95
8.0	148.0	74	1.0	95
8.0	148.0	77	1.0	95
0.0	148.0	65	2.480	95
8.0	148.480	74	1.0	95
8.0	148.480	77	1.0	95
8.0	149.0	77	0.480	95
0.0	149.0	67	8.0	95
8.0	149.0	74	2.480	95
8.0	149.480	77	1.0	95
8.0	149.480	82	0.520	95
0.0	149.480	65	3.520	95
8.0	150.0	82	0.480	95
8.0	150.0	77	0.480	95
8.0	150.480	82	8.0	95
8.0	150.480	77	1.0	95
8.0	151.0	77	0.480	95
8.0	151.0	74	0.480	95
0.0	151.0	63	1.0	95
8.0	151.480	74	8.0	95
8.0	151.480	77	8.0	95
0.0	152.0	58	0.730	95
0.0	152.0	53	0.730	95
1.0	152.0	58	0.730	95
6.0	152.0	34	0.730	95
9.0	152.0	58	0.730	95
9.0	152.0	53	0.730	95
8.0	152.0	58	0.230	95
7.0	152.0	38	1.480	95
0.0	152.0	46	0.730	95
1.0	152.0	53	0.730	95
1.0	152.0	46	0.730	95
9.0	152.0	46	0.730	95
0.0	152.0	65	1.0	95
8.0	152.230	60	0.250	95
8.0	152.480	63	0.250	95
7.0	152.480	36	0.520	95
8.0	152.730	65	0.270	95
7.0	152.730	36	1.0	95
0.0	153.0	58	0.730	95
8.0	153.0	67	0.230	95
1.0	153.0	53	0.730	95
9.0	153.0	53	0.730	95
9.0	153.0	46	0.730	95
0.0	153.0	65	1.0	95
1.0	153.0	58	0.730	95
1.0	153.0	46	0.730	95
6.0	153.0	34	0.730	95
7.0	153.0	38	1.480	95
9.0	153.0	58	0.730	95
0.0	153.0	46	0.730	95
0.0	153.0	53	0.730	95
8.0	153.230	65	0.250	95
8.0	153.480	67	0.250	95
7.0	153.480	36	0.250	95
8.0	153.730	68	0.270	95
7.0	153.730	36	0.270	95
6.0	154.0	34	0.480	95
1.0	154.0	46	0.480	95
0.0	154.0	46	0.480	95
9.0	154.0	46	0.480	95
1.0	154.0	53	0.480	95
9.0	154.0	53	0.480	95
9.0	154.0	58	0.480	95
0.0	154.0	65	8.0	95
1.0	154.0	58	0.480	95
0.0	154.0	58	0.480	95
7.0	154.0	38	0.480	95
7.0	154.0	36	0.480	95
8.0	154.0	70	0.230	95
0.0	154.0	53	0.480	95
8.0	154.230	68	0.250	95
6.0	154.480	34	8.0	95
7.0	154.480	36	1.520	95
9.0	154.480	46	8.0	95
1.0	154.480	53	8.0	95
9.0	154.480	53	8.0	95
0.0	154.480	46	8.0	95
8.0	154.480	67	0.250	95
1.0	154.480	46	8.0	95
1.0	154.480	58	8.0	95
0.0	154.480	58	8.0	95
0.0	154.480	53	8.0	95
7.0	154.480	38	2.0	95
9.0	154.480	58	8.0	95
0.0	154.480	63	1.0	95
8.0	154.730	65	0.270	95
8.0	155.0	63	0.230	95
8.0	155.230	62	0.250	95
8.0	155.480	60	0.250	95
7.0	155.480	36	1.250	95
0.0	155.480	60	2.520	95
8.0	155.730	58	0.270	95
0.0	156.0	48	4.480	95
0.0	156.0	55	4.480	95
1.0	156.0	48	4.480	95
7.0	156.0	38	1.230	95
9.0	156.0	48	1.0	95
9.0	156.0	55	1.0	95
9.0	156.0	60	8.0	95
6.0	156.0	36	4.480	95
1.0	156.0	55	4.480	95
8.0	156.0	60	0.230	95
1.0	156.0	60	1.0	95
0.0	156.0	60	1.0	95
8.0	156.230	72	0.250	95
8.0	156.480	75	2.250	95
7.0	156.480	36	0.250	95
7.0	156.730	36	1.500	95
8.0	156.730	84	0.270	95
7.0	157.0	38	0.230	95
8.0	157.0	87	0.230	95
7.0	157.230	38	0.500	95
8.0	157.230	84	0.250	95
7.0	157.480	38	0.520	95
8.0	157.480	79	1.520	95
8.0	157.730	67	0.270	95
7.0	157.730	38	1.0	95
8.0	158.0	63	0.230	95
7.0	158.0	36	0.480	95
8.0	158.230	67	0.250	95
7.0	158.230	36	1.500	95
8.0	158.480	75	8.0	95
7.0	158.480	38	0.250	95
8.0	158.730	79	8.0	95
7.0	158.730	38	0.500	95
8.0	159.0	84	0.230	95
7.0	159.0	38	0.480	95
8.0	159.230	82	0.250	95
7.0	159.230	38	1.770	95
8.0	159.480	82	0.520	95
7.0	159.480	36	0.520	95
7.0	159.730	36	0.270	95
8.0	159.730	82	8.0	95
7.0	160.0	49	0.480	95
0.0	160.0	55	6.480	95
9.0	160.0	67	8.0	95
1.0	160.0	55	6.480	95
9.0	160.0	60	8.0	95
6.0	160.0	36	0.480	95
9.0	160.0	63	8.0	95
8.0	160.0	84	8.0	95
0.0	160.0	48	0.480	95
7.0	160.0	36	1.230	95
9.0	160.0	48	8.0	95
1.0	160.0	48	0.480	95
7.0	160.480	38	1.520	95
1.0	160.480	48	0.250	95
6.0	160.480	36	0.250	95
7.0	160.480	46	0.520	95
0.0	160.480	48	0.250	95
0.0	160.730	48	0.270	95
6.0	160.730	36	0.270	95
1.0	160.730	48	0.270	95
6.0	161.0	36	0.230	95
0.0	161.0	48	0.230	95
7.0	161.0	46	1.0	95
7.0	161.0	36	0.230	95
1.0	161.0	48	0.230	95
0.0	161.0	67	0.480	95
1.0	161.230	48	0.250	95
0.0	161.230	48	0.250	95
7.0	161.230	36	1.250	95
6.0	161.230	36	0.250	95
7.0	161.480	38	1.520	95
7.0	161.480	46	0.520	95
0.0	161.480	67	5.0	95
0.0	161.480	48	0.250	95
1.0	161.480	48	0.520	95
6.0	161.480	36	0.520	95
6.0	161.730	36	0.270	95
1.0	161.730	48	0.270	95
0.0	161.730	48	0.270	95
0.0	162.0	48	0.230	95
7.0	162.0	46	1.0	95
7.0	162.0	36	1.230	95
1.0	162.0	48	0.230	95
6.0	162.0	36	0.480	95
0.0	162.0	65	1.0	95
6.0	162.230	36	0.500	95
0.0	162.230	48	0.500	95
1.0	162.230	48	0.500	95
0.0	162.480	48	0.250	95
1.0	162.480	48	0.250	95
7.0	162.480	38	1.520	95
7.0	162.480	46	0.520	95
6.0	162.480	36	0.250	95
1.0	162.730	48	0.270	95
0.0	162.730	48	0.270	95
6.0	162.730	36	0.270	95
6.0	163.0	36	0.230	95
7.0	163.0	36	0.230	95
0.0	163.0	48	0.230	95
7.0	163.0	46	1.0	95
0.0	163.0	65	2.0	95
1.0	163.0	48	0.230	95
1.0	163.230	48	0.250	95
7.0	163.230	36	1.250	95
0.0	163.230	48	0.250	95
6.0	163.230	36	0.250	95
1.0	163.480	48	0.250	95
6.0	163.480	36	0.250	95
7.0	163.480	46	0.520	95
0.0	163.480	48	0.250	95
7.0	163.480	38	1.520	95
0.0	163.480	63	0.520	95
0.0	163.730	48	0.270	95
6.0	163.730	36	0.270	95
1.0	163.730	48	0.270	95
1.0	164.0	48	0.480	95
7.0	164.0	46	1.0	95
6.0	164.0	36	0.480	95
0.0	164.0	48	0.480	95
7.0	164.0	36	1.230	95
0.0	164.0	65	5.0	95
6.0	164.230	36	0.250	95
1.0	164.230	48	0.250	95
0.0	164.230	48	0.250	95
1.0	164.480	48	0.250	95
6.0	164.480	36	0.250	95
7.0	164.480	46	0.520	95
0.0	164.480	48	0.250	95
7.0	164.480	38	1.520	95
0.0	164.730	48	0.270	95
6.0	164.730	36	0.270	95
1.0	164.730	48	0.270	95
0.0	165.0	48	0.230	95
7.0	165.0	46	1.0	95
0.0	165.0	63	0.480	95
1.0	165.0	48	0.230	95
7.0	165.0	36	0.230	95
6.0	165.0	36	0.230	95
6.0	165.230	36	0.250	95
1.0	165.230	48	0.500	95
0.0	165.230	48	0.250	95
7.0	165.230	36	1.250	95
1.0	165.480	48	0.250	95
0.0	165.480	48	0.250	95
0.0	165.480	67	8.0	95
7.0	165.480	38	1.520	95
6.0	165.480	36	0.250	95
7.0	165.480	46	0.520	95
6.0	165.730	36	0.270	95
0.0	165.730	48	0.270	95
1.0	165.730	48	0.270	95
0.0	166.0	48	0.480	95
1.0	166.0	55	0.480	95
0.0	166.0	55	0.480	95
7.0	166.0	36	1.230	95
6.0	166.0	36	0.480	95
1.0	166.0	48	0.480	95
7.0	166.0	46	0.480	95
7.0	166.480	38	1.520	95
1.0	166.480	48	8.0	95
0.0	166.480	48	8.0	95
6.0	166.480	36	1.520	95
0.0	166.480	55	1.520	95
1.0	166.480	55	1.520	95
7.0	166.480	46	0.520	95
7.0	167.0	36	0.480	95
7.0	167.0	46	1.0	95
0.0	167.0	53	8.0	95
1.0	167.0	58	8.0	95
0.0	167.0	58	8.0	95
0.0	167.0	60	0.480	95
6.0	167.0	34	8.0	95
1.0	167.0	53	8.0	95
7.0	167.230	36	1.250	95
0.0	167.480	55	8.0	95
7.0	167.480	46	0.520	95
0.0	167.480	60	0.520	95
7.0	167.480	38	1.520	95
1.0	167.480	60	0.520	95
0.0	167.480	63	0.520	95
1.0	167.480	55	8.0	95
6.0	167.480	36	8.0	95
0.0	168.0	51	0.480	95
6.0	168.0	32	0.480	95
7.0	168.0	46	0.480	95
9.0	168.0	68	8.0	95
0.0	168.0	44	0.480	95
0.0	168.0	65	1.0	95
9.0	168.0	63	8.0	95
1.0	168.0	51	0.480	95
9.0	168.0	44	8.0	95
7.0	168.0	36	1.230	95
9.0	168.0	60	8.0	95
1.0	168.0	44	0.480	95
0.0	168.480	44	0.250	95
7.0	168.480	46	0.520	95
6.0	168.480	32	0.250	95
1.0	168.480	44	0.250	95
7.0	168.480	38	1.520	95
1.0	168.730	44	0.270	95
0.0	168.730	44	0.270	95
6.0	168.730	32	0.270	95
7.0	169.0	36	0.230	95
1.0	169.0	44	0.230	95
6.0	169.0	32	0.230	95
0.0	169.0	44	0.230	95
7.0	169.0	46	1.0	95
0.0	169.0	65	1.0	95
0.0	169.230	44	0.250	95
7.0	169.230	36	1.250	95
6.0	169.230	32	0.250	95
1.0	169.230	44	0.250	95
7.0	169.480	46	0.520	95
1.0	169.480	44	0.520	95
6.0	169.480	32	0.520	95
0.0	169.480	44	0.520	95
7.0	169.480	38	1.520	95
6.0	169.730	32	0.270	95
0.0	169.730	44	0.270	95
1.0	169.730	44	0.270	95
7.0	170.0	46	0.480	95
6.0	170.0	32	0.230	95
0.0	170.0	44	0.230	95
1.0	170.0	44	0.230	95
7.0	170.0	36	1.230	95
0.0	170.0	65	7.0	95
0.0	170.230	44	0.250	95
6.0	170.230	32	0.250	95
1.0	170.230	44	0.250	95
1.0	170.480	44	0.250	95
7.0	170.480	46	0.520	95
6.0	170.480	32	0.250	95
0.0	170.480	44	0.520	95
7.0	170.480	38	1.520	95
0.0	170.480	63	1.0	95
0.0	170.730	44	0.270	95
6.0	170.730	32	0.500	95
1.0	170.730	44	0.270	95
6.0	171.0	32	0.230	95
0.0	171.0	44	0.230	95
7.0	171.0	46	1.0	95
1.0	171.0	44	0.230	95
7.0	171.0	36	0.230	95
7.0	171.230	36	1.250	95
6.0	171.230	32	0.250	95
0.0	171.230	44	0.250	95
1.0	171.230	44	0.250	95
7.0	171.480	46	0.520	95
0.0	171.480	44	0.250	95
7.0	171.480	38	1.520	95
6.0	171.480	32	0.250	95
1.0	171.480	44	0.250	95
0.0	171.480	60	2.520	95
6.0	171.730	32	0.500	95
0.0	171.730	44	0.270	95
1.0	171.730	44	0.270	95
7.0	172.0	36	1.230	95
0.0	172.0	44	0.480	95
7.0	172.0	46	0.480	95
1.0	172.0	44	0.480	95
6.0	172.0	32	0.480	95
6.0	172.230	32	0.250	95
0.0	172.230	44	0.250	95
1.0	172.230	44	0.250	95
7.0	172.480	38	1.520	95
6.0	172.480	32	0.520	95
7.0	172.480	46	0.520	95
1.0	172.480	44	0.520	95
0.0	172.480	44	0.520	95
0.0	172.730	44	0.270	95
1.0	172.730	44	0.270	95
6.0	172.730	32	0.270	95
7.0	173.0	46	1.0	95
7.0	173.0	36	0.480	95
6.0	173.0	32	0.230	95
1.0	173.0	44	0.230	95
0.0	173.0	44	0.230	95
0.0	173.230	44	0.500	95
1.0	173.230	44	0.500	95
6.0	173.230	32	0.500	95
7.0	173.230	36	1.250	95
0.0	173.480	44	0.250	95
7.0	173.480	46	0.520	95
7.0	173.480	38	1.520	95
6.0	173.480	32	0.250	95
1.0	173.480	44	0.250	95
6.0	173.730	32	0.270	95
0.0	173.730	44	0.270	95
1.0	173.730	44	0.270	95
1.0	174.0	44	0.480	95
0.0	174.0	44	0.480	95
6.0	174.0	32	0.480	95
7.0	174.0	36	1.230	95
7.0	174.0	46	0.480	95
1.0	174.230	44	0.250	95
6.0	174.230	32	0.250	95
0.0	174.230	44	0.250	95
1.0	174.480	44	0.250	95
0.0	174.480	44	0.250	95
6.0	174.480	32	0.250	95
7.0	174.480	38	1.520	95
7.0	174.480	46	0.520	95
1.0	174.730	44	0.270	95
6.0	174.730	32	0.270	95
0.0	174.730	44	0.270	95
6.0	175.0	32	0.230	95
7.0	175.0	36	0.230	95
1.0	175.0	44	0.230	95
0.0	175.0	44	0.230	95
7.0	175.0	46	1.0	95
0.0	175.0	63	1.0	95
1.0	175.230	44	0.250	95
6.0	175.230	32	0.250	95
7.0	175.230	36	1.250	95
0.0	175.230	44	0.250	95
7.0	175.480	38	1.520	95
7.0	175.480	46	0.520	95
6.0	175.480	32	0.250	95
1.0	175.480	44	0.520	95
0.0	175.480	44	0.520	95
0.0	175.730	44	8.0	95
6.0	175.730	32	8.0	95
1.0	175.730	44	8.0	95
6.0	176.0	34	0.480	95
0.0	176.0	46	0.480	95
7.0	176.0	46	0.480	95
1.0	176.0	53	4.0	95
1.0	176.0	46	0.480	95
9.0	176.0	58	8.0	95
9.0	176.0	46	8.0	95
9.0	176.0	62	8.0	95
0.0	176.0	53	4.0	95
9.0	176.0	65	8.0	95
7.0	176.0	36	1.230	95
0.0	176.0	65	1.0	95
7.0	176.480	38	1.520	95
7.0	176.480	46	0.520	95
1.0	176.480	46	0.250	95
6.0	176.480	34	0.250	95
0.0	176.480	46	0.250	95
1.0	176.730	46	0.270	95
0.0	176.730	46	0.270	95
6.0	176.730	34	0.270	95
7.0	177.0	46	1.0	95
0.0	177.0	65	0.480	95
7.0	177.0	36	0.230	95
6.0	177.0	34	0.230	95
0.0	177.0	46	0.230	95
1.0	177.0	46	0.230	95
1.0	177.230	46	0.250	95
7.0	177.230	36	1.250	95
0.0	177.230	46	0.250	95
6.0	177.230	34	0.250	95
1.0	177.480	46	2.520	95
6.0	177.480	34	2.520	95
1.0	177.480	53	2.520	95
7.0	177.480	38	1.520	95
1.0	177.480	58	6.520	95
0.0	177.480	46	2.520	95
7.0	177.480	46	1.0	95
0.0	177.480	65	3.520	95
0.0	177.480	53	2.520	95
0.0	177.480	58	6.520	95
7.0	178.0	36	1.230	95
7.0	178.0	46	1.0	95
7.0	178.480	38	1.520	95
7.0	178.480	46	0.520	95
7.0	179.0	36	0.480	95
7.0	179.0	46	1.0	95
0.0	179.0	63	1.0	95
7.0	179.230	36	1.250	95
7.0	179.480	46	1.0	95
7.0	179.480	38	1.520	95
7.0	180.0	36	1.230	95
0.0	180.0	53	4.0	95
7.0	180.0	46	0.480	95
1.0	180.0	53	4.0	95
1.0	180.0	46	0.480	95
6.0	180.0	34	0.480	95
0.0	180.0	46	0.480	95
0.0	180.0	65	5.0	95
7.0	180.480	38	1.520	95
0.0	180.480	46	0.250	95
6.0	180.480	34	0.250	95
1.0	180.480	46	0.520	95
7.0	180.480	46	0.520	95
0.0	180.730	46	0.270	95
6.0	180.730	34	0.500	95
1.0	180.730	46	0.270	95
1.0	181.0	46	0.230	95
6.0	181.0	34	0.230	95
7.0	181.0	36	0.230	95
0.0	181.0	46	0.230	95
7.0	181.0	46	1.0	95
0.0	181.0	67	4.480	95
6.0	181.230	34	0.250	95
0.0	181.230	46	0.250	95
1.0	181.230	46	0.250	95
7.0	181.230	36	1.250	95
0.0	181.480	53	8.0	95
7.0	181.480	46	0.520	95
1.0	181.480	46	8.0	95
1.0	181.480	53	8.0	95
1.0	181.480	58	8.0	95
0.0	181.480	58	8.0	95
7.0	181.480	38	1.520	95
0.0	181.480	46	8.0	95
0.0	181.480	63	2.0	95
6.0	181.480	34	8.0	95
7.0	182.0	36	1.230	95
7.0	182.0	46	0.480	95
7.0	182.480	38	1.520	95
7.0	182.480	46	0.750	95
7.0	183.0	36	0.480	95
7.0	183.0	46	1.0	95
7.0	183.230	36	1.250	95
7.0	183.480	38	1.520	95
7.0	183.480	46	0.520	95
1.0	184.0	48	0.480	95
6.0	184.0	36	0.480	95
9.0	184.0	63	8.0	95
7.0	184.0	46	0.480	95
9.0	184.0	48	8.0	95
9.0	184.0	67	8.0	95
9.0	184.0	60	8.0	95
0.0	184.0	48	0.480	95
0.0	184.0	65	3.0	95
7.0	184.0	36	1.230	95
0.0	184.480	48	0.520	95
7.0	184.480	46	0.520	95
1.0	184.480	48	0.520	95
7.0	184.480	38	1.520	95
6.0	184.480	36	0.520	95
0.0	185.0	55	2.480	95
6.0	185.0	36	0.480	95
1.0	185.0	55	2.480	95
7.0	185.0	46	1.0	95
7.0	185.0	36	0.480	95
1.0	185.0	48	0.480	95
0.0	185.0	48	0.480	95
0.0	185.0	67	8.0	95
7.0	185.230	36	1.250	95
7.0	185.480	38	1.520	95
6.0	185.480	36	0.520	95
7.0	185.480	46	0.520	95
1.0	185.480	48	0.520	95
0.0	185.480	65	7.850	95
0.0	185.480	48	0.520	95
0.0	186.0	48	0.480	95
1.0	186.0	48	0.480	95
6.0	186.0	36	0.480	95
7.0	186.0	46	1.0	95
7.0	186.0	36	1.230	95
0.0	186.480	48	0.520	95
6.0	186.480	36	0.520	95
7.0	186.480	46	0.520	95
7.0	186.480	38	1.520	95
1.0	186.480	48	0.520	95
7.0	187.0	46	1.0	95
0.0	187.0	48	0.480	95
6.0	187.0	36	0.480	95
0.0	187.0	55	2.480	95
0.0	187.0	63	1.0	95
1.0	187.0	48	0.480	95
7.0	187.0	36	0.480	95
1.0	187.0	55	2.480	95
7.0	187.230	36	2.0	95
6.0	187.480	36	1.0	95
7.0	187.480	38	0.750	95
7.0	187.480	46	5.750	95
1.0	187.480	48	1.0	95
0.0	187.480	48	1.0	95
6.0	188.0	36	0.480	95
0.0	188.0	60	3.0	95
0.0	188.0	48	3.0	95
1.0	188.0	48	3.0	95
7.0	188.0	38	0.480	95
7.0	188.230	38	0.250	95
1.0	188.480	55	2.0	95
6.0	188.480	36	2.0	95
0.0	188.480	60	1.0	95
1.0	188.480	60	1.0	95
0.0	188.480	55	2.0	95
7.0	188.480	38	0.520	95
7.0	188.730	38	1.500	95
7.0	189.0	36	0.230	111
7.0	189.230	36	0.250	111
1.0	189.480	58	3.750	95
7.0	189.480	36	0.520	111
0.0	189.480	53	3.750	95
1.0	189.480	53	3.750	95
0.0	189.480	58	3.750	95
6.0	189.480	34	3.750	95
7.0	189.730	36	1.500	111
7.0	190.0	38	0.230	95
0.0	190.0	60	0.480	95
0.0	190.0	55	2.480	95
6.0	190.0	36	0.480	95
1.0	190.0	60	0.480	95
1.0	190.0	55	2.480	95
7.0	190.230	38	0.250	95
7.0	190.480	38	0.520	95
1.0	190.480	48	0.520	95
0.0	190.480	48	0.520	95
6.0	190.480	36	0.520	95
7.0	190.730	38	2.270	95
1.0	191.0	48	0.480	95
6.0	191.0	36	0.480	95
0.0	191.0	48	0.480	95
7.0	191.0	36	0.480	111
7.0	191.230	36	0.250	111
1.0	191.480	48	0.520	95
0.0	191.480	48	0.520	95
7.0	191.480	36	0.520	111
6.0	191.480	36	0.520	95
7.0	191.730	36	0.270	111
0.0	192.0	48	0.480	95
1.0	192.0	48	0.480	95
7.0	192.0	36	1.230	95
7.0	192.0	57	0.480	95
6.0	192.0	36	0.480	95
0.0	192.0	55	1.230	95
1.0	192.0	55	1.230	95
9.0	192.0	67	0.0	95
9.0	192.0	60	0.0	95
9.0	192.0	63	0.0	95
9.0	192.0	48	0.0	95
1.0	192.480	48	0.250	95
7.0	192.480	42	0.520	95
7.0	192.480	38	0.750	95
6.0	192.480	36	0.250	95
0.0	192.480	48	0.250	95
0.0	192.730	48	0.270	95
6.0	192.730	36	0.270	95
1.0	192.730	48	0.270	95
7.0	193.0	42	0.230	95
6.0	193.0	36	0.230	95
0.0	193.0	48	0.230	95
1.0	193.0	48	0.230	95
0.0	193.0	67	0.330	95
7.0	193.0	36	0.230	95
0.0	193.230	48	0.0	95
6.0	193.230	36	0.0	95
1.0	193.230	48	0.0	95
7.0	193.230	36	0.0	95
