Track	Start_Time	Pitch	Duration	Dynamic
0.0	0.0	49	10.580	57
0.0	0.0	37	10.770	77
1.0	0.0	49	10.580	57
1.0	0.0	37	10.770	77
0.0	0.100	56	1.180	57
1.0	0.100	56	1.180	57
0.0	1.300	61	1.200	53
1.0	1.300	61	1.200	53
1.0	2.0	64	1.190	41
0.0	2.0	64	1.190	41
0.0	3.200	56	1.500	37
1.0	3.200	56	1.500	37
0.0	3.940	61	1.150	41
1.0	3.940	61	1.150	41
0.0	5.200	64	2.800	33
1.0	5.200	64	2.800	33
1.0	5.980	56	1.880	41
0.0	5.980	56	1.880	41
0.0	7.600	61	1.110	41
1.0	7.600	61	1.110	41
0.0	8.700	64	1.600	33
1.0	8.700	64	1.600	33
1.0	9.0	56	1.110	37
0.0	9.0	56	1.110	37
1.0	10.0	61	1.400	41
0.0	10.0	61	1.400	41
0.0	10.960	64	1.400	45
1.0	10.960	64	1.400	45
0.0	11.960	47	10.830	53
1.0	11.960	56	1.160	69
1.0	11.960	47	10.830	53
0.0	11.960	56	1.160	69
1.0	11.980	35	10.940	65
0.0	11.980	35	10.940	65
1.0	13.400	61	1.200	49
0.0	13.400	61	1.200	49
1.0	14.0	64	1.800	61
0.0	14.0	64	1.800	61
0.0	14.980	56	0.880	49
1.0	14.980	56	0.880	49
0.0	15.900	61	1.800	37
1.0	15.900	61	1.800	37
0.0	16.980	64	1.400	29
1.0	16.980	64	1.400	29
1.0	17.980	56	1.210	33
0.0	17.980	56	1.210	33
1.0	18.960	61	1.400	33
0.0	18.960	61	1.400	33
1.0	20.200	64	1.230	41
0.0	20.200	64	1.230	41
1.0	20.980	56	1.150	45
0.0	20.980	56	1.150	45
0.0	21.980	61	1.100	41
1.0	21.980	61	1.100	41
1.0	22.940	64	1.110	33
0.0	22.940	64	1.110	33
0.0	23.980	57	1.800	61
1.0	23.980	57	1.800	61
0.0	23.980	45	4.210	41
1.0	23.980	45	4.210	41
1.0	24.0	33	4.320	37
0.0	24.0	33	4.320	37
1.0	25.300	61	1.200	37
0.0	25.300	61	1.200	37
1.0	25.980	64	1.810	29
0.0	25.980	64	1.810	29
0.0	26.960	57	2.750	49
1.0	26.960	57	2.750	49
1.0	28.0	61	1.500	41
0.0	28.0	61	1.500	41
1.0	29.200	64	1.170	45
0.0	29.200	64	1.170	45
1.0	30.300	42	4.390	57
0.0	30.300	42	4.390	57
0.0	30.400	30	4.800	77
1.0	30.400	30	4.800	77
1.0	30.400	57	2.210	81
0.0	30.400	57	2.210	81
0.0	31.110	62	1.0	53
1.0	31.110	62	1.0	53
0.0	32.900	66	1.190	57
1.0	32.900	66	1.190	57
1.0	33.400	57	1.750	57
0.0	33.400	57	1.750	57
0.0	34.400	62	1.380	45
1.0	34.400	62	1.380	45
0.0	35.400	66	1.900	57
1.0	35.400	66	1.900	57
0.0	36.200	44	5.300	89
1.0	36.200	56	1.420	49
1.0	36.200	44	5.300	89
0.0	36.200	56	1.420	49
0.0	36.300	32	5.170	73
1.0	36.300	32	5.170	73
1.0	37.700	60	1.600	61
0.0	37.700	60	1.600	61
1.0	38.300	66	1.160	53
0.0	38.300	66	1.160	53
0.0	39.500	56	2.200	69
1.0	39.500	56	2.200	69
1.0	40.0	61	0.980	53
0.0	40.0	61	0.980	53
0.0	40.960	64	1.110	77
1.0	40.960	64	1.110	77
1.0	41.960	56	2.100	69
0.0	41.960	44	4.750	49
1.0	41.960	44	4.750	49
0.0	41.960	56	2.100	69
0.0	41.960	32	4.580	61
1.0	41.960	32	4.580	61
1.0	42.980	60	1.190	49
0.0	42.980	60	1.190	49
0.0	44.0	63	1.920	57
1.0	44.0	63	1.920	57
1.0	45.200	54	2.150	57
0.0	45.200	54	2.150	57
1.0	46.400	60	1.0	37
0.0	46.400	60	1.0	37
0.0	46.980	63	1.0	45
1.0	46.980	63	1.0	45
0.0	48.0	37	10.860	45
1.0	48.0	37	10.860	45
1.0	48.100	49	10.630	25
0.0	48.100	49	10.630	25
0.0	48.300	44	10.370	65
1.0	48.300	44	10.370	65
1.0	48.400	52	1.810	57
0.0	48.400	52	1.810	57
0.0	49.110	56	0.960	17
1.0	49.110	56	0.960	17
0.0	49.980	61	1.800	53
1.0	49.980	61	1.800	53
0.0	51.100	56	1.310	41
1.0	51.100	56	1.310	41
1.0	52.400	61	1.800	49
0.0	52.400	61	1.800	49
0.0	53.200	64	2.600	33
1.0	53.200	64	2.600	33
0.0	54.100	56	1.310	29
1.0	54.100	56	1.310	29
0.0	55.200	61	2.300	33
1.0	55.200	61	2.300	33
1.0	55.980	64	1.180	33
0.0	55.980	64	1.180	33
1.0	56.920	56	2.710	37
0.0	56.920	56	2.710	37
0.0	56.960	68	2.600	17
1.0	56.960	68	2.600	17
1.0	57.940	61	1.580	37
0.0	57.940	61	1.580	37
0.0	58.940	64	0.630	53
1.0	58.940	64	0.630	53
0.0	59.400	68	0.330	61
1.0	59.400	68	0.330	61
1.0	60.0	44	10.210	73
0.0	60.0	44	10.210	73
0.0	60.100	48	10.250	13
0.0	60.100	36	10.100	33
1.0	60.100	56	2.480	61
0.0	60.100	56	2.480	61
1.0	60.100	36	10.100	33
1.0	60.100	48	10.250	13
0.0	60.200	68	1.480	65
1.0	60.200	68	1.480	65
1.0	61.700	63	1.140	37
0.0	61.700	63	1.140	37
1.0	62.400	66	2.300	33
0.0	62.400	66	2.300	33
0.0	62.900	56	2.380	29
1.0	62.900	56	2.380	29
1.0	63.980	63	1.250	17
0.0	63.980	63	1.250	17
0.0	65.200	66	1.940	29
1.0	65.200	66	1.940	29
0.0	65.960	56	1.880	33
1.0	65.960	56	1.880	33
1.0	66.940	63	1.900	45
0.0	66.940	63	1.900	45
1.0	67.920	66	1.150	33
0.0	67.920	66	1.150	33
1.0	68.960	68	1.190	73
0.0	68.960	68	1.190	73
1.0	68.960	56	1.720	45
0.0	68.960	56	1.720	45
1.0	70.100	63	1.140	41
0.0	70.100	63	1.140	41
0.0	70.960	66	0.530	45
1.0	70.960	66	0.530	45
0.0	71.420	68	0.210	41
1.0	71.420	68	0.210	41
1.0	71.940	56	2.690	61
0.0	71.940	56	2.690	61
0.0	71.940	37	4.180	69
1.0	71.940	37	4.180	69
1.0	71.960	68	4.170	77
0.0	71.960	49	3.920	49
1.0	71.960	49	3.920	49
0.0	71.960	68	4.170	77
0.0	72.960	61	1.990	41
1.0	72.960	61	1.990	41
1.0	73.940	64	2.130	45
0.0	73.940	64	2.130	45
0.0	74.900	56	1.740	45
1.0	74.900	56	1.740	45
1.0	75.960	61	1.140	33
0.0	75.960	61	1.140	33
1.0	76.880	64	1.800	45
0.0	76.880	64	1.800	45
1.0	77.880	30	3.850	45
0.0	77.880	42	3.990	25
0.0	77.880	30	3.850	45
1.0	77.880	42	3.990	25
1.0	77.900	57	2.560	57
0.0	77.900	69	4.130	65
0.0	77.900	57	2.560	57
1.0	77.900	69	4.130	65
1.0	78.980	61	2.800	57
0.0	78.980	61	2.800	57
1.0	79.940	66	2.800	53
0.0	79.940	66	2.800	53
0.0	80.940	57	2.200	49
1.0	80.940	57	2.200	49
1.0	81.940	61	0.980	49
0.0	81.940	61	0.980	49
1.0	82.920	66	0.850	69
0.0	82.920	66	0.850	69
0.0	83.870	68	4.540	69
1.0	83.870	35	5.380	61
0.0	83.870	35	5.380	61
1.0	83.870	68	4.540	69
1.0	83.880	47	5.440	57
0.0	83.880	47	5.440	57
0.0	83.900	56	2.380	33
1.0	83.900	56	2.380	33
0.0	84.920	59	1.620	45
1.0	84.920	59	1.620	45
1.0	85.960	64	2.200	49
0.0	85.960	64	2.200	49
0.0	86.980	56	2.900	53
1.0	86.980	56	2.900	53
1.0	87.940	59	2.140	49
0.0	87.940	59	2.140	49
0.0	88.960	64	1.130	41
1.0	88.960	64	1.130	41
1.0	89.980	47	5.100	25
1.0	89.980	57	1.520	49
0.0	89.980	57	1.520	49
0.0	89.980	47	5.100	25
1.0	89.980	35	4.960	29
0.0	89.980	35	4.960	29
1.0	90.0	66	1.150	61
0.0	90.0	66	1.150	61
0.0	91.100	59	0.750	49
1.0	91.100	59	0.750	49
0.0	91.870	63	0.190	29
1.0	91.870	63	0.190	29
1.0	92.900	71	1.220	37
1.0	92.900	57	0.690	41
0.0	92.900	71	1.220	37
0.0	92.900	57	0.690	41
0.0	94.0	59	0.920	25
1.0	94.0	59	0.920	25
0.0	94.960	63	0.160	57
1.0	94.960	63	0.160	57
0.0	95.920	40	11.970	41
1.0	95.920	40	11.970	41
1.0	95.920	52	11.960	45
0.0	95.920	52	11.960	45
0.0	95.940	64	1.240	53
1.0	95.940	56	2.400	29
0.0	95.940	56	2.400	29
1.0	95.940	64	1.240	53
0.0	97.500	59	2.400	41
1.0	97.500	59	2.400	41
0.0	97.940	64	1.920	45
1.0	97.940	64	1.920	45
1.0	98.920	56	1.350	37
0.0	98.920	56	1.350	37
1.0	99.920	59	1.270	29
0.0	99.920	59	1.270	29
1.0	100.960	64	1.190	33
0.0	100.960	64	1.190	33
0.0	101.900	56	1.130	41
1.0	101.900	56	1.130	41
1.0	102.960	59	1.140	41
0.0	102.960	59	1.140	41
1.0	104.100	64	1.220	53
0.0	104.100	64	1.220	53
1.0	105.100	56	1.600	41
0.0	105.100	56	1.600	41
0.0	106.100	59	1.180	49
1.0	106.100	59	1.180	49
1.0	107.100	64	0.850	45
0.0	107.100	64	0.850	45
0.0	108.0	55	2.600	37
1.0	108.0	55	2.600	37
0.0	108.100	52	10.200	25
0.0	108.100	40	10.200	57
1.0	108.100	52	10.200	25
1.0	108.100	40	10.200	57
1.0	108.940	59	1.150	61
0.0	108.940	59	1.150	61
0.0	109.960	64	2.130	45
1.0	109.960	64	2.130	45
0.0	110.940	55	2.600	61
1.0	110.940	55	2.600	61
0.0	111.980	59	2.100	45
1.0	111.980	59	2.100	45
0.0	112.940	64	2.150	49
1.0	112.940	64	2.150	49
0.0	113.960	55	2.330	57
1.0	113.960	55	2.330	57
1.0	114.940	59	1.380	49
0.0	114.940	59	1.380	49
0.0	115.920	64	1.600	45
1.0	115.920	64	1.600	45
1.0	116.900	55	2.650	29
1.0	116.900	67	1.950	61
0.0	116.900	55	2.650	29
0.0	116.900	67	1.950	61
0.0	117.920	59	1.540	29
1.0	117.920	59	1.540	29
1.0	118.860	64	0.560	53
0.0	118.860	64	0.560	53
1.0	119.340	67	0.330	85
0.0	119.340	67	0.330	85
0.0	119.920	50	10.490	37
1.0	119.920	50	10.490	37
1.0	119.940	67	7.170	101
1.0	119.940	38	10.560	53
0.0	119.940	55	2.590	69
0.0	119.940	38	10.560	53
1.0	119.940	55	2.590	69
0.0	119.940	67	7.170	101
0.0	120.960	59	2.500	33
1.0	120.960	59	2.500	33
1.0	121.900	65	2.280	45
0.0	121.900	65	2.280	45
1.0	122.900	55	2.580	65
0.0	122.900	55	2.580	65
1.0	123.900	59	2.270	33
0.0	123.900	59	2.270	33
1.0	124.900	65	2.250	53
0.0	124.900	65	2.250	53
1.0	125.920	55	2.400	49
0.0	125.920	55	2.400	49
0.0	126.920	59	1.630	37
1.0	126.920	59	1.630	37
1.0	127.920	65	2.270	37
0.0	127.920	65	2.270	37
0.0	128.880	55	2.680	61
1.0	128.880	55	2.680	61
0.0	128.900	67	2.200	61
1.0	128.900	67	2.200	61
1.0	129.900	59	1.520	17
0.0	129.900	59	1.520	17
0.0	130.860	65	0.600	45
1.0	130.860	65	0.600	45
1.0	131.360	67	0.270	53
0.0	131.360	67	0.270	53
0.0	131.920	48	2.900	53
0.0	131.920	36	2.130	69
1.0	131.920	36	2.130	69
1.0	131.920	48	2.900	53
1.0	131.940	67	5.940	81
1.0	131.940	55	2.540	53
0.0	131.940	67	5.940	81
0.0	131.940	55	2.540	53
1.0	132.980	60	1.270	53
0.0	132.980	60	1.270	53
1.0	133.940	64	2.130	49
0.0	133.940	64	2.130	49
0.0	134.920	47	2.800	37
1.0	134.920	47	2.800	37
1.0	134.920	35	2.400	49
0.0	134.920	35	2.400	49
0.0	134.940	55	2.550	53
1.0	134.940	55	2.550	53
0.0	135.960	59	1.600	61
1.0	135.960	59	1.600	61
1.0	136.960	64	2.170	53
0.0	136.960	64	2.170	53
0.0	137.920	46	4.690	37
1.0	137.920	34	4.940	49
1.0	137.920	46	4.690	37
0.0	137.920	34	4.940	49
1.0	137.940	55	2.170	53
0.0	137.940	55	2.170	53
0.0	138.920	61	1.630	49
1.0	138.920	61	1.630	49
0.0	139.980	64	1.130	45
1.0	139.980	64	1.130	45
0.0	140.940	54	2.470	37
1.0	140.940	54	2.470	37
0.0	140.960	66	2.400	57
1.0	140.960	66	2.400	57
0.0	141.960	61	1.460	25
1.0	141.960	61	1.460	25
1.0	142.940	64	1.150	53
0.0	142.940	64	1.150	53
0.0	143.900	47	5.960	49
0.0	143.900	54	2.540	57
1.0	143.900	54	2.540	57
1.0	143.900	47	5.960	49
1.0	143.900	35	6.200	61
0.0	143.900	35	6.200	61
0.0	143.920	66	4.260	53
1.0	143.920	66	4.260	53
1.0	145.0	59	2.200	29
0.0	145.0	59	2.200	29
1.0	146.100	62	1.870	29
0.0	146.100	62	1.870	29
0.0	146.980	54	1.960	41
1.0	146.980	54	1.960	41
1.0	147.980	59	1.920	41
0.0	147.980	59	1.920	41
0.0	148.960	62	1.600	41
1.0	148.960	62	1.600	41
1.0	149.920	55	1.810	45
1.0	149.920	40	2.980	89
1.0	149.920	67	1.560	53
0.0	149.920	67	1.560	53
0.0	149.920	40	2.980	89
0.0	149.920	55	1.810	45
1.0	150.980	59	1.100	37
0.0	150.980	59	1.100	37
1.0	151.870	61	1.150	49
0.0	151.870	61	1.150	49
1.0	152.860	43	3.100	57
0.0	152.860	43	3.100	57
0.0	152.880	52	1.680	53
1.0	152.880	52	1.680	53
0.0	152.900	64	1.310	85
1.0	152.900	64	1.310	85
0.0	153.940	59	1.930	61
1.0	153.940	59	1.930	61
0.0	154.980	61	0.910	61
1.0	154.980	61	0.910	61
0.0	155.900	66	5.170	57
1.0	155.900	66	5.170	57
1.0	155.900	54	2.250	37
0.0	155.900	54	2.250	37
0.0	155.920	42	5.170	41
1.0	155.920	42	5.170	41
1.0	156.880	59	1.390	45
0.0	156.880	59	1.390	45
1.0	157.900	62	2.700	53
0.0	157.900	62	2.700	53
1.0	158.900	54	2.430	61
0.0	158.900	54	2.430	61
0.0	159.880	59	1.180	49
1.0	159.880	59	1.180	49
1.0	160.820	62	1.170	49
0.0	160.820	62	1.170	49
1.0	161.860	54	2.600	41
0.0	161.860	54	2.600	41
1.0	161.870	66	6.210	53
0.0	161.870	42	4.480	37
1.0	161.870	42	4.480	37
0.0	161.870	30	4.300	69
0.0	161.870	66	6.210	53
1.0	161.870	30	4.300	69
1.0	162.940	58	1.960	41
0.0	162.940	58	1.960	41
1.0	164.100	61	1.970	37
0.0	164.100	61	1.970	37
0.0	164.940	54	2.800	37
1.0	164.940	54	2.800	37
0.0	165.920	58	1.400	57
1.0	165.920	58	1.400	57
0.0	166.960	61	1.0	25
1.0	166.960	61	1.0	25
0.0	167.920	59	2.600	37
1.0	167.920	59	2.600	37
1.0	167.940	47	13.780	41
0.0	167.940	47	13.780	41
0.0	167.940	35	13.630	45
1.0	167.940	35	13.630	45
0.0	168.900	62	1.240	53
1.0	168.900	62	1.240	53
1.0	169.900	66	2.800	33
0.0	169.900	66	2.800	33
0.0	170.920	59	2.490	53
1.0	170.920	59	2.490	53
1.0	171.870	62	1.130	41
0.0	171.870	62	1.130	41
1.0	172.940	66	2.130	49
0.0	172.940	66	2.130	49
0.0	173.980	59	2.110	37
1.0	173.980	59	2.110	37
0.0	174.920	63	2.100	61
1.0	174.920	63	2.100	61
1.0	175.920	66	1.100	57
0.0	175.920	66	1.100	57
0.0	176.900	71	2.400	89
1.0	176.900	59	2.420	53
1.0	176.900	71	2.400	89
0.0	176.900	59	2.420	53
0.0	177.920	63	1.880	41
1.0	177.920	63	1.880	41
0.0	178.920	66	1.100	37
1.0	178.920	66	1.100	37
1.0	179.940	72	6.830	53
0.0	179.940	72	6.830	53
1.0	179.960	59	2.460	53
0.0	179.960	59	2.460	53
0.0	180.980	64	2.170	29
1.0	180.980	64	2.170	29
1.0	181.960	67	2.900	37
0.0	181.960	67	2.900	37
1.0	182.920	59	2.140	45
0.0	182.920	59	2.140	45
1.0	182.940	40	1.540	41
0.0	182.940	40	1.540	41
1.0	182.940	52	1.780	25
0.0	182.940	52	1.780	25
1.0	183.960	64	2.700	61
0.0	183.960	64	2.700	61
1.0	184.880	67	2.230	41
0.0	184.880	67	2.230	41
0.0	185.900	55	1.230	53
1.0	185.900	43	1.330	49
1.0	185.900	55	1.230	53
0.0	185.900	59	2.220	53
1.0	185.900	59	2.220	53
0.0	185.900	43	1.330	49
0.0	186.920	64	1.320	37
1.0	186.920	64	1.320	37
1.0	187.960	67	0.960	53
0.0	187.960	67	0.960	53
1.0	188.920	70	1.230	73
0.0	188.920	70	1.230	73
0.0	188.940	52	1.400	45
1.0	188.940	52	1.400	45
1.0	188.940	59	2.350	53
0.0	188.940	59	2.350	53
1.0	188.940	40	1.650	45
0.0	188.940	40	1.650	45
1.0	189.960	64	1.370	29
0.0	189.960	64	1.370	29
1.0	190.920	67	1.800	33
0.0	190.920	67	1.800	33
0.0	191.850	47	11.300	33
1.0	191.850	47	11.300	33
0.0	191.860	35	11.200	41
1.0	191.860	35	11.200	41
1.0	191.880	71	8.100	61
0.0	191.880	59	2.510	37
0.0	191.880	71	8.100	61
1.0	191.880	59	2.510	37
1.0	192.900	63	2.700	5
0.0	192.900	63	2.700	5
1.0	193.900	66	2.700	37
0.0	193.900	66	2.700	37
0.0	194.900	59	2.360	45
1.0	194.900	59	2.360	45
1.0	195.920	63	1.500	45
0.0	195.920	63	1.500	45
1.0	196.920	66	2.800	41
0.0	196.920	66	2.800	41
0.0	197.880	59	2.330	41
1.0	197.880	59	2.330	41
1.0	198.920	63	2.100	57
0.0	198.920	63	2.100	57
1.0	199.920	66	1.100	37
0.0	199.920	66	1.100	37
0.0	200.940	71	2.800	69
1.0	200.940	71	2.800	69
0.0	200.940	59	2.350	61
1.0	200.940	59	2.350	61
1.0	201.920	63	1.400	41
0.0	201.920	63	1.400	41
1.0	202.980	66	0.960	49
0.0	202.980	66	0.960	49
1.0	203.940	59	2.350	37
0.0	203.940	59	2.350	37
1.0	203.960	72	5.730	53
0.0	203.960	72	5.730	53
0.0	204.960	64	2.150	49
1.0	204.960	64	2.150	49
0.0	205.940	67	2.190	49
1.0	205.940	67	2.190	49
0.0	206.940	59	2.500	77
1.0	206.940	59	2.500	77
1.0	206.960	40	1.770	65
0.0	206.960	40	1.770	65
1.0	206.960	52	1.950	61
0.0	206.960	52	1.950	61
1.0	207.900	64	2.170	45
0.0	207.900	64	2.170	45
0.0	208.920	67	2.190	65
1.0	208.920	67	2.190	65
0.0	209.920	55	0.920	69
1.0	209.920	55	0.920	69
1.0	209.940	59	2.550	53
0.0	209.940	59	2.550	53
0.0	209.940	43	1.130	65
1.0	209.940	43	1.130	65
0.0	211.0	64	1.590	57
1.0	211.0	64	1.590	57
1.0	211.980	67	1.200	61
0.0	211.980	67	1.200	61
0.0	212.960	40	1.250	89
1.0	212.960	70	1.310	77
0.0	212.960	52	1.600	53
0.0	212.960	70	1.310	77
1.0	212.960	52	1.600	53
1.0	212.960	40	1.250	89
0.0	212.980	59	2.520	49
1.0	212.980	59	2.520	49
1.0	213.960	64	1.170	41
0.0	213.960	64	1.170	41
1.0	214.960	67	1.600	41
0.0	214.960	67	1.600	41
0.0	215.920	47	4.110	49
1.0	215.920	59	2.380	49
1.0	215.920	47	4.110	49
1.0	215.920	71	5.600	77
0.0	215.920	71	5.600	77
0.0	215.920	59	2.380	49
0.0	215.940	35	4.190	77
1.0	215.940	35	4.190	77
1.0	217.500	63	2.240	41
0.0	217.500	63	2.240	41
1.0	218.0	66	2.500	57
0.0	218.0	66	2.500	57
0.0	218.960	59	2.400	49
1.0	218.960	59	2.400	49
1.0	219.920	63	2.200	41
0.0	219.920	63	2.200	41
1.0	220.920	66	1.150	41
0.0	220.920	66	1.150	41
1.0	221.960	32	3.200	61
1.0	221.960	59	2.480	33
0.0	221.960	32	3.200	61
0.0	221.960	44	3.900	37
1.0	221.960	44	3.900	37
0.0	221.960	59	2.480	33
1.0	221.980	71	5.300	41
0.0	221.980	71	5.300	41
0.0	222.960	62	1.790	53
1.0	222.960	62	1.790	53
1.0	223.960	65	1.920	45
0.0	223.960	65	1.920	45
1.0	224.920	59	2.330	49
0.0	224.920	59	2.330	49
0.0	225.800	32	0.310	1
1.0	225.800	32	0.310	1
0.0	225.860	62	1.600	49
1.0	225.860	62	1.600	49
1.0	226.850	65	1.150	41
0.0	226.850	65	1.150	41
1.0	227.900	41	5.0	41
0.0	227.900	41	5.0	41
0.0	227.920	29	5.170	45
1.0	227.920	29	5.170	45
0.0	227.920	71	4.970	57
1.0	227.920	71	4.970	57
1.0	227.920	59	2.400	49
0.0	227.920	59	2.400	49
1.0	229.500	61	1.790	57
0.0	229.500	61	1.790	57
1.0	229.940	68	2.600	29
0.0	229.940	68	2.600	29
0.0	231.100	59	2.230	53
1.0	231.100	59	2.230	53
0.0	231.920	61	2.380	73
1.0	231.920	61	2.380	73
1.0	232.900	68	0.920	41
0.0	232.900	68	0.920	41
1.0	233.880	42	4.770	41
0.0	233.880	42	4.770	41
1.0	233.900	69	2.190	41
1.0	233.900	57	2.510	45
0.0	233.900	69	2.190	41
0.0	233.900	57	2.510	45
1.0	233.920	30	4.560	57
0.0	233.920	30	4.560	57
1.0	235.0	61	2.500	37
0.0	235.0	61	2.500	37
1.0	235.980	66	2.140	49
0.0	235.980	66	2.140	49
0.0	236.920	57	2.520	41
1.0	236.920	57	2.520	41
0.0	237.940	61	1.800	37
1.0	237.940	61	1.800	37
0.0	238.880	66	0.990	49
1.0	238.880	66	0.990	49
0.0	239.880	67	5.600	61
1.0	239.880	67	5.600	61
1.0	239.900	55	2.490	29
0.0	239.900	55	2.490	29
0.0	239.920	35	5.210	41
0.0	239.920	47	5.260	25
1.0	239.920	35	5.210	41
1.0	239.920	47	5.260	25
0.0	240.900	59	2.110	33
1.0	240.900	59	2.110	33
1.0	241.880	62	2.130	33
0.0	241.880	62	2.130	33
1.0	242.940	55	2.440	45
0.0	242.940	55	2.440	45
1.0	243.940	59	1.640	37
0.0	243.940	59	1.640	37
1.0	244.940	62	0.990	45
0.0	244.940	62	0.990	45
0.0	245.960	66	4.800	49
1.0	245.960	48	4.440	29
0.0	245.960	48	4.440	29
1.0	245.960	66	4.800	49
1.0	245.960	54	2.480	61
0.0	245.960	54	2.480	61
0.0	245.980	36	4.560	69
1.0	245.980	36	4.560	69
1.0	246.980	57	1.920	53
0.0	246.980	57	1.920	53
1.0	247.940	63	2.190	49
0.0	247.940	63	2.190	49
0.0	248.920	54	2.150	37
1.0	248.920	54	2.150	37
0.0	249.920	57	1.210	57
1.0	249.920	57	1.210	57
0.0	250.960	63	0.250	49
1.0	250.960	63	0.250	49
0.0	251.920	49	2.290	49
1.0	251.920	49	2.290	49
0.0	251.940	30	6.0	33
1.0	251.940	30	6.0	33
1.0	251.940	42	5.940	25
0.0	251.940	42	5.940	25
1.0	251.960	61	4.460	61
0.0	251.960	61	4.460	61
0.0	252.940	54	1.360	37
1.0	252.940	54	1.360	37
1.0	253.960	57	2.150	29
0.0	253.960	57	2.150	29
1.0	254.920	49	2.160	37
0.0	254.920	49	2.160	37
1.0	255.900	54	1.480	49
0.0	255.900	54	1.480	49
0.0	256.880	57	1.160	49
1.0	256.880	57	1.160	49
1.0	257.940	49	2.520	37
0.0	257.940	49	2.520	37
0.0	257.940	61	2.190	65
1.0	257.940	61	2.190	65
1.0	257.940	37	4.980	57
0.0	257.940	37	4.980	57
0.0	258.880	54	1.230	57
1.0	258.880	54	1.230	57
1.0	259.940	56	2.500	41
0.0	259.940	56	2.500	41
0.0	260.980	49	2.800	37
1.0	260.980	61	3.100	37
1.0	260.980	49	2.800	37
0.0	260.980	61	3.100	37
1.0	261.960	53	0.940	33
0.0	261.960	53	0.940	33
0.0	262.960	56	0.940	25
1.0	262.960	56	0.940	25
0.0	263.920	42	10.290	45
1.0	263.920	42	10.290	45
1.0	263.940	54	1.380	53
1.0	263.940	30	10.230	53
0.0	263.940	30	10.230	53
0.0	263.940	54	1.380	53
1.0	264.900	57	0.990	45
0.0	264.900	57	0.990	45
1.0	265.940	61	1.100	37
0.0	265.940	61	1.100	37
1.0	266.920	57	1.920	49
0.0	266.920	57	1.920	49
0.0	267.920	61	1.150	37
1.0	267.920	61	1.150	37
1.0	268.940	66	1.100	49
0.0	268.940	66	1.100	49
1.0	269.960	61	1.310	57
0.0	269.960	61	1.310	57
1.0	270.940	66	1.190	25
0.0	270.940	66	1.190	25
0.0	272.0	69	1.700	5
1.0	272.0	69	1.700	5
1.0	272.960	73	1.940	49
1.0	272.960	61	2.820	37
0.0	272.960	73	1.940	49
0.0	272.960	61	2.820	37
0.0	273.960	66	1.250	25
1.0	273.960	66	1.250	25
1.0	274.880	69	0.580	37
0.0	274.880	69	0.580	37
1.0	275.420	73	0.230	57
0.0	275.420	73	0.230	57
0.0	276.0	53	10.690	81
0.0	276.0	61	2.460	45
1.0	276.0	61	2.460	45
1.0	276.0	53	10.690	81
0.0	276.200	73	4.860	69
1.0	276.200	73	4.860	69
0.0	276.500	41	10.350	5
1.0	276.500	41	10.350	5
1.0	277.700	68	1.970	29
0.0	277.700	68	1.970	29
1.0	277.980	71	1.940	17
0.0	277.980	71	1.940	17
1.0	278.920	61	2.560	45
0.0	278.920	61	2.560	45
0.0	279.980	68	2.300	1
1.0	279.980	68	2.300	1
0.0	280.900	71	2.270	17
1.0	280.900	71	2.270	17
1.0	281.920	61	2.460	49
0.0	281.920	61	2.460	49
0.0	282.940	68	1.540	25
1.0	282.940	68	1.540	25
1.0	283.960	71	1.130	33
0.0	283.960	71	1.130	33
1.0	284.940	61	2.650	41
0.0	284.940	73	1.850	57
0.0	284.940	61	2.650	41
1.0	284.940	73	1.850	57
0.0	285.960	68	1.310	33
1.0	285.960	68	1.310	33
1.0	286.880	71	0.600	1
0.0	286.880	71	0.600	1
0.0	287.350	73	0.320	41
1.0	287.350	73	0.320	41
0.0	287.940	73	4.250	89
0.0	287.940	42	5.0	41
1.0	287.940	54	4.860	41
1.0	287.940	42	5.0	41
1.0	287.940	73	4.250	89
0.0	287.940	54	4.860	41
1.0	287.960	61	2.440	65
0.0	287.960	61	2.440	65
0.0	288.960	66	1.550	17
1.0	288.960	66	1.550	17
1.0	289.960	69	2.230	49
0.0	289.960	69	2.230	49
1.0	290.960	61	2.110	77
0.0	290.960	61	2.110	77
1.0	291.940	66	1.150	61
0.0	291.940	66	1.150	61
1.0	292.960	69	1.150	65
0.0	292.960	69	1.150	65
0.0	293.980	72	1.650	65
0.0	293.980	51	2.400	53
1.0	293.980	39	2.700	69
1.0	293.980	51	2.400	53
0.0	293.980	39	2.700	69
1.0	293.980	60	1.890	49
1.0	293.980	72	1.650	65
0.0	293.980	60	1.890	49
1.0	294.980	66	1.600	49
0.0	294.980	66	1.600	49
1.0	295.960	69	1.150	41
0.0	295.960	69	1.150	41
1.0	296.940	61	2.400	49
0.0	296.940	49	1.770	53
1.0	296.940	49	1.770	53
1.0	296.940	37	2.0	69
0.0	296.940	61	2.400	49
0.0	296.940	37	2.0	69
1.0	296.940	73	1.960	57
0.0	296.940	73	1.960	57
0.0	297.960	66	1.610	53
1.0	297.960	66	1.610	53
0.0	298.960	69	1.700	69
1.0	298.960	69	1.700	69
1.0	299.920	36	8.290	37
0.0	299.920	44	8.400	77
0.0	299.920	36	8.290	37
1.0	299.920	44	8.400	77
0.0	299.940	75	7.550	73
0.0	299.940	48	8.400	33
1.0	299.940	75	7.550	73
1.0	299.940	48	8.400	33
1.0	299.960	63	2.420	53
0.0	299.960	63	2.420	53
1.0	301.0	66	1.800	37
0.0	301.0	66	1.800	37
0.0	301.900	68	2.310	37
1.0	301.900	68	2.310	37
0.0	302.920	63	2.480	29
1.0	302.920	63	2.480	29
0.0	303.960	66	1.100	25
1.0	303.960	66	1.100	25
0.0	304.940	68	2.300	45
1.0	304.940	68	2.300	45
0.0	305.940	63	2.200	37
1.0	305.940	63	2.200	37
1.0	306.920	66	1.440	17
0.0	306.920	66	1.440	17
0.0	307.920	68	1.120	57
1.0	307.920	68	1.120	57
0.0	308.960	75	2.190	69
1.0	308.960	75	2.190	69
1.0	308.980	63	1.880	57
0.0	308.980	63	1.880	57
1.0	308.980	48	2.700	37
0.0	308.980	48	2.700	37
1.0	308.980	36	1.980	33
0.0	308.980	44	2.100	41
0.0	308.980	36	1.980	33
1.0	308.980	44	2.100	41
1.0	310.900	66	0.950	37
0.0	310.900	66	0.950	37
1.0	310.940	68	0.350	33
0.0	310.940	68	0.350	33
1.0	311.920	49	4.490	45
1.0	311.920	76	2.210	49
0.0	311.920	49	4.490	45
0.0	311.920	76	2.210	49
1.0	311.940	37	4.690	49
0.0	311.940	37	4.690	49
1.0	311.960	64	2.170	49
1.0	311.960	44	4.560	89
0.0	311.960	64	2.170	49
0.0	311.960	44	4.560	89
1.0	312.940	68	2.110	13
0.0	312.940	68	2.110	13
0.0	313.900	73	2.900	17
1.0	313.900	73	2.900	17
0.0	314.900	64	2.170	45
1.0	314.900	64	2.170	45
1.0	315.920	68	1.900	41
0.0	315.920	68	1.900	41
1.0	316.940	73	1.600	65
0.0	316.940	73	1.600	65
0.0	317.920	42	2.380	25
0.0	317.920	63	2.210	17
1.0	317.920	63	2.210	17
1.0	317.920	30	2.300	57
0.0	317.920	75	1.460	69
1.0	317.920	75	1.460	69
1.0	317.920	42	2.380	25
0.0	317.920	30	2.300	57
0.0	318.940	66	1.550	53
1.0	318.940	66	1.550	53
0.0	319.980	69	1.400	45
1.0	319.980	69	1.400	45
0.0	320.960	43	2.130	49
0.0	320.960	61	2.520	37
1.0	320.960	61	2.520	37
1.0	320.960	43	2.130	49
0.0	320.980	73	1.900	57
0.0	320.980	31	2.300	61
1.0	320.980	31	2.300	61
1.0	320.980	73	1.900	57
1.0	321.960	64	1.920	33
0.0	321.960	64	1.920	33
1.0	322.900	70	1.0	33
0.0	322.900	70	1.0	33
0.0	323.900	72	1.290	61
1.0	323.900	72	1.290	61
0.0	323.920	44	0.960	49
1.0	323.920	44	0.960	49
1.0	323.920	32	0.990	49
0.0	323.920	32	0.990	49
0.0	324.960	60	2.130	37
1.0	324.960	60	2.130	37
1.0	325.900	63	1.100	53
0.0	325.900	63	1.100	53
1.0	326.900	68	2.800	49
0.0	326.900	68	2.800	49
0.0	327.940	60	2.560	17
1.0	327.940	60	2.560	17
1.0	328.920	63	1.500	45
0.0	328.920	63	1.500	45
1.0	329.920	69	1.790	65
0.0	329.920	69	1.790	65
0.0	330.920	60	2.310	29
1.0	330.920	60	2.310	29
0.0	331.850	63	1.110	25
1.0	331.850	63	1.110	25
1.0	332.960	66	1.210	57
0.0	332.960	66	1.210	57
0.0	333.960	60	1.270	29
1.0	333.960	60	1.270	29
1.0	334.980	63	1.940	41
0.0	334.980	63	1.940	41
0.0	335.940	44	11.310	53
1.0	335.940	32	11.190	57
1.0	335.940	44	11.310	53
0.0	335.940	32	11.190	57
0.0	337.900	60	0.970	13
1.0	337.900	60	0.970	13
1.0	338.200	63	1.200	49
0.0	338.200	63	1.200	49
1.0	338.960	56	1.130	49
0.0	338.960	56	1.130	49
1.0	339.960	60	1.800	41
0.0	339.960	60	1.800	41
0.0	340.980	63	1.110	73
1.0	340.980	63	1.110	73
1.0	341.980	57	2.0	69
0.0	341.980	57	2.0	69
1.0	342.960	60	1.920	57
0.0	342.960	60	1.920	57
1.0	343.960	63	1.890	57
0.0	343.960	63	1.890	57
0.0	345.0	54	1.670	57
1.0	345.0	54	1.670	57
0.0	345.940	60	1.400	49
1.0	345.940	60	1.400	49
1.0	346.960	63	1.200	57
0.0	346.960	63	1.200	57
1.0	347.980	32	11.270	57
0.0	347.980	32	11.270	57
1.0	348.0	44	11.330	61
0.0	348.0	44	11.330	61
0.0	348.100	52	1.200	69
1.0	348.100	52	1.200	69
0.0	349.300	64	2.560	61
1.0	349.300	64	2.560	61
0.0	350.0	68	1.900	73
1.0	350.0	68	1.900	73
1.0	351.100	73	5.100	61
0.0	351.100	73	5.100	61
0.0	352.0	64	2.750	69
1.0	352.0	64	2.750	69
1.0	353.100	68	2.400	53
0.0	353.100	68	2.400	53
0.0	354.100	76	1.980	77
1.0	354.100	76	1.980	77
0.0	354.980	64	2.290	45
1.0	354.980	64	2.290	45
0.0	355.960	68	2.200	61
1.0	355.960	68	2.200	61
0.0	356.920	73	3.800	57
1.0	356.920	73	3.800	57
0.0	357.900	64	2.180	53
1.0	357.900	64	2.180	53
1.0	358.940	68	1.100	61
0.0	358.940	68	1.100	61
1.0	359.920	32	11.290	61
0.0	359.920	44	11.420	57
0.0	359.920	32	11.290	61
1.0	359.920	44	11.420	57
1.0	360.960	52	2.710	53
0.0	360.960	52	2.710	53
1.0	361.920	56	2.380	57
0.0	361.920	56	2.380	57
0.0	362.980	61	5.210	41
1.0	362.980	61	5.210	41
1.0	363.980	52	2.590	49
0.0	363.980	52	2.590	49
0.0	364.900	56	2.460	69
1.0	364.900	56	2.460	69
0.0	365.860	64	3.480	49
1.0	365.860	64	3.480	49
1.0	366.900	52	2.550	57
0.0	366.900	52	2.550	57
1.0	367.920	56	2.270	77
0.0	367.920	56	2.270	77
1.0	368.920	61	1.670	77
0.0	368.920	61	1.670	77
1.0	369.980	52	1.210	85
0.0	369.980	52	1.210	85
0.0	370.960	56	1.160	53
1.0	370.960	56	1.160	53
0.0	372.300	51	1.520	57
1.0	372.300	51	1.520	57
0.0	372.400	44	11.420	57
1.0	372.400	44	11.420	57
0.0	372.500	32	11.350	57
1.0	372.500	32	11.350	57
0.0	373.300	57	1.420	61
1.0	373.300	57	1.420	61
1.0	373.960	54	0.790	61
0.0	373.960	54	0.790	61
1.0	374.960	60	0.980	69
0.0	374.960	60	0.980	69
1.0	375.940	57	0.990	69
0.0	375.940	57	0.990	69
1.0	376.940	63	1.800	57
0.0	376.940	63	1.800	57
0.0	377.980	60	1.600	69
1.0	377.980	60	1.600	69
0.0	379.0	66	1.110	53
1.0	379.0	66	1.110	53
0.0	379.920	63	1.260	57
1.0	379.920	63	1.260	57
1.0	380.960	69	1.230	65
0.0	380.960	69	1.230	65
0.0	381.940	66	1.400	53
1.0	381.940	66	1.400	53
0.0	383.100	72	0.190	61
1.0	383.100	72	0.190	61
0.0	384.300	32	11.140	69
1.0	384.300	32	11.140	69
0.0	384.400	44	11.170	73
0.0	384.400	52	0.920	69
1.0	384.400	44	11.170	73
1.0	384.400	52	0.920	69
0.0	385.300	61	0.940	57
1.0	385.300	61	0.940	57
0.0	385.980	56	0.810	53
1.0	385.980	56	0.810	53
0.0	386.980	64	0.920	61
1.0	386.980	64	0.920	61
0.0	387.940	61	0.770	49
1.0	387.940	61	0.770	49
0.0	388.940	68	1.0	53
1.0	388.940	68	1.0	53
0.0	389.870	64	4.820	53
1.0	389.870	64	4.820	53
1.0	390.960	73	1.440	49
0.0	390.960	73	1.440	49
1.0	391.980	68	0.960	37
0.0	391.980	68	0.960	37
0.0	392.960	76	1.190	53
1.0	392.960	76	1.190	53
1.0	394.0	73	1.110	37
0.0	394.0	73	1.110	37
1.0	394.980	68	0.250	49
0.0	394.980	68	0.250	49
1.0	395.960	44	11.380	73
0.0	395.960	44	11.380	73
1.0	395.980	32	11.280	53
0.0	395.980	32	11.280	53
0.0	395.980	61	1.100	89
1.0	395.980	61	1.100	89
0.0	396.980	67	0.940	53
1.0	396.980	67	0.940	53
1.0	397.940	64	0.920	49
0.0	397.940	64	0.920	49
1.0	398.940	70	0.940	53
0.0	398.940	70	0.940	53
1.0	399.920	67	1.0	57
0.0	399.920	67	1.0	57
1.0	400.920	73	1.200	53
0.0	400.920	73	1.200	53
0.0	401.920	70	0.970	57
1.0	401.920	70	0.970	57
0.0	402.940	76	1.150	49
1.0	402.940	76	1.150	49
0.0	403.940	73	1.190	49
1.0	403.940	73	1.190	49
1.0	404.920	79	1.210	53
0.0	404.920	79	1.210	53
0.0	405.920	76	1.0	57
1.0	405.920	76	1.0	57
0.0	406.940	82	0.190	89
1.0	406.940	82	0.190	89
1.0	407.940	66	1.600	53
0.0	407.940	66	1.600	53
0.0	407.940	44	35.270	105
1.0	407.940	44	35.270	105
1.0	407.960	32	35.170	93
0.0	407.960	32	35.170	93
0.0	409.400	72	1.100	61
1.0	409.400	72	1.100	61
0.0	409.960	69	0.960	69
1.0	409.960	69	0.960	69
1.0	410.940	75	1.800	61
0.0	410.940	75	1.800	61
0.0	411.940	72	1.400	61
1.0	411.940	72	1.400	61
0.0	412.920	78	1.130	57
1.0	412.920	78	1.130	57
0.0	413.900	75	1.200	57
1.0	413.900	75	1.200	57
1.0	414.960	81	1.150	65
0.0	414.960	81	1.150	65
0.0	415.860	78	1.140	57
1.0	415.860	78	1.140	57
0.0	416.900	84	1.250	65
1.0	416.900	84	1.250	65
0.0	417.940	81	1.130	49
1.0	417.940	81	1.130	49
1.0	418.900	90	1.170	73
0.0	418.900	90	1.170	73
0.0	419.940	84	1.500	37
1.0	419.940	84	1.500	37
0.0	420.980	78	0.980	57
1.0	420.980	78	0.980	57
0.0	421.940	81	1.400	49
1.0	421.940	81	1.400	49
1.0	422.940	75	1.0	57
0.0	422.940	75	1.0	57
0.0	423.900	78	1.120	37
1.0	423.900	78	1.120	37
0.0	424.920	72	1.100	41
1.0	424.920	72	1.100	41
0.0	425.920	75	1.600	57
1.0	425.920	75	1.600	57
0.0	426.860	69	1.600	41
1.0	426.860	69	1.600	41
1.0	427.850	72	1.200	45
0.0	427.850	72	1.200	45
1.0	428.880	66	1.130	57
0.0	428.880	66	1.130	57
0.0	429.940	69	0.990	53
1.0	429.940	69	0.990	53
0.0	430.920	63	0.980	45
1.0	430.920	63	0.980	45
0.0	431.940	66	0.990	49
1.0	431.940	66	0.990	49
0.0	432.980	60	0.940	53
1.0	432.980	60	0.940	53
0.0	433.920	63	1.130	53
1.0	433.920	63	1.130	53
0.0	434.920	57	1.130	53
1.0	434.920	57	1.130	53
1.0	435.940	60	0.960	57
0.0	435.940	60	0.960	57
1.0	436.960	54	1.130	37
0.0	436.960	54	1.130	37
0.0	437.920	57	1.350	69
1.0	437.920	57	1.350	69
0.0	438.920	51	1.180	37
1.0	438.920	51	1.180	37
0.0	439.920	54	1.400	57
1.0	439.920	54	1.400	57
1.0	440.980	49	1.800	53
0.0	440.980	49	1.800	53
0.0	441.880	54	1.160	41
1.0	441.880	54	1.160	41
0.0	442.980	57	0.960	65
1.0	442.980	57	0.960	65
1.0	443.940	32	11.250	69
0.0	443.940	32	11.250	69
0.0	443.940	44	11.380	69
1.0	443.940	44	11.380	69
1.0	443.960	48	1.400	77
0.0	443.960	48	1.400	77
0.0	444.980	54	1.900	41
1.0	444.980	54	1.900	41
0.0	445.900	56	1.700	41
1.0	445.900	56	1.700	41
0.0	446.920	57	1.600	65
1.0	446.920	57	1.600	65
1.0	447.920	56	1.130	53
0.0	447.920	56	1.130	53
0.0	449.0	54	1.900	57
1.0	449.0	54	1.900	57
0.0	449.940	51	2.130	69
1.0	449.940	51	2.130	69
0.0	450.940	54	1.700	37
1.0	450.940	54	1.700	37
1.0	451.900	57	1.900	49
0.0	451.900	57	1.900	49
0.0	452.920	49	2.900	77
1.0	452.920	49	2.900	77
1.0	453.980	54	1.400	53
0.0	453.980	54	1.400	53
1.0	455.0	57	0.860	53
0.0	455.0	57	0.860	53
0.0	455.920	48	1.460	61
1.0	455.920	44	11.350	77
0.0	455.920	44	11.350	77
0.0	455.920	32	11.230	77
1.0	455.920	48	1.460	61
1.0	455.920	32	11.230	77
0.0	457.100	54	1.400	37
1.0	457.100	54	1.400	37
1.0	457.900	56	1.400	53
0.0	457.900	56	1.400	53
0.0	458.900	57	1.600	69
1.0	458.900	57	1.600	69
0.0	459.900	56	1.170	53
1.0	459.900	56	1.170	53
0.0	460.980	54	1.0	41
1.0	460.980	54	1.0	41
1.0	461.850	50	2.700	69
0.0	461.850	50	2.700	69
0.0	462.880	54	1.480	57
1.0	462.880	54	1.480	57
0.0	463.920	57	1.930	53
1.0	463.920	57	1.930	53
0.0	464.940	49	2.700	89
1.0	464.940	49	2.700	89
1.0	465.880	54	1.800	41
0.0	465.880	54	1.800	41
1.0	466.980	57	1.210	45
0.0	466.980	57	1.210	45
1.0	467.980	44	5.100	77
0.0	467.980	32	4.890	85
1.0	467.980	32	4.890	85
0.0	467.980	44	5.100	77
0.0	468.0	48	4.900	57
1.0	468.0	48	4.900	57
1.0	469.100	54	1.200	37
0.0	469.100	54	1.200	37
1.0	469.920	56	1.800	73
0.0	469.920	56	1.800	73
0.0	470.920	57	1.110	57
1.0	470.920	57	1.110	57
1.0	471.960	56	1.110	53
0.0	471.960	56	1.110	53
1.0	472.980	54	0.520	57
0.0	472.980	54	0.520	57
1.0	473.940	45	4.200	45
0.0	473.940	45	4.200	45
0.0	473.960	49	1.310	69
0.0	473.960	33	4.190	45
1.0	473.960	49	1.310	69
1.0	473.960	33	4.190	45
0.0	474.960	52	1.150	49
1.0	474.960	52	1.150	49
1.0	475.880	61	2.200	57
0.0	475.880	61	2.200	57
0.0	476.920	49	1.670	53
1.0	476.920	49	1.670	53
0.0	477.920	52	0.980	41
1.0	477.920	52	0.980	41
1.0	478.880	61	1.220	41
0.0	478.880	61	1.220	41
1.0	479.940	30	4.440	57
0.0	479.940	42	4.590	37
0.0	479.940	51	1.110	77
1.0	479.940	42	4.590	37
0.0	479.940	30	4.440	57
1.0	479.940	51	1.110	77
0.0	480.960	57	1.400	37
1.0	480.960	57	1.400	37
0.0	481.900	61	1.860	37
1.0	481.900	61	1.860	37
1.0	482.940	51	2.330	57
0.0	482.940	51	2.330	57
0.0	483.820	57	1.150	33
1.0	483.820	57	1.150	33
0.0	484.880	61	0.350	33
1.0	484.880	61	0.350	33
1.0	485.920	44	4.600	73
0.0	485.920	44	4.600	73
0.0	485.940	51	1.440	53
0.0	485.940	32	4.430	61
1.0	485.940	32	4.430	61
1.0	485.940	51	1.440	53
0.0	486.860	56	1.170	53
1.0	486.860	56	1.170	53
0.0	487.940	60	1.800	41
1.0	487.940	60	1.800	41
0.0	488.980	51	1.130	49
1.0	488.980	51	1.130	49
1.0	489.980	56	1.300	49
0.0	489.980	56	1.300	49
1.0	491.200	60	0.800	41
0.0	491.200	60	0.800	41
1.0	491.900	37	10.870	17
0.0	491.900	37	10.870	17
1.0	491.920	49	10.730	13
0.0	491.920	49	10.730	13
1.0	491.940	52	2.210	45
0.0	491.940	52	2.210	45
0.0	491.980	44	10.650	33
1.0	491.980	44	10.650	33
1.0	492.880	56	1.290	17
0.0	492.880	56	1.290	17
0.0	493.960	61	1.700	37
1.0	493.960	61	1.700	37
0.0	495.0	56	1.0	37
1.0	495.0	56	1.0	37
0.0	495.960	61	1.600	17
1.0	495.960	61	1.600	17
1.0	496.960	64	1.980	41
0.0	496.960	64	1.980	41
0.0	497.940	56	1.670	37
1.0	497.940	56	1.670	37
0.0	498.880	61	1.550	37
1.0	498.880	61	1.550	37
1.0	499.940	64	1.370	41
0.0	499.940	64	1.370	41
1.0	500.980	56	2.580	41
0.0	500.980	68	1.980	41
0.0	500.980	56	2.580	41
1.0	500.980	68	1.980	41
1.0	502.100	61	1.310	33
0.0	502.100	61	1.310	33
1.0	502.920	64	0.520	33
0.0	502.920	64	0.520	33
0.0	503.380	68	0.250	33
1.0	503.380	68	0.250	33
1.0	503.940	36	10.700	41
0.0	503.940	44	10.920	73
1.0	503.940	48	10.760	17
0.0	503.940	48	10.760	17
0.0	503.940	36	10.700	41
1.0	503.940	44	10.920	73
1.0	503.980	68	1.960	57
1.0	503.980	56	2.560	53
0.0	503.980	56	2.560	53
0.0	503.980	68	1.960	57
0.0	504.980	63	1.670	37
1.0	504.980	63	1.670	37
1.0	506.300	66	2.0	1
0.0	506.300	66	2.0	1
1.0	507.0	56	2.290	49
0.0	507.0	56	2.290	49
0.0	507.980	63	1.0	37
1.0	507.980	63	1.0	37
1.0	508.940	66	2.500	53
0.0	508.940	66	2.500	53
0.0	509.920	56	2.230	53
1.0	509.920	56	2.230	53
0.0	510.960	63	1.230	41
1.0	510.960	63	1.230	41
1.0	511.940	66	1.150	53
0.0	511.940	66	1.150	53
0.0	512.940	68	1.960	65
0.0	512.940	56	2.750	49
1.0	512.940	56	2.750	49
1.0	512.940	68	1.960	65
1.0	513.940	63	1.480	53
0.0	513.940	63	1.480	53
1.0	514.940	66	0.560	37
0.0	514.940	66	0.560	37
0.0	515.380	68	0.270	53
1.0	515.380	68	0.270	53
0.0	515.940	37	4.130	69
1.0	515.940	49	3.810	53
1.0	515.940	37	4.130	69
0.0	515.940	49	3.810	53
0.0	515.960	56	2.480	61
1.0	515.960	56	2.480	61
1.0	515.980	68	4.600	69
0.0	515.980	68	4.600	69
0.0	517.300	61	1.130	37
1.0	517.300	61	1.130	37
0.0	517.980	64	2.130	33
1.0	517.980	64	2.130	33
1.0	518.980	56	1.980	45
0.0	518.980	56	1.980	45
1.0	519.960	61	1.780	57
0.0	519.960	61	1.780	57
1.0	520.960	64	1.400	29
0.0	520.960	64	1.400	29
1.0	521.940	42	3.830	57
1.0	521.940	30	3.720	69
0.0	521.940	30	3.720	69
0.0	521.940	42	3.830	57
1.0	521.980	69	2.920	61
1.0	521.980	57	2.170	45
0.0	521.980	57	2.170	45
0.0	521.980	69	2.920	61
1.0	523.200	61	1.380	37
0.0	523.200	61	1.380	37
0.0	523.980	66	2.800	37
1.0	523.980	66	2.800	37
0.0	524.940	57	2.190	37
1.0	524.940	57	2.190	37
1.0	525.960	61	0.930	49
0.0	525.960	61	0.930	49
1.0	527.300	66	0.990	57
0.0	527.300	66	0.990	57
0.0	527.940	47	5.310	57
1.0	527.940	47	5.310	57
0.0	527.960	35	5.270	53
1.0	527.960	35	5.270	53
0.0	527.980	56	2.480	41
0.0	527.980	68	2.130	57
1.0	527.980	56	2.480	41
1.0	527.980	68	2.130	57
0.0	528.980	59	1.980	37
1.0	528.980	59	1.980	37
0.0	529.960	64	2.600	53
1.0	529.960	64	2.600	53
1.0	530.940	56	2.310	57
0.0	530.940	56	2.310	57
0.0	531.960	59	1.370	57
1.0	531.960	59	1.370	57
1.0	532.940	64	1.200	49
0.0	532.940	64	1.200	49
1.0	533.920	35	4.900	57
0.0	533.920	35	4.900	57
0.0	533.920	66	1.250	53
1.0	533.920	57	1.380	57
0.0	533.920	47	5.600	45
0.0	533.920	57	1.380	57
1.0	533.920	66	1.250	53
1.0	533.920	47	5.600	45
1.0	535.0	59	0.880	45
0.0	535.0	59	0.880	45
1.0	535.980	63	0.250	41
0.0	535.980	63	0.250	41
1.0	536.900	57	0.630	37
0.0	536.900	57	0.630	37
1.0	536.920	71	1.600	57
0.0	536.920	71	1.600	57
0.0	537.940	59	1.500	33
1.0	537.940	59	1.500	33
0.0	538.940	63	0.500	41
1.0	538.940	63	0.500	41
1.0	539.850	40	11.700	69
0.0	539.850	52	10.980	33
0.0	539.850	40	11.700	69
1.0	539.850	52	10.980	33
0.0	539.860	56	1.270	49
1.0	539.860	56	1.270	49
1.0	539.860	64	1.180	65
0.0	539.860	64	1.180	65
1.0	540.900	59	1.130	33
0.0	540.900	59	1.130	33
0.0	541.790	64	0.980	41
1.0	541.790	64	0.980	41
0.0	542.710	59	2.300	53
1.0	542.710	59	2.300	53
1.0	543.650	64	1.220	33
0.0	543.650	64	1.220	33
1.0	544.650	68	2.170	49
0.0	544.650	68	2.170	49
0.0	545.670	59	2.210	61
1.0	545.670	59	2.210	61
1.0	546.630	64	1.470	33
0.0	546.630	64	1.470	33
1.0	547.670	68	1.190	25
0.0	547.670	68	1.190	25
0.0	548.710	59	2.600	49
1.0	548.710	59	2.600	49
0.0	548.730	71	2.700	89
1.0	548.730	71	2.700	89
1.0	549.710	64	1.440	25
0.0	549.710	64	1.440	25
0.0	550.730	68	0.570	37
1.0	550.730	68	0.570	37
0.0	551.210	71	0.230	49
1.0	551.210	71	0.230	49
1.0	551.730	51	11.400	41
1.0	551.730	39	10.920	57
0.0	551.730	39	10.920	57
0.0	551.730	51	11.400	41
1.0	551.750	71	4.460	77
0.0	551.750	71	4.460	77
0.0	551.770	59	2.400	37
1.0	551.770	59	2.400	37
0.0	552.730	66	1.600	1
1.0	552.730	66	1.600	1
0.0	553.690	69	2.290	37
1.0	553.690	69	2.290	37
0.0	554.690	59	2.150	45
1.0	554.690	59	2.150	45
1.0	555.690	66	1.790	53
0.0	555.690	66	1.790	53
0.0	556.730	69	2.130	33
1.0	556.730	69	2.130	33
1.0	557.730	59	1.980	45
0.0	557.730	59	1.980	45
1.0	558.730	66	1.120	41
0.0	558.730	66	1.120	41
0.0	559.750	69	1.700	37
1.0	559.750	69	1.700	37
0.0	560.670	71	1.500	77
1.0	560.670	71	1.500	77
1.0	560.690	59	2.760	49
0.0	560.690	59	2.760	49
0.0	561.670	66	1.120	29
1.0	561.670	66	1.120	29
1.0	562.710	69	0.500	49
0.0	562.710	69	0.500	49
1.0	563.150	71	0.320	65
0.0	563.150	71	0.320	65
1.0	563.750	52	4.880	41
0.0	563.750	52	4.880	41
1.0	563.760	40	4.810	65
1.0	563.760	59	2.170	61
1.0	563.760	71	4.600	81
0.0	563.760	71	4.600	81
0.0	563.760	40	4.810	65
0.0	563.760	59	2.170	61
1.0	564.730	64	2.300	5
0.0	564.730	64	2.300	5
0.0	565.710	68	1.960	13
1.0	565.710	68	1.960	13
1.0	566.630	59	2.170	53
0.0	566.630	59	2.170	53
0.0	567.570	64	1.740	41
1.0	567.570	64	1.740	41
0.0	568.570	68	1.200	37
1.0	568.570	68	1.200	37
1.0	569.690	72	1.170	53
0.0	569.690	72	1.170	53
0.0	569.710	51	1.670	41
1.0	569.710	39	1.750	57
1.0	569.710	51	1.670	41
1.0	569.710	60	2.600	49
0.0	569.710	39	1.750	57
0.0	569.710	60	2.600	49
0.0	570.730	66	1.190	29
1.0	570.730	66	1.190	29
1.0	571.770	68	1.400	57
0.0	571.770	68	1.400	57
0.0	572.730	73	1.430	57
1.0	572.730	37	1.640	57
1.0	572.730	73	1.430	57
0.0	572.730	37	1.640	57
1.0	572.750	61	1.710	49
0.0	572.750	61	1.710	49
0.0	572.750	49	1.540	53
1.0	572.750	49	1.540	53
1.0	573.780	64	1.400	37
0.0	573.780	64	1.400	37
1.0	574.780	68	0.950	41
0.0	574.780	68	0.950	41
0.0	575.690	44	4.920	65
1.0	575.690	44	4.920	65
0.0	575.690	36	4.560	33
1.0	575.690	36	4.560	33
0.0	575.710	75	4.820	61
1.0	575.710	48	4.750	41
0.0	575.710	48	4.750	41
1.0	575.710	63	2.130	37
1.0	575.710	75	4.820	61
0.0	575.710	63	2.130	37
1.0	576.710	66	1.400	25
0.0	576.710	66	1.400	25
0.0	577.690	68	1.420	33
1.0	577.690	68	1.420	33
0.0	578.730	63	1.700	41
1.0	578.730	63	1.700	41
1.0	579.730	66	1.900	17
0.0	579.730	66	1.900	17
0.0	580.710	68	0.440	25
1.0	580.710	68	0.440	25
0.0	581.690	49	3.230	25
1.0	581.690	37	3.650	37
1.0	581.690	49	3.230	25
0.0	581.690	37	3.650	37
1.0	581.710	64	2.190	33
0.0	581.710	64	2.190	33
1.0	581.730	76	2.110	17
0.0	581.730	76	2.110	17
0.0	582.690	68	1.790	13
1.0	582.690	68	1.790	13
1.0	583.710	73	2.100	37
0.0	583.710	73	2.100	37
0.0	584.710	64	2.150	33
1.0	584.710	64	2.150	33
0.0	585.730	68	1.800	25
1.0	585.730	68	1.800	25
0.0	586.710	73	0.850	41
1.0	586.710	73	0.850	41
1.0	587.670	74	2.600	65
0.0	587.670	74	2.600	65
0.0	587.690	30	4.330	53
0.0	587.690	42	4.510	33
1.0	587.690	42	4.510	33
1.0	587.690	30	4.330	53
1.0	587.710	62	2.190	29
0.0	587.710	62	2.190	29
1.0	588.710	66	1.810	13
0.0	588.710	66	1.810	13
1.0	589.710	69	2.160	17
0.0	589.710	69	2.160	17
0.0	590.760	62	1.980	41
1.0	590.760	62	1.980	41
1.0	591.730	66	2.600	29
0.0	591.730	66	2.600	29
1.0	592.730	69	0.960	17
0.0	592.730	69	0.960	17
0.0	593.710	44	4.540	41
1.0	593.710	32	4.400	53
1.0	593.710	44	4.540	41
0.0	593.710	32	4.400	53
0.0	593.710	72	3.730	77
1.0	593.710	72	3.730	77
0.0	593.730	60	2.800	5
1.0	593.730	60	2.800	5
0.0	594.690	66	1.600	13
1.0	594.690	66	1.600	13
1.0	595.610	68	2.200	17
0.0	595.610	68	2.200	17
1.0	596.750	60	1.900	49
0.0	596.750	60	1.900	49
0.0	597.710	66	1.170	45
1.0	597.710	66	1.170	45
0.0	598.810	68	1.700	37
1.0	598.810	68	1.700	37
0.0	599.750	49	14.700	41
1.0	599.750	49	14.700	41
0.0	599.760	61	2.130	49
1.0	599.760	37	13.970	57
1.0	599.760	73	1.940	61
0.0	599.760	73	1.940	61
1.0	599.760	61	2.130	49
0.0	599.760	37	13.970	57
0.0	600.770	64	1.940	29
1.0	600.770	64	1.940	29
0.0	601.780	68	1.870	25
1.0	601.780	68	1.870	25
1.0	602.690	61	1.650	49
0.0	602.690	61	1.650	49
0.0	603.710	64	1.400	25
1.0	603.710	64	1.400	25
0.0	604.760	68	2.140	17
1.0	604.760	68	2.140	17
1.0	605.730	61	2.260	45
0.0	605.730	61	2.260	45
1.0	606.770	65	1.770	53
0.0	606.770	65	1.770	53
0.0	607.710	68	1.160	53
1.0	607.710	68	1.160	53
0.0	608.710	61	2.460	49
1.0	608.710	61	2.460	49
1.0	608.730	73	2.130	37
0.0	608.730	73	2.130	37
0.0	609.730	65	1.400	33
1.0	609.730	65	1.400	33
1.0	610.750	68	0.900	33
0.0	610.750	68	0.900	33
1.0	611.760	61	2.580	37
1.0	611.760	74	7.480	49
0.0	611.760	74	7.480	49
0.0	611.760	61	2.580	37
0.0	612.780	66	1.910	41
1.0	612.780	66	1.910	41
1.0	613.790	69	2.320	45
0.0	613.790	69	2.320	45
0.0	614.760	61	2.410	49
1.0	614.760	61	2.410	49
1.0	614.770	54	1.760	57
0.0	614.770	54	1.760	57
0.0	614.780	42	1.540	61
1.0	614.780	42	1.540	61
1.0	615.760	66	2.200	37
0.0	615.760	66	2.200	37
1.0	616.710	69	2.600	41
0.0	616.710	69	2.600	41
0.0	617.670	61	2.190	49
1.0	617.670	61	2.190	49
1.0	617.690	45	1.480	45
0.0	617.690	45	1.480	45
1.0	617.710	57	1.350	37
0.0	617.710	57	1.350	37
1.0	618.730	66	1.140	45
0.0	618.730	66	1.140	45
0.0	619.730	69	1.110	41
1.0	619.730	69	1.110	41
1.0	620.760	72	1.850	65
0.0	620.760	54	1.290	49
1.0	620.760	54	1.290	49
0.0	620.760	72	1.850	65
1.0	620.770	42	1.380	53
0.0	620.770	61	2.320	49
0.0	620.770	42	1.380	53
1.0	620.770	61	2.320	49
1.0	621.730	66	1.310	45
0.0	621.730	66	1.310	45
0.0	622.710	69	0.990	25
1.0	622.710	69	0.990	25
1.0	623.600	49	14.190	33
0.0	623.600	49	14.190	33
1.0	623.610	37	14.100	41
0.0	623.610	37	14.100	41
0.0	623.630	73	4.980	57
0.0	623.630	61	2.690	37
1.0	623.630	73	4.980	57
1.0	623.630	61	2.690	37
0.0	624.630	65	1.600	29
1.0	624.630	65	1.600	29
1.0	625.650	68	2.200	37
0.0	625.650	68	2.200	37
1.0	626.730	61	2.400	17
0.0	626.730	61	2.400	17
1.0	627.630	65	1.120	37
0.0	627.630	65	1.120	37
1.0	628.670	68	2.250	37
0.0	628.670	68	2.250	37
1.0	629.760	61	2.400	29
0.0	629.760	61	2.400	29
1.0	630.710	65	1.850	41
0.0	630.710	65	1.850	41
0.0	631.730	68	1.100	37
1.0	631.730	68	1.100	37
0.0	632.730	73	2.120	85
1.0	632.730	61	2.210	57
1.0	632.730	73	2.120	85
0.0	632.730	61	2.210	57
1.0	633.760	65	1.400	45
0.0	633.760	65	1.400	45
1.0	634.780	68	1.400	49
0.0	634.780	68	1.400	49
0.0	635.770	61	2.320	57
1.0	635.770	74	6.730	65
0.0	635.770	74	6.730	65
1.0	635.770	61	2.320	57
0.0	636.810	66	1.340	37
1.0	636.810	66	1.340	37
1.0	637.710	69	2.200	41
0.0	637.710	69	2.200	41
1.0	638.670	54	2.230	61
0.0	638.670	54	2.230	61
1.0	638.690	42	2.700	57
0.0	638.690	42	2.700	57
0.0	638.710	61	2.500	37
1.0	638.710	61	2.500	37
1.0	639.710	66	2.100	37
0.0	639.710	66	2.100	37
1.0	640.780	69	2.800	45
0.0	640.780	69	2.800	45
1.0	641.710	61	2.340	49
0.0	641.710	61	2.340	49
1.0	641.730	45	2.500	61
0.0	641.730	57	2.0	69
0.0	641.730	45	2.500	61
1.0	641.730	57	2.0	69
0.0	642.790	66	1.880	37
1.0	642.790	66	1.880	37
0.0	643.750	69	1.170	37
1.0	643.750	69	1.170	37
1.0	644.730	54	1.770	49
0.0	644.730	54	1.770	49
1.0	644.730	61	2.480	41
0.0	644.730	61	2.480	41
0.0	644.750	42	1.900	53
1.0	644.750	42	1.900	53
1.0	644.780	72	1.940	53
0.0	644.780	72	1.940	53
1.0	645.710	66	1.710	37
0.0	645.710	66	1.710	37
1.0	646.710	69	1.400	25
0.0	646.710	69	1.400	25
0.0	647.670	49	4.710	49
1.0	647.670	37	4.980	57
1.0	647.670	73	5.210	57
0.0	647.670	73	5.210	57
1.0	647.670	49	4.710	49
0.0	647.670	37	4.980	57
1.0	647.690	61	2.350	49
0.0	647.690	61	2.350	49
1.0	648.730	65	1.260	49
0.0	648.730	65	1.260	49
1.0	649.730	68	1.960	37
0.0	649.730	68	1.960	37
0.0	650.710	61	2.380	41
1.0	650.710	61	2.380	41
0.0	651.690	65	1.170	41
1.0	651.690	65	1.170	41
1.0	652.690	68	1.100	37
0.0	652.690	68	1.100	37
0.0	653.710	42	4.170	13
1.0	653.710	30	4.600	41
1.0	653.710	42	4.170	13
0.0	653.710	30	4.600	41
0.0	653.730	61	2.180	41
1.0	653.730	61	2.180	41
0.0	653.730	73	4.170	61
1.0	653.730	73	4.170	61
1.0	654.750	66	1.440	29
0.0	654.750	66	1.440	29
1.0	655.690	69	2.120	29
0.0	655.690	69	2.120	29
0.0	656.690	61	1.970	37
1.0	656.690	61	1.970	37
0.0	657.760	66	1.600	33
1.0	657.760	66	1.600	33
1.0	658.780	69	0.770	29
0.0	658.780	69	0.770	29
1.0	659.710	51	8.150	41
0.0	659.710	51	8.150	41
1.0	659.730	39	7.920	57
0.0	659.730	71	7.990	37
1.0	659.730	71	7.990	37
0.0	659.730	39	7.920	57
0.0	659.750	59	2.360	25
1.0	659.750	59	2.360	25
1.0	660.730	66	2.400	13
0.0	660.730	66	2.400	13
1.0	661.750	69	2.210	29
0.0	661.750	69	2.210	29
0.0	662.710	59	2.370	49
1.0	662.710	59	2.370	49
0.0	663.770	66	1.850	5
1.0	663.770	66	1.850	5
1.0	664.730	69	2.150	25
0.0	664.730	69	2.150	25
0.0	665.730	59	2.320	37
1.0	665.730	59	2.320	37
1.0	666.730	66	1.980	37
0.0	666.730	66	1.980	37
0.0	667.750	69	1.900	5
1.0	667.750	69	1.900	5
0.0	668.690	52	1.330	33
1.0	668.690	52	1.330	33
1.0	668.710	71	1.940	53
1.0	668.710	40	1.480	53
0.0	668.710	59	2.110	37
0.0	668.710	40	1.480	53
0.0	668.710	71	1.940	53
1.0	668.710	59	2.110	37
1.0	669.710	64	2.130	25
0.0	669.710	64	2.130	25
0.0	670.730	68	1.100	13
1.0	670.730	68	1.100	13
1.0	671.710	69	2.200	69
0.0	671.710	37	1.940	69
0.0	671.710	69	2.200	69
1.0	671.710	37	1.940	69
0.0	671.710	49	2.800	53
1.0	671.710	49	2.800	53
1.0	671.730	57	2.310	29
0.0	671.730	57	2.310	29
0.0	672.780	64	1.850	33
1.0	672.780	64	1.850	33
1.0	673.770	68	1.100	53
0.0	673.770	68	1.100	53
0.0	674.760	38	2.200	69
1.0	674.760	38	2.200	69
0.0	674.760	50	1.990	49
1.0	674.760	50	1.990	49
0.0	674.770	69	1.230	77
1.0	674.770	69	1.230	77
0.0	674.790	57	2.530	49
1.0	674.790	57	2.530	49
0.0	675.770	62	1.900	41
1.0	675.770	62	1.900	41
1.0	676.760	66	1.130	57
0.0	676.760	66	1.130	57
1.0	677.730	36	1.950	69
1.0	677.730	48	2.500	41
0.0	677.730	36	1.950	69
0.0	677.730	56	2.490	57
1.0	677.730	56	2.490	57
0.0	677.730	48	2.500	41
0.0	677.760	68	1.930	57
1.0	677.760	68	1.930	57
1.0	678.710	63	1.850	53
0.0	678.710	63	1.850	53
0.0	679.710	66	1.180	37
1.0	679.710	66	1.180	37
0.0	680.690	49	0.990	37
1.0	680.690	49	0.990	37
1.0	680.690	37	1.800	53
0.0	680.690	37	1.800	53
0.0	680.710	56	2.190	57
1.0	680.710	56	2.190	57
0.0	680.710	68	1.520	57
1.0	680.710	68	1.520	57
1.0	681.670	61	1.710	37
0.0	681.670	61	1.710	37
0.0	682.750	64	1.150	41
1.0	682.750	64	1.150	41
1.0	683.690	54	2.190	57
0.0	683.690	54	2.190	57
1.0	683.710	45	5.800	41
0.0	683.710	45	5.800	41
1.0	683.710	66	5.300	65
0.0	683.710	66	5.300	65
0.0	683.710	33	5.100	45
1.0	683.710	33	5.100	45
0.0	684.690	61	1.100	53
1.0	684.690	61	1.100	53
1.0	685.630	63	2.170	33
0.0	685.630	63	2.170	33
1.0	686.690	54	2.220	57
0.0	686.690	54	2.220	57
1.0	687.690	61	1.270	65
0.0	687.690	61	1.270	65
1.0	688.690	63	1.260	57
0.0	688.690	63	1.260	57
0.0	689.710	44	2.350	57
1.0	689.710	44	2.350	57
1.0	689.710	32	2.460	61
0.0	689.710	32	2.460	61
1.0	689.750	68	2.400	53
1.0	689.750	56	2.440	49
0.0	689.750	68	2.400	53
0.0	689.750	56	2.440	49
0.0	690.850	60	1.830	33
1.0	690.850	60	1.830	33
1.0	691.710	63	1.210	53
0.0	691.710	63	1.210	53
0.0	692.770	30	2.700	57
1.0	692.770	30	2.700	57
0.0	692.790	57	2.500	73
1.0	692.790	57	2.500	73
0.0	692.800	42	2.800	17
1.0	692.800	42	2.800	17
0.0	692.800	69	1.880	5
1.0	692.800	69	1.880	5
1.0	693.790	60	1.570	77
0.0	693.790	60	1.570	77
1.0	694.770	63	1.400	37
0.0	694.770	63	1.400	37
0.0	695.690	44	5.450	57
1.0	695.690	32	5.380	77
0.0	695.690	32	5.380	77
1.0	695.690	44	5.450	57
1.0	695.710	68	5.600	57
0.0	695.710	56	2.610	53
1.0	695.710	56	2.610	53
0.0	695.710	68	5.600	57
0.0	696.710	61	2.490	33
1.0	696.710	61	2.490	33
1.0	697.710	64	2.220	41
0.0	697.710	64	2.220	41
0.0	698.810	56	2.290	49
1.0	698.810	56	2.290	49
1.0	699.760	61	2.600	29
0.0	699.760	61	2.600	29
1.0	700.730	64	0.940	29
0.0	700.730	64	0.940	29
1.0	701.670	44	4.350	49
0.0	701.670	44	4.350	49
0.0	701.690	54	2.560	57
0.0	701.690	32	4.210	69
1.0	701.690	54	2.560	57
1.0	701.690	32	4.210	69
1.0	701.710	68	3.700	37
0.0	701.710	68	3.700	37
1.0	702.780	60	1.490	29
0.0	702.780	60	1.490	29
1.0	703.710	63	1.810	41
0.0	703.710	63	1.810	41
1.0	704.710	54	1.970	49
0.0	704.710	54	1.970	49
0.0	705.690	60	0.920	45
1.0	705.690	60	0.920	45
0.0	706.670	63	0.250	37
1.0	706.670	63	0.250	37
0.0	707.750	37	7.980	29
1.0	707.750	37	7.980	29
0.0	707.770	52	1.460	45
1.0	707.770	52	1.460	45
0.0	707.780	61	1.140	53
1.0	707.780	61	1.140	53
0.0	707.790	49	4.260	29
1.0	707.790	49	4.260	29
0.0	707.800	44	8.400	45
1.0	707.800	44	8.400	45
1.0	708.770	56	1.300	33
0.0	708.770	56	1.300	33
0.0	709.750	61	0.920	37
1.0	709.750	61	0.920	37
0.0	710.710	56	1.160	65
1.0	710.710	56	1.160	65
1.0	711.690	61	1.200	37
0.0	711.690	61	1.200	37
1.0	712.670	64	1.270	37
0.0	712.670	64	1.270	37
1.0	713.710	56	0.990	33
0.0	713.710	56	0.990	33
0.0	714.600	61	1.130	17
1.0	714.600	61	1.130	17
1.0	715.710	64	1.600	45
0.0	715.710	64	1.600	45
0.0	716.730	44	1.980	65
1.0	716.730	44	1.980	65
1.0	716.730	56	0.980	45
0.0	716.730	56	0.980	45
1.0	717.670	61	1.200	45
0.0	717.670	61	1.200	45
0.0	718.670	64	0.600	49
1.0	718.670	64	0.600	49
1.0	719.150	44	0.230	69
0.0	719.150	44	0.230	69
1.0	719.730	44	8.130	69
0.0	719.730	44	8.130	69
0.0	719.750	36	11.330	61
1.0	719.750	36	11.330	61
1.0	719.770	56	1.800	53
0.0	719.770	56	1.800	53
0.0	720.730	63	0.960	37
1.0	720.730	63	0.960	37
0.0	721.730	66	1.960	13
1.0	721.730	66	1.960	13
0.0	722.750	56	1.250	37
1.0	722.750	56	1.250	37
1.0	723.780	63	0.920	25
0.0	723.780	63	0.920	25
0.0	724.670	66	1.230	37
1.0	724.670	66	1.230	37
0.0	725.760	56	0.890	33
1.0	725.760	56	0.890	33
0.0	726.650	63	1.600	37
1.0	726.650	63	1.600	37
0.0	727.760	66	1.400	37
1.0	727.760	66	1.400	37
1.0	728.750	44	1.980	93
0.0	728.750	44	1.980	93
0.0	728.760	56	1.400	45
1.0	728.760	56	1.400	45
1.0	729.770	63	0.980	13
0.0	729.770	63	0.980	13
0.0	730.690	66	1.600	41
1.0	730.690	66	1.600	41
0.0	731.150	44	0.250	57
1.0	731.150	44	0.250	57
0.0	731.730	44	8.170	85
1.0	731.730	44	8.170	85
0.0	731.750	37	9.190	93
1.0	731.750	56	1.700	57
0.0	731.750	56	1.700	57
1.0	731.750	37	9.190	93
0.0	732.760	64	1.0	41
1.0	732.760	64	1.0	41
0.0	733.710	61	0.920	37
1.0	733.710	61	0.920	37
0.0	734.730	68	0.980	17
1.0	734.730	68	0.980	17
0.0	735.750	64	1.300	33
1.0	735.750	64	1.300	33
0.0	736.730	73	1.380	37
1.0	736.730	73	1.380	37
1.0	737.750	68	1.0	17
0.0	737.750	68	1.0	17
1.0	738.810	76	0.820	5
0.0	738.810	76	0.820	5
1.0	739.650	73	1.400	53
0.0	739.650	73	1.400	53
0.0	740.690	44	1.810	69
1.0	740.690	44	1.810	69
1.0	740.710	80	0.920	69
0.0	740.710	80	0.920	69
1.0	741.770	76	0.840	13
0.0	741.770	76	0.840	13
0.0	742.630	73	1.100	61
1.0	742.630	73	1.100	61
0.0	743.650	44	8.710	89
1.0	743.650	44	8.710	89
0.0	743.670	32	11.350	73
1.0	743.670	32	11.350	73
1.0	743.670	72	1.130	89
0.0	743.670	72	1.130	89
1.0	743.800	44	0.190	73
0.0	743.800	44	0.190	73
0.0	744.780	75	1.600	25
1.0	744.780	75	1.600	25
1.0	745.830	69	1.500	49
0.0	745.830	69	1.500	49
1.0	746.920	72	1.400	85
0.0	746.920	72	1.400	85
0.0	747.940	66	0.970	41
1.0	747.940	66	0.970	41
0.0	748.880	69	1.400	41
1.0	748.880	69	1.400	41
0.0	749.900	63	1.600	69
1.0	749.900	63	1.600	69
1.0	750.920	66	0.920	61
0.0	750.920	66	0.920	61
1.0	751.920	57	2.800	61
0.0	751.920	57	2.800	61
1.0	752.940	44	0.330	61
0.0	752.940	44	0.330	61
0.0	752.960	60	2.380	53
1.0	752.960	60	2.380	53
0.0	753.940	54	1.200	61
1.0	753.940	54	1.200	61
0.0	754.980	52	0.900	53
1.0	754.980	52	0.900	53
0.0	755.460	44	0.190	69
1.0	755.460	44	0.190	69
1.0	756.400	44	8.380	49
0.0	756.400	44	8.380	49
0.0	756.500	37	11.160	41
1.0	756.500	37	11.160	41
0.0	756.600	52	1.130	45
1.0	756.600	52	1.130	45
0.0	756.600	61	1.800	73
1.0	756.600	61	1.800	73
1.0	757.200	64	0.920	45
0.0	757.200	64	0.920	45
0.0	758.500	61	0.880	29
1.0	758.500	61	0.880	29
0.0	758.960	68	0.990	57
1.0	758.960	68	0.990	57
0.0	759.960	64	1.130	45
1.0	759.960	64	1.130	45
1.0	760.980	73	1.200	41
0.0	760.980	73	1.200	41
1.0	761.940	68	1.600	49
0.0	761.940	68	1.600	49
1.0	762.960	76	1.380	33
0.0	762.960	76	1.380	33
0.0	763.940	73	1.210	37
1.0	763.940	73	1.210	37
1.0	764.940	44	2.800	77
0.0	764.940	44	2.800	77
1.0	764.940	80	1.400	65
0.0	764.940	80	1.400	65
1.0	765.980	76	0.940	41
0.0	765.980	76	0.940	41
1.0	766.960	73	0.880	73
0.0	766.960	73	0.880	73
1.0	767.420	44	0.190	57
0.0	767.420	44	0.190	57
1.0	767.940	44	8.500	57
0.0	767.940	44	8.500	57
1.0	767.960	32	9.180	81
1.0	767.960	72	0.950	81
0.0	767.960	32	9.180	81
0.0	767.960	72	0.950	81
0.0	768.920	75	0.920	37
1.0	768.920	75	0.920	37
0.0	769.900	69	1.170	25
1.0	769.900	69	1.170	25
1.0	770.880	72	0.970	65
0.0	770.880	72	0.970	65
1.0	771.920	66	0.920	33
0.0	771.920	66	0.920	33
1.0	772.880	69	0.980	5
0.0	772.880	69	0.980	5
1.0	773.880	63	1.170	65
0.0	773.880	63	1.170	65
1.0	774.920	66	0.980	57
0.0	774.920	66	0.980	57
0.0	775.940	60	0.480	49
1.0	775.940	60	0.480	49
1.0	776.960	44	2.200	69
0.0	776.960	44	2.200	69
1.0	776.980	57	0.920	69
0.0	776.980	60	1.960	85
1.0	776.980	60	1.960	85
0.0	776.980	57	0.920	69
1.0	777.980	56	0.710	49
0.0	777.980	56	0.710	49
1.0	778.940	54	0.330	77
0.0	778.940	54	0.330	77
1.0	779.380	44	0.230	69
0.0	779.380	44	0.230	69
1.0	779.920	44	10.960	69
0.0	779.920	44	10.960	69
1.0	779.940	52	1.150	61
0.0	779.940	61	1.310	77
1.0	779.940	37	19.830	77
0.0	779.940	37	19.830	77
1.0	779.940	61	1.310	77
0.0	779.940	52	1.150	61
1.0	781.0	56	1.190	37
0.0	781.0	56	1.190	37
0.0	781.920	61	1.170	41
1.0	781.920	61	1.170	41
0.0	782.960	64	1.770	53
1.0	782.960	64	1.770	53
1.0	783.940	61	1.270	41
0.0	783.940	61	1.270	41
0.0	784.960	56	2.560	57
1.0	784.960	56	2.560	57
0.0	785.920	49	6.790	77
1.0	785.920	49	6.790	77
1.0	786.920	52	3.800	33
0.0	786.920	52	3.800	33
1.0	787.880	56	1.270	33
0.0	787.880	56	1.270	33
1.0	788.900	61	3.210	57
0.0	788.900	61	3.210	57
0.0	789.850	56	2.300	33
1.0	789.850	56	2.300	33
0.0	790.860	52	1.390	25
1.0	790.860	52	1.390	25
1.0	791.900	44	5.250	77
0.0	791.900	44	5.250	77
1.0	792.940	49	2.910	41
0.0	792.940	49	2.910	41
1.0	793.880	52	1.130	41
0.0	793.880	52	1.130	41
0.0	794.900	56	9.720	53
1.0	794.900	56	9.720	53
1.0	795.940	52	8.190	33
0.0	795.940	52	8.190	33
0.0	796.920	49	1.290	41
1.0	796.920	49	1.290	41
0.0	797.900	44	1.250	37
1.0	797.900	44	1.250	37
0.0	798.980	49	6.0	33
1.0	798.980	49	6.0	33
1.0	799.830	44	1.170	37
0.0	799.830	44	1.170	37
0.0	800.960	40	1.170	77
1.0	800.960	40	1.170	77
0.0	801.960	44	4.310	37
1.0	801.960	44	4.310	37
0.0	802.960	40	1.400	53
1.0	802.960	40	1.400	53
1.0	804.0	37	2.260	49
0.0	804.0	37	2.260	49
0.0	807.300	37	2.310	41
1.0	807.300	37	2.310	41
0.0	807.400	49	2.260	37
1.0	807.400	49	2.260	37
1.0	807.500	56	2.250	45
1.0	807.500	61	2.210	37
0.0	807.500	56	2.250	45
0.0	807.500	61	2.210	37
1.0	807.600	52	2.210	25
0.0	807.600	52	2.210	25
1.0	807.700	44	2.270	73
0.0	807.700	44	2.270	73
0.0	810.100	37	8.880	37
1.0	810.100	37	8.880	37
0.0	810.110	52	8.830	33
1.0	810.110	56	8.810	57
1.0	810.110	52	8.830	33
0.0	810.110	56	8.810	57
0.0	810.110	44	8.850	73
0.0	810.110	61	8.830	61
1.0	810.110	61	8.830	61
1.0	810.110	44	8.850	73
0.0	810.800	49	8.880	45
1.0	810.800	49	8.880	45
