Track	Start_Time	Pitch	Duration	Dynamic
0.0	0.0	71	0.250	100
0.0	0.250	69	0.250	100
0.0	0.500	68	0.250	100
0.0	0.750	69	0.250	100
0.0	1.0	72	0.500	100
1.0	1.0	57	0.500	100
1.0	1.500	64	0.500	100
1.0	1.500	60	0.500	100
1.0	2.0	64	0.500	100
0.0	2.0	74	0.250	100
1.0	2.0	60	0.500	100
0.0	2.250	72	0.250	100
0.0	2.500	71	0.250	100
1.0	2.500	64	0.500	100
1.0	2.500	60	0.500	100
0.0	2.750	72	0.250	100
1.0	3.0	57	0.500	100
0.0	3.0	76	0.500	100
1.0	3.500	64	0.500	100
1.0	3.500	60	0.500	100
0.0	4.0	77	0.250	100
1.0	4.0	64	0.500	100
1.0	4.0	60	0.500	100
0.0	4.250	76	0.250	100
1.0	4.500	64	0.500	100
0.0	4.500	75	0.250	100
1.0	4.500	60	0.500	100
0.0	4.750	76	0.250	100
0.0	5.0	83	0.250	100
1.0	5.0	57	0.500	100
0.0	5.250	81	0.250	100
0.0	5.500	80	0.250	100
1.0	5.500	64	0.500	100
1.0	5.500	60	0.500	100
0.0	5.750	81	0.250	100
1.0	6.0	57	0.500	100
0.0	6.0	83	0.250	100
0.0	6.250	81	0.250	100
1.0	6.500	64	0.500	100
0.0	6.500	80	0.250	100
1.0	6.500	60	0.500	100
0.0	6.750	81	0.250	100
0.0	7.0	84	1.0	100
1.0	7.0	57	0.500	100
1.0	7.500	64	0.500	100
1.0	7.500	60	0.500	100
1.0	8.0	64	0.500	100
0.0	8.0	81	0.500	100
1.0	8.0	60	0.500	100
0.0	8.500	84	0.500	100
1.0	8.500	64	0.500	100
1.0	8.500	60	0.500	100
1.0	9.0	52	0.500	100
0.0	9.0	79	0.130	100
0.0	9.130	81	0.130	100
0.0	9.250	83	0.250	100
1.0	9.500	64	0.500	100
0.0	9.500	81	0.500	100
0.0	9.500	78	0.500	100
1.0	9.500	59	0.500	100
0.0	10.0	79	0.500	100
0.0	10.0	76	0.500	100
1.0	10.0	64	0.500	100
1.0	10.0	59	0.500	100
0.0	10.500	81	0.500	100
1.0	10.500	64	0.500	100
0.0	10.500	78	0.500	100
1.0	10.500	59	0.500	100
0.0	11.0	79	0.130	100
1.0	11.0	52	0.500	100
0.0	11.130	81	0.130	100
0.0	11.250	83	0.250	100
1.0	11.500	64	0.500	100
0.0	11.500	81	0.500	100
0.0	11.500	78	0.500	100
1.0	11.500	59	0.500	100
0.0	12.0	79	0.500	100
0.0	12.0	76	0.500	100
1.0	12.0	64	0.500	100
1.0	12.0	59	0.500	100
0.0	12.500	78	0.500	100
1.0	12.500	64	0.500	100
0.0	12.500	81	0.500	100
1.0	12.500	59	0.500	100
1.0	13.0	52	0.500	100
0.0	13.0	79	0.130	100
0.0	13.130	81	0.130	100
0.0	13.250	83	0.250	100
1.0	13.500	64	0.500	100
0.0	13.500	81	0.500	100
0.0	13.500	78	0.500	100
1.0	13.500	59	0.500	100
0.0	14.0	79	0.500	100
0.0	14.0	76	0.500	100
1.0	14.0	47	0.500	100
0.0	14.500	75	0.500	100
0.0	14.500	78	0.500	100
1.0	14.500	59	0.500	100
0.0	15.0	76	1.0	100
1.0	15.0	52	1.0	100
2.0	16.0	71	0.250	100
2.0	16.250	69	0.250	100
2.0	16.500	68	0.250	100
2.0	16.750	69	0.250	100
2.0	17.0	72	0.500	100
3.0	17.0	57	0.500	100
3.0	17.500	64	0.500	100
3.0	17.500	60	0.500	100
3.0	18.0	64	0.500	100
2.0	18.0	74	0.250	100
3.0	18.0	60	0.500	100
2.0	18.250	72	0.250	100
2.0	18.500	71	0.250	100
3.0	18.500	64	0.500	100
3.0	18.500	60	0.500	100
2.0	18.750	72	0.250	100
3.0	19.0	57	0.500	100
2.0	19.0	76	0.500	100
3.0	19.500	64	0.500	100
3.0	19.500	60	0.500	100
2.0	20.0	77	0.250	100
3.0	20.0	64	0.500	100
3.0	20.0	60	0.500	100
2.0	20.250	76	0.250	100
3.0	20.500	64	0.500	100
2.0	20.500	75	0.250	100
3.0	20.500	60	0.500	100
2.0	20.750	76	0.250	100
2.0	21.0	83	0.250	100
3.0	21.0	57	0.500	100
2.0	21.250	81	0.250	100
2.0	21.500	80	0.250	100
3.0	21.500	64	0.500	100
3.0	21.500	60	0.500	100
2.0	21.750	81	0.250	100
3.0	22.0	57	0.500	100
2.0	22.0	83	0.250	100
2.0	22.250	81	0.250	100
3.0	22.500	64	0.500	100
2.0	22.500	80	0.250	100
3.0	22.500	60	0.500	100
2.0	22.750	81	0.250	100
2.0	23.0	84	1.0	100
3.0	23.0	57	0.500	100
3.0	23.500	64	0.500	100
3.0	23.500	60	0.500	100
3.0	24.0	64	0.500	100
2.0	24.0	81	0.500	100
3.0	24.0	60	0.500	100
2.0	24.500	84	0.500	100
3.0	24.500	64	0.500	100
3.0	24.500	60	0.500	100
3.0	25.0	52	0.500	100
2.0	25.0	79	0.130	100
2.0	25.130	81	0.130	100
2.0	25.250	83	0.250	100
3.0	25.500	64	0.500	100
2.0	25.500	81	0.500	100
2.0	25.500	78	0.500	100
3.0	25.500	59	0.500	100
2.0	26.0	79	0.500	100
2.0	26.0	76	0.500	100
3.0	26.0	64	0.500	100
3.0	26.0	59	0.500	100
2.0	26.500	81	0.500	100
3.0	26.500	64	0.500	100
2.0	26.500	78	0.500	100
3.0	26.500	59	0.500	100
2.0	27.0	79	0.130	100
3.0	27.0	52	0.500	100
2.0	27.130	81	0.130	100
2.0	27.250	83	0.250	100
3.0	27.500	64	0.500	100
2.0	27.500	81	0.500	100
2.0	27.500	78	0.500	100
3.0	27.500	59	0.500	100
2.0	28.0	79	0.500	100
2.0	28.0	76	0.500	100
3.0	28.0	64	0.500	100
3.0	28.0	59	0.500	100
2.0	28.500	78	0.500	100
3.0	28.500	64	0.500	100
2.0	28.500	81	0.500	100
3.0	28.500	59	0.500	100
3.0	29.0	52	0.500	100
2.0	29.0	79	0.130	100
2.0	29.130	81	0.130	100
2.0	29.250	83	0.250	100
3.0	29.500	64	0.500	100
2.0	29.500	81	0.500	100
2.0	29.500	78	0.500	100
3.0	29.500	59	0.500	100
2.0	30.0	79	0.500	100
2.0	30.0	76	0.500	100
3.0	30.0	47	0.500	100
2.0	30.500	75	0.500	100
2.0	30.500	78	0.500	100
3.0	30.500	59	0.500	100
2.0	31.0	76	1.0	100
3.0	31.0	52	1.0	100
4.0	32.0	72	0.500	100
4.0	32.0	76	0.500	100
4.0	32.500	74	0.500	100
4.0	32.500	77	0.500	100
4.0	33.0	79	0.500	100
4.0	33.0	76	0.500	100
5.0	33.0	48	0.500	100
4.0	33.500	76	0.500	100
4.0	33.500	79	0.500	100
5.0	33.500	60	0.500	100
4.0	34.0	81	0.250	100
5.0	34.0	52	0.500	100
4.0	34.250	79	0.250	100
4.0	34.500	77	0.250	100
5.0	34.500	64	0.500	100
4.0	34.750	76	0.250	100
4.0	35.0	71	0.500	100
4.0	35.0	74	1.0	100
5.0	35.0	55	1.0	100
4.0	35.500	67	0.500	100
4.0	36.0	72	0.500	100
4.0	36.0	76	0.500	100
4.0	36.500	74	0.500	100
4.0	36.500	77	0.500	100
4.0	37.0	76	0.500	100
4.0	37.0	79	0.500	100
5.0	37.0	48	0.500	100
4.0	37.500	79	0.500	100
4.0	37.500	76	0.500	100
5.0	37.500	60	0.500	100
4.0	38.0	81	0.250	100
5.0	38.0	52	0.500	100
4.0	38.250	79	0.250	100
4.0	38.500	77	0.250	100
5.0	38.500	64	0.500	100
4.0	38.750	76	0.250	100
4.0	39.0	74	1.0	100
4.0	39.0	71	1.0	100
5.0	39.0	55	1.0	100
4.0	40.0	69	0.500	100
4.0	40.0	72	0.500	100
4.0	40.500	71	0.500	100
4.0	40.500	74	0.500	100
4.0	41.0	72	0.500	100
4.0	41.0	76	0.500	100
5.0	41.0	45	0.500	100
4.0	41.500	76	0.500	100
4.0	41.500	72	0.500	100
5.0	41.500	57	0.500	100
4.0	42.0	77	0.250	100
5.0	42.0	48	0.500	100
4.0	42.250	76	0.250	100
4.0	42.500	74	0.250	100
5.0	42.500	60	0.500	100
4.0	42.750	72	0.250	100
4.0	43.0	68	0.500	100
4.0	43.0	71	1.0	100
5.0	43.0	52	1.0	100
4.0	43.500	64	0.500	100
4.0	44.0	69	0.500	100
4.0	44.0	72	0.500	100
4.0	44.500	71	0.500	100
4.0	44.500	74	0.500	100
4.0	45.0	76	0.500	100
4.0	45.0	72	0.500	100
5.0	45.0	45	0.500	100
4.0	45.500	72	0.500	100
4.0	45.500	76	0.500	100
5.0	45.500	57	0.500	100
4.0	46.0	77	0.250	100
5.0	46.0	48	0.500	100
4.0	46.250	76	0.250	100
4.0	46.500	74	0.250	100
5.0	46.500	60	0.500	100
4.0	46.750	72	0.250	100
4.0	47.0	71	1.0	100
4.0	47.0	68	1.0	100
5.0	47.0	52	1.0	100
0.0	48.0	71	0.250	100
0.0	48.250	69	0.250	100
0.0	48.500	68	0.250	100
0.0	48.750	69	0.250	100
0.0	49.0	72	0.500	100
1.0	49.0	57	0.500	100
1.0	49.500	64	0.500	100
1.0	49.500	60	0.500	100
0.0	50.0	74	0.250	100
1.0	50.0	60	0.500	100
1.0	50.0	64	0.500	100
0.0	50.250	72	0.250	100
1.0	50.500	64	0.500	100
1.0	50.500	60	0.500	100
0.0	50.500	71	0.250	100
0.0	50.750	72	0.250	100
1.0	51.0	57	0.500	100
0.0	51.0	76	0.500	100
1.0	51.500	64	0.500	100
1.0	51.500	60	0.500	100
1.0	52.0	64	0.500	100
1.0	52.0	60	0.500	100
0.0	52.0	77	0.250	100
0.0	52.250	76	0.250	100
0.0	52.500	75	0.250	100
1.0	52.500	60	0.500	100
1.0	52.500	64	0.500	100
0.0	52.750	76	0.250	100
0.0	53.0	83	0.250	100
1.0	53.0	57	0.500	100
0.0	53.250	81	0.250	100
1.0	53.500	64	0.500	100
1.0	53.500	60	0.500	100
0.0	53.500	80	0.250	100
0.0	53.750	81	0.250	100
1.0	54.0	57	0.500	100
0.0	54.0	83	0.250	100
0.0	54.250	81	0.250	100
0.0	54.500	80	0.250	100
1.0	54.500	60	0.500	100
1.0	54.500	64	0.500	100
0.0	54.750	81	0.250	100
0.0	55.0	84	1.0	100
1.0	55.0	53	0.500	100
1.0	55.500	63	0.500	100
1.0	55.500	57	0.500	100
0.0	56.0	81	0.500	100
1.0	56.0	57	0.500	100
1.0	56.0	63	0.500	100
1.0	56.500	63	0.500	100
1.0	56.500	57	0.500	100
0.0	56.500	83	0.500	100
1.0	57.0	52	0.500	100
0.0	57.0	84	0.500	100
0.0	57.500	83	0.500	100
1.0	57.500	57	0.500	100
1.0	57.500	64	0.500	100
0.0	58.0	81	0.500	100
1.0	58.0	50	0.500	100
1.0	58.500	59	0.500	100
1.0	58.500	53	0.500	100
0.0	58.500	80	0.500	100
1.0	59.0	48	0.500	100
0.0	59.0	81	0.500	100
0.0	59.500	76	0.500	100
1.0	59.500	52	0.500	100
1.0	59.500	57	0.500	100
0.0	60.0	77	0.500	100
1.0	60.0	50	0.500	100
1.0	60.500	59	0.500	100
1.0	60.500	53	0.500	100
0.0	60.500	74	0.500	100
0.0	61.0	72	1.0	100
1.0	61.0	57	0.500	100
1.0	61.0	52	0.500	100
1.0	61.500	52	0.500	100
1.0	61.500	57	0.500	100
0.0	62.0	72	0.130	100
1.0	62.0	56	0.500	100
1.0	62.0	52	0.500	100
0.0	62.130	71	0.130	100
0.0	62.250	72	0.130	100
0.0	62.380	71	0.130	100
1.0	62.500	52	0.500	100
1.0	62.500	56	0.500	100
0.0	62.500	72	0.130	100
0.0	62.630	71	0.130	100
0.0	62.750	69	0.130	100
0.0	62.880	71	0.130	100
0.0	63.0	69	1.0	100
1.0	63.0	57	1.0	100
1.0	63.0	45	1.0	100
6.0	64.0	72	0.500	100
6.0	64.0	76	0.500	100
6.0	64.500	74	0.500	100
6.0	64.500	77	0.500	100
6.0	65.0	79	0.500	100
6.0	65.0	76	0.500	100
7.0	65.0	48	0.500	100
6.0	65.500	76	0.500	100
6.0	65.500	79	0.500	100
7.0	65.500	60	0.500	100
6.0	66.0	81	0.250	100
7.0	66.0	52	0.500	100
6.0	66.250	79	0.250	100
6.0	66.500	77	0.250	100
7.0	66.500	64	0.500	100
6.0	66.750	76	0.250	100
6.0	67.0	71	0.500	100
6.0	67.0	74	1.0	100
7.0	67.0	55	1.0	100
6.0	67.500	67	0.500	100
6.0	68.0	72	0.500	100
6.0	68.0	76	0.500	100
6.0	68.500	74	0.500	100
6.0	68.500	77	0.500	100
6.0	69.0	76	0.500	100
6.0	69.0	79	0.500	100
7.0	69.0	48	0.500	100
6.0	69.500	79	0.500	100
6.0	69.500	76	0.500	100
7.0	69.500	60	0.500	100
6.0	70.0	81	0.250	100
7.0	70.0	52	0.500	100
6.0	70.250	79	0.250	100
6.0	70.500	77	0.250	100
7.0	70.500	64	0.500	100
6.0	70.750	76	0.250	100
6.0	71.0	74	1.0	100
6.0	71.0	71	1.0	100
7.0	71.0	55	1.0	100
6.0	72.0	69	0.500	100
6.0	72.0	72	0.500	100
6.0	72.500	71	0.500	100
6.0	72.500	74	0.500	100
6.0	73.0	72	0.500	100
6.0	73.0	76	0.500	100
7.0	73.0	45	0.500	100
6.0	73.500	76	0.500	100
6.0	73.500	72	0.500	100
7.0	73.500	57	0.500	100
6.0	74.0	77	0.250	100
7.0	74.0	48	0.500	100
6.0	74.250	76	0.250	100
6.0	74.500	74	0.250	100
7.0	74.500	60	0.500	100
6.0	74.750	72	0.250	100
6.0	75.0	68	0.500	100
6.0	75.0	71	1.0	100
7.0	75.0	52	1.0	100
6.0	75.500	64	0.500	100
6.0	76.0	69	0.500	100
6.0	76.0	72	0.500	100
6.0	76.500	71	0.500	100
6.0	76.500	74	0.500	100
6.0	77.0	76	0.500	100
6.0	77.0	72	0.500	100
7.0	77.0	45	0.500	100
6.0	77.500	72	0.500	100
6.0	77.500	76	0.500	100
7.0	77.500	57	0.500	100
6.0	78.0	77	0.250	100
7.0	78.0	48	0.500	100
6.0	78.250	76	0.250	100
6.0	78.500	74	0.250	100
7.0	78.500	60	0.500	100
6.0	78.750	72	0.250	100
6.0	79.0	71	1.0	100
6.0	79.0	68	1.0	100
7.0	79.0	52	1.0	100
2.0	80.0	71	0.250	100
2.0	80.250	69	0.250	100
2.0	80.500	68	0.250	100
2.0	80.750	69	0.250	100
2.0	81.0	72	0.500	100
3.0	81.0	57	0.500	100
3.0	81.500	64	0.500	100
3.0	81.500	60	0.500	100
3.0	82.0	64	0.500	100
2.0	82.0	74	0.250	100
3.0	82.0	60	0.500	100
2.0	82.250	72	0.250	100
2.0	82.500	71	0.250	100
3.0	82.500	64	0.500	100
3.0	82.500	60	0.500	100
2.0	82.750	72	0.250	100
3.0	83.0	57	0.500	100
2.0	83.0	76	0.500	100
3.0	83.500	64	0.500	100
3.0	83.500	60	0.500	100
2.0	84.0	77	0.250	100
3.0	84.0	64	0.500	100
3.0	84.0	60	0.500	100
2.0	84.250	76	0.250	100
3.0	84.500	64	0.500	100
2.0	84.500	75	0.250	100
3.0	84.500	60	0.500	100
2.0	84.750	76	0.250	100
2.0	85.0	83	0.250	100
3.0	85.0	57	0.500	100
2.0	85.250	81	0.250	100
2.0	85.500	80	0.250	100
3.0	85.500	64	0.500	100
3.0	85.500	60	0.500	100
2.0	85.750	81	0.250	100
3.0	86.0	57	0.500	100
2.0	86.0	83	0.250	100
2.0	86.250	81	0.250	100
3.0	86.500	64	0.500	100
2.0	86.500	80	0.250	100
3.0	86.500	60	0.500	100
2.0	86.750	81	0.250	100
2.0	87.0	84	1.0	100
3.0	87.0	53	0.500	100
3.0	87.500	63	0.500	100
3.0	87.500	57	0.500	100
3.0	88.0	63	0.500	100
2.0	88.0	81	0.500	100
3.0	88.0	57	0.500	100
2.0	88.500	83	0.500	100
3.0	88.500	63	0.500	100
3.0	88.500	57	0.500	100
3.0	89.0	52	0.500	100
2.0	89.0	84	0.500	100
3.0	89.500	64	0.500	100
2.0	89.500	83	0.500	100
3.0	89.500	57	0.500	100
2.0	90.0	81	0.500	100
3.0	90.0	50	0.500	100
2.0	90.500	80	0.500	100
3.0	90.500	59	0.500	100
3.0	90.500	53	0.500	100
3.0	91.0	48	0.500	100
2.0	91.0	81	0.500	100
3.0	91.500	57	0.500	100
2.0	91.500	76	0.500	100
3.0	91.500	52	0.500	100
2.0	92.0	77	0.500	100
3.0	92.0	50	0.500	100
2.0	92.500	74	0.500	100
3.0	92.500	59	0.500	100
3.0	92.500	53	0.500	100
3.0	93.0	52	0.500	100
2.0	93.0	72	1.0	100
3.0	93.0	57	0.500	100
3.0	93.500	52	0.500	100
3.0	93.500	57	0.500	100
3.0	94.0	52	0.500	100
2.0	94.0	72	0.130	100
3.0	94.0	56	0.500	100
2.0	94.130	71	0.130	100
2.0	94.250	72	0.130	100
2.0	94.380	71	0.130	100
2.0	94.500	72	0.130	100
3.0	94.500	52	0.500	100
3.0	94.500	56	0.500	100
2.0	94.630	71	0.130	100
2.0	94.750	69	0.130	100
2.0	94.880	71	0.130	100
3.0	95.0	45	1.0	100
2.0	95.0	69	1.0	100
3.0	95.0	57	1.0	100
4.0	96.0	81	0.500	100
4.0	96.0	69	0.500	100
4.0	96.500	83	0.500	100
4.0	96.500	71	0.500	100
4.0	97.0	73	1.0	100
4.0	97.0	85	1.0	100
5.0	97.0	57	0.500	100
5.0	97.500	57	0.500	100
4.0	98.0	69	0.500	100
4.0	98.0	81	0.500	100
5.0	98.0	57	0.500	100
4.0	98.500	83	0.500	100
4.0	98.500	71	0.500	100
5.0	98.500	57	0.500	100
4.0	99.0	73	0.500	100
4.0	99.0	85	0.500	100
5.0	99.0	57	0.500	100
4.0	99.500	83	0.500	100
4.0	99.500	71	0.500	100
5.0	99.500	57	0.500	100
4.0	100.0	69	0.500	100
4.0	100.0	81	0.500	100
5.0	100.0	57	0.500	100
4.0	100.500	80	0.500	100
4.0	100.500	68	0.500	100
5.0	100.500	57	0.500	100
4.0	101.0	78	0.500	100
4.0	101.0	66	0.500	100
5.0	101.0	50	0.500	100
4.0	101.500	68	0.500	100
4.0	101.500	80	0.500	100
5.0	101.500	50	0.500	100
4.0	102.0	81	0.500	100
4.0	102.0	69	0.500	100
5.0	102.0	51	0.500	100
4.0	102.500	71	0.500	100
4.0	102.500	83	0.500	100
5.0	102.500	51	0.500	100
4.0	103.0	80	0.500	100
4.0	103.0	68	0.500	100
5.0	103.0	52	0.500	100
4.0	103.500	64	0.500	100
4.0	103.500	76	0.500	100
5.0	103.500	52	0.500	100
4.0	104.0	81	0.500	100
4.0	104.0	69	0.500	100
5.0	104.0	52	0.500	100
4.0	104.500	71	0.500	100
4.0	104.500	83	0.500	100
5.0	104.500	52	0.500	100
4.0	105.0	73	1.0	100
4.0	105.0	85	1.0	100
5.0	105.0	57	0.500	100
5.0	105.500	57	0.500	100
4.0	106.0	81	0.500	100
4.0	106.0	69	0.500	100
5.0	106.0	57	0.500	100
4.0	106.500	71	0.500	100
4.0	106.500	83	0.500	100
5.0	106.500	57	0.500	100
4.0	107.0	73	0.500	100
4.0	107.0	85	0.500	100
5.0	107.0	57	0.500	100
4.0	107.500	83	0.500	100
4.0	107.500	71	0.500	100
5.0	107.500	57	0.500	100
4.0	108.0	69	0.500	100
4.0	108.0	81	0.500	100
5.0	108.0	57	0.500	100
4.0	108.500	80	0.500	100
4.0	108.500	68	0.500	100
5.0	108.500	57	0.500	100
4.0	109.0	78	0.500	100
4.0	109.0	66	0.500	100
5.0	109.0	50	0.500	100
4.0	109.500	71	0.500	100
4.0	109.500	83	0.500	100
5.0	109.500	50	0.500	100
4.0	110.0	80	0.500	100
4.0	110.0	68	0.500	100
5.0	110.0	52	0.500	100
4.0	110.500	64	0.500	100
4.0	110.500	76	0.500	100
5.0	110.500	52	0.500	100
4.0	111.0	69	1.0	100
4.0	111.0	81	1.0	100
5.0	111.0	45	1.0	100
6.0	112.0	81	0.500	100
6.0	112.0	69	0.500	100
6.0	112.500	83	0.500	100
6.0	112.500	71	0.500	100
6.0	113.0	73	1.0	100
6.0	113.0	85	1.0	100
7.0	113.0	57	0.500	100
7.0	113.500	57	0.500	100
6.0	114.0	69	0.500	100
6.0	114.0	81	0.500	100
7.0	114.0	57	0.500	100
6.0	114.500	83	0.500	100
6.0	114.500	71	0.500	100
7.0	114.500	57	0.500	100
6.0	115.0	73	0.500	100
6.0	115.0	85	0.500	100
7.0	115.0	57	0.500	100
6.0	115.500	83	0.500	100
6.0	115.500	71	0.500	100
7.0	115.500	57	0.500	100
6.0	116.0	69	0.500	100
6.0	116.0	81	0.500	100
7.0	116.0	57	0.500	100
6.0	116.500	80	0.500	100
6.0	116.500	68	0.500	100
7.0	116.500	57	0.500	100
6.0	117.0	78	0.500	100
6.0	117.0	66	0.500	100
7.0	117.0	50	0.500	100
6.0	117.500	68	0.500	100
6.0	117.500	80	0.500	100
7.0	117.500	50	0.500	100
6.0	118.0	81	0.500	100
6.0	118.0	69	0.500	100
7.0	118.0	51	0.500	100
6.0	118.500	71	0.500	100
6.0	118.500	83	0.500	100
7.0	118.500	51	0.500	100
6.0	119.0	80	0.500	100
6.0	119.0	68	0.500	100
7.0	119.0	52	0.500	100
6.0	119.500	64	0.500	100
6.0	119.500	76	0.500	100
7.0	119.500	52	0.500	100
6.0	120.0	81	0.500	100
6.0	120.0	69	0.500	100
7.0	120.0	52	0.500	100
6.0	120.500	71	0.500	100
6.0	120.500	83	0.500	100
7.0	120.500	52	0.500	100
6.0	121.0	73	1.0	100
6.0	121.0	85	1.0	100
7.0	121.0	57	0.500	100
7.0	121.500	57	0.500	100
6.0	122.0	81	0.500	100
6.0	122.0	69	0.500	100
7.0	122.0	57	0.500	100
6.0	122.500	71	0.500	100
6.0	122.500	83	0.500	100
7.0	122.500	57	0.500	100
6.0	123.0	73	0.500	100
6.0	123.0	85	0.500	100
7.0	123.0	57	0.500	100
6.0	123.500	83	0.500	100
6.0	123.500	71	0.500	100
7.0	123.500	57	0.500	100
6.0	124.0	69	0.500	100
6.0	124.0	81	0.500	100
7.0	124.0	57	0.500	100
6.0	124.500	80	0.500	100
6.0	124.500	68	0.500	100
7.0	124.500	57	0.500	100
6.0	125.0	78	0.500	100
6.0	125.0	66	0.500	100
7.0	125.0	50	0.500	100
6.0	125.500	71	0.500	100
6.0	125.500	83	0.500	100
7.0	125.500	50	0.500	100
6.0	126.0	80	0.500	100
6.0	126.0	68	0.500	100
7.0	126.0	52	0.500	100
6.0	126.500	64	0.500	100
6.0	126.500	76	0.500	100
7.0	126.500	52	0.500	100
6.0	127.0	69	1.0	100
6.0	127.0	81	1.0	100
7.0	127.0	45	1.0	100
8.0	128.0	85	0.250	100
8.0	128.250	86	0.250	100
8.0	128.500	85	0.250	100
8.0	128.750	83	0.250	100
8.0	129.0	81	0.250	100
9.0	129.0	54	0.500	100
8.0	129.250	83	0.250	100
8.0	129.500	81	0.250	100
9.0	129.500	61	0.500	100
9.0	129.500	57	0.500	100
8.0	129.750	80	0.250	100
9.0	130.0	61	0.500	100
8.0	130.0	78	0.250	100
9.0	130.0	57	0.500	100
8.0	130.250	81	0.250	100
8.0	130.500	80	0.250	100
9.0	130.500	61	0.500	100
9.0	130.500	57	0.500	100
8.0	130.750	78	0.250	100
9.0	131.0	56	0.500	100
8.0	131.0	77	0.250	100
8.0	131.250	78	0.250	100
9.0	131.500	61	0.500	100
8.0	131.500	80	0.250	100
9.0	131.500	59	0.500	100
8.0	131.750	77	0.250	100
8.0	132.0	73	0.250	100
9.0	132.0	61	0.500	100
9.0	132.0	59	0.500	100
8.0	132.250	75	0.250	100
9.0	132.500	61	0.500	100
8.0	132.500	77	0.250	100
9.0	132.500	59	0.500	100
8.0	132.750	73	0.250	100
8.0	133.0	78	0.250	100
9.0	133.0	54	0.500	100
8.0	133.250	77	0.250	100
8.0	133.500	78	0.250	100
9.0	133.500	61	0.500	100
9.0	133.500	57	0.500	100
8.0	133.750	80	0.250	100
9.0	134.0	61	0.500	100
8.0	134.0	81	0.250	100
9.0	134.0	57	0.500	100
8.0	134.250	80	0.250	100
8.0	134.500	81	0.250	100
9.0	134.500	61	0.500	100
9.0	134.500	57	0.500	100
8.0	134.750	83	0.250	100
9.0	135.0	53	0.500	100
8.0	135.0	85	0.250	100
8.0	135.250	84	0.250	100
9.0	135.500	61	0.500	100
8.0	135.500	85	0.250	100
9.0	135.500	56	0.500	100
8.0	135.750	84	0.250	100
8.0	136.0	85	0.250	100
9.0	136.0	61	0.500	100
9.0	136.0	56	0.500	100
8.0	136.250	86	0.250	100
9.0	136.500	61	0.500	100
8.0	136.500	85	0.250	100
9.0	136.500	56	0.500	100
8.0	136.750	83	0.250	100
8.0	137.0	81	0.250	100
9.0	137.0	54	0.500	100
8.0	137.250	83	0.250	100
8.0	137.500	81	0.250	100
9.0	137.500	61	0.500	100
9.0	137.500	57	0.500	100
8.0	137.750	80	0.250	100
9.0	138.0	61	0.500	100
8.0	138.0	78	0.250	100
9.0	138.0	57	0.500	100
8.0	138.250	81	0.250	100
8.0	138.500	80	0.250	100
9.0	138.500	61	0.500	100
9.0	138.500	57	0.500	100
8.0	138.750	78	0.250	100
9.0	139.0	56	0.500	100
8.0	139.0	76	0.250	100
8.0	139.250	78	0.250	100
9.0	139.500	64	0.500	100
8.0	139.500	80	0.250	100
9.0	139.500	61	0.500	100
8.0	139.750	76	0.250	100
8.0	140.0	73	0.250	100
9.0	140.0	64	0.500	100
9.0	140.0	61	0.500	100
8.0	140.250	75	0.250	100
9.0	140.500	64	0.500	100
8.0	140.500	76	0.250	100
9.0	140.500	61	0.500	100
8.0	140.750	73	0.250	100
8.0	141.0	75	0.250	100
9.0	141.0	56	0.500	100
8.0	141.250	76	0.250	100
8.0	141.500	78	0.250	100
9.0	141.500	66	0.500	100
9.0	141.500	63	0.500	100
8.0	141.750	75	0.250	100
9.0	142.0	66	0.500	100
8.0	142.0	72	0.250	100
9.0	142.0	63	0.500	100
8.0	142.250	73	0.250	100
8.0	142.500	75	0.250	100
9.0	142.500	66	0.500	100
9.0	142.500	63	0.500	100
8.0	142.750	72	0.250	100
9.0	143.0	64	1.0	100
8.0	143.0	73	1.0	100
9.0	143.0	61	1.0	100
0.0	144.0	85	0.250	100
0.0	144.250	86	0.250	100
0.0	144.500	85	0.250	100
0.0	144.750	83	0.250	100
0.0	145.0	81	0.250	100
1.0	145.0	54	0.500	100
0.0	145.250	83	0.250	100
0.0	145.500	81	0.250	100
1.0	145.500	61	0.500	100
1.0	145.500	57	0.500	100
0.0	145.750	80	0.250	100
1.0	146.0	61	0.500	100
0.0	146.0	78	0.250	100
1.0	146.0	57	0.500	100
0.0	146.250	81	0.250	100
0.0	146.500	80	0.250	100
1.0	146.500	61	0.500	100
1.0	146.500	57	0.500	100
0.0	146.750	78	0.250	100
1.0	147.0	56	0.500	100
0.0	147.0	77	0.250	100
0.0	147.250	78	0.250	100
1.0	147.500	61	0.500	100
0.0	147.500	80	0.250	100
1.0	147.500	59	0.500	100
0.0	147.750	77	0.250	100
0.0	148.0	73	0.250	100
1.0	148.0	61	0.500	100
1.0	148.0	59	0.500	100
0.0	148.250	75	0.250	100
1.0	148.500	61	0.500	100
0.0	148.500	77	0.250	100
1.0	148.500	59	0.500	100
0.0	148.750	73	0.250	100
0.0	149.0	78	0.250	100
1.0	149.0	54	0.500	100
0.0	149.250	77	0.250	100
0.0	149.500	78	0.250	100
1.0	149.500	61	0.500	100
1.0	149.500	57	0.500	100
0.0	149.750	80	0.250	100
1.0	150.0	61	0.500	100
0.0	150.0	81	0.250	100
1.0	150.0	57	0.500	100
0.0	150.250	80	0.250	100
0.0	150.500	81	0.250	100
1.0	150.500	61	0.500	100
1.0	150.500	57	0.500	100
0.0	150.750	83	0.250	100
1.0	151.0	53	0.500	100
0.0	151.0	85	0.250	100
0.0	151.250	84	0.250	100
1.0	151.500	61	0.500	100
0.0	151.500	85	0.250	100
1.0	151.500	56	0.500	100
0.0	151.750	84	0.250	100
0.0	152.0	85	0.250	100
1.0	152.0	61	0.500	100
1.0	152.0	56	0.500	100
0.0	152.250	86	0.250	100
1.0	152.500	61	0.500	100
0.0	152.500	85	0.250	100
1.0	152.500	56	0.500	100
0.0	152.750	83	0.250	100
0.0	153.0	81	0.250	100
1.0	153.0	54	0.500	100
0.0	153.250	83	0.250	100
0.0	153.500	81	0.250	100
1.0	153.500	61	0.500	100
1.0	153.500	57	0.500	100
0.0	153.750	80	0.250	100
1.0	154.0	61	0.500	100
0.0	154.0	78	0.250	100
1.0	154.0	57	0.500	100
0.0	154.250	81	0.250	100
0.0	154.500	80	0.250	100
1.0	154.500	61	0.500	100
1.0	154.500	57	0.500	100
0.0	154.750	78	0.250	100
1.0	155.0	56	0.500	100
0.0	155.0	76	0.250	100
0.0	155.250	78	0.250	100
1.0	155.500	64	0.500	100
0.0	155.500	80	0.250	100
1.0	155.500	61	0.500	100
0.0	155.750	76	0.250	100
0.0	156.0	73	0.250	100
1.0	156.0	64	0.500	100
1.0	156.0	61	0.500	100
0.0	156.250	75	0.250	100
1.0	156.500	64	0.500	100
0.0	156.500	76	0.250	100
1.0	156.500	61	0.500	100
0.0	156.750	73	0.250	100
0.0	157.0	75	0.250	100
1.0	157.0	56	0.500	100
0.0	157.250	76	0.250	100
0.0	157.500	78	0.250	100
1.0	157.500	66	0.500	100
1.0	157.500	63	0.500	100
0.0	157.750	75	0.250	100
1.0	158.0	66	0.500	100
0.0	158.0	72	0.250	100
1.0	158.0	63	0.500	100
0.0	158.250	73	0.250	100
0.0	158.500	75	0.250	100
1.0	158.500	66	0.500	100
1.0	158.500	63	0.500	100
0.0	158.750	72	0.250	100
1.0	159.0	64	1.0	100
0.0	159.0	73	1.0	100
1.0	159.0	61	1.0	100
0.0	160.0	76	0.250	100
0.0	160.250	74	0.250	100
0.0	160.500	73	0.250	100
0.0	160.750	71	0.250	100
0.0	161.0	69	0.250	100
1.0	161.0	57	0.500	100
0.0	161.250	71	0.250	100
1.0	161.500	61	0.500	100
0.0	161.500	73	0.250	100
1.0	161.500	64	0.500	100
0.0	161.750	74	0.250	100
1.0	162.0	61	0.500	100
1.0	162.0	64	0.500	100
0.0	162.0	76	0.250	100
0.0	162.250	78	0.250	100
1.0	162.500	61	0.500	100
0.0	162.500	80	0.250	100
1.0	162.500	64	0.500	100
0.0	162.750	81	0.250	100
1.0	163.0	59	0.500	100
0.0	163.0	81	0.250	100
0.0	163.250	80	0.250	100
1.0	163.500	62	0.500	100
1.0	163.500	64	0.500	100
0.0	163.500	78	0.250	100
0.0	163.750	76	0.250	100
0.0	164.0	76	0.250	100
1.0	164.0	56	0.500	100
0.0	164.250	74	0.250	100
1.0	164.500	62	0.500	100
0.0	164.500	73	0.250	100
1.0	164.500	64	0.500	100
0.0	164.750	71	0.250	100
1.0	165.0	57	0.500	100
0.0	165.0	69	0.250	100
0.0	165.250	71	0.250	100
1.0	165.500	61	0.500	100
1.0	165.500	64	0.500	100
0.0	165.500	73	0.250	100
0.0	165.750	74	0.250	100
1.0	166.0	61	0.500	100
0.0	166.0	76	0.250	100
1.0	166.0	64	0.500	100
0.0	166.250	78	0.250	100
1.0	166.500	61	0.500	100
1.0	166.500	64	0.500	100
0.0	166.500	80	0.250	100
0.0	166.750	81	0.250	100
0.0	167.0	82	0.500	100
1.0	167.0	52	0.500	100
1.0	167.500	56	0.500	100
0.0	167.500	83	0.500	100
1.0	167.500	62	0.500	100
1.0	168.0	56	0.500	100
1.0	168.0	62	0.500	100
0.0	168.0	76	0.250	100
0.0	168.250	74	0.250	100
1.0	168.500	56	0.500	100
0.0	168.500	73	0.250	100
1.0	168.500	62	0.500	100
0.0	168.750	71	0.250	100
1.0	169.0	57	0.500	100
0.0	169.0	69	0.250	100
0.0	169.250	71	0.250	100
1.0	169.500	61	0.500	100
1.0	169.500	64	0.500	100
0.0	169.500	73	0.250	100
0.0	169.750	74	0.250	100
1.0	170.0	61	0.500	100
0.0	170.0	76	0.250	100
1.0	170.0	64	0.500	100
0.0	170.250	78	0.250	100
1.0	170.500	61	0.500	100
1.0	170.500	64	0.500	100
0.0	170.500	80	0.250	100
0.0	170.750	81	0.250	100
0.0	171.0	81	0.250	100
1.0	171.0	59	0.500	100
0.0	171.250	80	0.250	100
1.0	171.500	62	0.500	100
0.0	171.500	78	0.250	100
1.0	171.500	64	0.500	100
0.0	171.750	76	0.250	100
1.0	172.0	56	0.500	100
0.0	172.0	76	0.250	100
0.0	172.250	74	0.250	100
1.0	172.500	62	0.500	100
1.0	172.500	64	0.500	100
0.0	172.500	73	0.250	100
0.0	172.750	71	0.250	100
0.0	173.0	73	0.250	100
1.0	173.0	57	0.500	100
0.0	173.250	76	0.250	100
0.0	173.500	69	0.250	100
1.0	173.500	54	0.500	100
0.0	173.750	73	0.250	100
0.0	174.0	71	0.250	100
1.0	174.0	50	0.500	100
0.0	174.250	74	0.250	100
0.0	174.500	68	0.250	100
1.0	174.500	52	0.500	100
0.0	174.750	71	0.250	100
0.0	175.0	69	1.0	100
1.0	175.0	45	0.500	100
1.0	175.500	57	0.500	100
8.0	176.0	85	0.250	100
8.0	176.250	86	0.250	100
8.0	176.500	85	0.250	100
8.0	176.750	83	0.250	100
8.0	177.0	81	0.250	100
9.0	177.0	54	0.500	100
8.0	177.250	83	0.250	100
9.0	177.500	61	0.500	100
9.0	177.500	57	0.500	100
8.0	177.500	81	0.250	100
8.0	177.750	80	0.250	100
8.0	178.0	78	0.250	100
9.0	178.0	57	0.500	100
9.0	178.0	61	0.500	100
8.0	178.250	81	0.250	100
9.0	178.500	61	0.500	100
9.0	178.500	57	0.500	100
8.0	178.500	80	0.250	100
8.0	178.750	78	0.250	100
9.0	179.0	56	0.500	100
8.0	179.0	77	0.250	100
8.0	179.250	78	0.250	100
8.0	179.500	80	0.250	100
9.0	179.500	59	0.500	100
9.0	179.500	61	0.500	100
8.0	179.750	77	0.250	100
9.0	180.0	61	0.500	100
9.0	180.0	59	0.500	100
8.0	180.0	73	0.250	100
8.0	180.250	75	0.250	100
8.0	180.500	77	0.250	100
9.0	180.500	59	0.500	100
9.0	180.500	61	0.500	100
8.0	180.750	73	0.250	100
8.0	181.0	78	0.250	100
9.0	181.0	54	0.500	100
8.0	181.250	77	0.250	100
9.0	181.500	61	0.500	100
9.0	181.500	57	0.500	100
8.0	181.500	78	0.250	100
8.0	181.750	80	0.250	100
8.0	182.0	81	0.250	100
9.0	182.0	57	0.500	100
9.0	182.0	61	0.500	100
8.0	182.250	80	0.250	100
9.0	182.500	61	0.500	100
9.0	182.500	57	0.500	100
8.0	182.500	81	0.250	100
8.0	182.750	83	0.250	100
9.0	183.0	53	0.500	100
8.0	183.0	85	0.250	100
8.0	183.250	84	0.250	100
8.0	183.500	85	0.250	100
9.0	183.500	56	0.500	100
9.0	183.500	61	0.500	100
8.0	183.750	84	0.250	100
9.0	184.0	55	0.500	100
9.0	184.0	61	0.500	100
8.0	184.0	85	0.250	100
8.0	184.250	83	0.250	100
8.0	184.500	85	0.250	100
9.0	184.500	61	0.500	100
9.0	184.500	54	0.500	100
8.0	184.750	82	0.250	100
8.0	185.0	86	0.250	100
9.0	185.0	47	0.500	100
8.0	185.250	85	0.250	100
9.0	185.500	59	0.500	100
9.0	185.500	54	0.500	100
8.0	185.500	86	0.250	100
8.0	185.750	85	0.250	100
8.0	186.0	86	0.250	100
9.0	186.0	54	0.500	100
9.0	186.0	59	0.500	100
8.0	186.250	85	0.250	100
9.0	186.500	59	0.500	100
9.0	186.500	54	0.500	100
8.0	186.500	86	0.250	100
8.0	186.750	85	0.250	100
9.0	187.0	47	0.500	100
8.0	187.0	86	0.250	100
8.0	187.250	85	0.250	100
8.0	187.500	83	0.250	100
9.0	187.500	56	0.500	100
9.0	187.500	59	0.500	100
8.0	187.750	81	0.250	100
9.0	188.0	59	0.500	100
9.0	188.0	56	0.500	100
8.0	188.0	80	0.250	100
8.0	188.250	81	0.250	100
8.0	188.500	83	0.250	100
9.0	188.500	56	0.500	100
9.0	188.500	59	0.500	100
8.0	188.750	80	0.250	100
8.0	189.0	81	0.250	100
9.0	189.0	49	0.500	100
8.0	189.250	83	0.250	100
9.0	189.500	57	0.500	100
9.0	189.500	54	0.500	100
8.0	189.500	85	0.250	100
8.0	189.750	78	0.250	100
9.0	190.0	49	0.500	100
8.0	190.0	77	0.250	100
8.0	190.250	78	0.250	100
8.0	190.500	80	0.250	100
9.0	190.500	56	0.500	100
9.0	190.500	59	0.500	100
8.0	190.750	77	0.250	100
9.0	191.0	57	1.0	100
9.0	191.0	54	1.0	100
8.0	191.0	78	1.0	100
2.0	192.0	76	0.250	100
2.0	192.250	74	0.250	100
2.0	192.500	73	0.250	100
2.0	192.750	71	0.250	100
3.0	193.0	57	0.500	100
2.0	193.0	69	0.250	100
2.0	193.250	71	0.250	100
3.0	193.500	61	0.500	100
2.0	193.500	73	0.250	100
3.0	193.500	64	0.500	100
2.0	193.750	74	0.250	100
3.0	194.0	61	0.500	100
3.0	194.0	64	0.500	100
2.0	194.0	76	0.250	100
2.0	194.250	78	0.250	100
3.0	194.500	61	0.500	100
2.0	194.500	80	0.250	100
3.0	194.500	64	0.500	100
2.0	194.750	81	0.250	100
2.0	195.0	81	0.250	100
3.0	195.0	59	0.500	100
2.0	195.250	80	0.250	100
3.0	195.500	62	0.500	100
3.0	195.500	64	0.500	100
2.0	195.500	78	0.250	100
2.0	195.750	76	0.250	100
3.0	196.0	56	0.500	100
2.0	196.0	76	0.250	100
2.0	196.250	74	0.250	100
3.0	196.500	62	0.500	100
2.0	196.500	73	0.250	100
3.0	196.500	64	0.500	100
2.0	196.750	71	0.250	100
2.0	197.0	69	0.250	100
3.0	197.0	57	0.500	100
2.0	197.250	71	0.250	100
3.0	197.500	61	0.500	100
3.0	197.500	64	0.500	100
2.0	197.500	73	0.250	100
2.0	197.750	74	0.250	100
3.0	198.0	61	0.500	100
2.0	198.0	76	0.250	100
3.0	198.0	64	0.500	100
2.0	198.250	78	0.250	100
3.0	198.500	61	0.500	100
3.0	198.500	64	0.500	100
2.0	198.500	80	0.250	100
2.0	198.750	81	0.250	100
3.0	199.0	52	0.500	100
2.0	199.0	82	0.500	100
3.0	199.500	56	0.500	100
2.0	199.500	83	0.500	100
3.0	199.500	62	0.500	100
3.0	200.0	56	0.500	100
3.0	200.0	62	0.500	100
2.0	200.0	76	0.250	100
2.0	200.250	74	0.250	100
3.0	200.500	56	0.500	100
2.0	200.500	73	0.250	100
3.0	200.500	62	0.500	100
2.0	200.750	71	0.250	100
2.0	201.0	69	0.250	100
3.0	201.0	57	0.500	100
2.0	201.250	71	0.250	100
3.0	201.500	61	0.500	100
3.0	201.500	64	0.500	100
2.0	201.500	73	0.250	100
2.0	201.750	74	0.250	100
3.0	202.0	61	0.500	100
2.0	202.0	76	0.250	100
3.0	202.0	64	0.500	100
2.0	202.250	78	0.250	100
3.0	202.500	61	0.500	100
3.0	202.500	64	0.500	100
2.0	202.500	80	0.250	100
2.0	202.750	81	0.250	100
3.0	203.0	59	0.500	100
2.0	203.0	81	0.250	100
2.0	203.250	80	0.250	100
3.0	203.500	62	0.500	100
2.0	203.500	78	0.250	100
3.0	203.500	64	0.500	100
2.0	203.750	76	0.250	100
2.0	204.0	76	0.250	100
3.0	204.0	56	0.500	100
2.0	204.250	74	0.250	100
3.0	204.500	62	0.500	100
3.0	204.500	64	0.500	100
2.0	204.500	73	0.250	100
2.0	204.750	71	0.250	100
3.0	205.0	57	0.500	100
2.0	205.0	73	0.250	100
2.0	205.250	76	0.250	100
3.0	205.500	54	0.500	100
2.0	205.500	69	0.250	100
2.0	205.750	73	0.250	100
3.0	206.0	50	0.500	100
2.0	206.0	71	0.250	100
2.0	206.250	74	0.250	100
3.0	206.500	52	0.500	100
2.0	206.500	68	0.250	100
2.0	206.750	71	0.250	100
3.0	207.0	45	0.500	100
2.0	207.0	69	1.0	100
3.0	207.500	57	0.500	100
0.0	208.0	85	0.250	100
0.0	208.250	86	0.250	100
0.0	208.500	85	0.250	100
0.0	208.750	83	0.250	100
0.0	209.0	81	0.250	100
1.0	209.0	54	0.500	100
0.0	209.250	83	0.250	100
0.0	209.500	81	0.250	100
1.0	209.500	61	0.500	100
1.0	209.500	57	0.500	100
0.0	209.750	80	0.250	100
1.0	210.0	61	0.500	100
0.0	210.0	78	0.250	100
1.0	210.0	57	0.500	100
0.0	210.250	81	0.250	100
0.0	210.500	80	0.250	100
1.0	210.500	61	0.500	100
1.0	210.500	57	0.500	100
0.0	210.750	78	0.250	100
1.0	211.0	56	0.500	100
0.0	211.0	77	0.250	100
0.0	211.250	78	0.250	100
1.0	211.500	61	0.500	100
0.0	211.500	80	0.250	100
1.0	211.500	59	0.500	100
0.0	211.750	77	0.250	100
0.0	212.0	73	0.250	100
1.0	212.0	61	0.500	100
1.0	212.0	59	0.500	100
0.0	212.250	75	0.250	100
1.0	212.500	61	0.500	100
0.0	212.500	77	0.250	100
1.0	212.500	59	0.500	100
0.0	212.750	73	0.250	100
0.0	213.0	78	0.250	100
1.0	213.0	54	0.500	100
0.0	213.250	77	0.250	100
0.0	213.500	78	0.250	100
1.0	213.500	61	0.500	100
1.0	213.500	57	0.500	100
0.0	213.750	80	0.250	100
1.0	214.0	61	0.500	100
0.0	214.0	81	0.250	100
1.0	214.0	57	0.500	100
0.0	214.250	80	0.250	100
0.0	214.500	81	0.250	100
1.0	214.500	61	0.500	100
1.0	214.500	57	0.500	100
0.0	214.750	83	0.250	100
1.0	215.0	53	0.500	100
0.0	215.0	85	0.250	100
0.0	215.250	84	0.250	100
1.0	215.500	61	0.500	100
0.0	215.500	85	0.250	100
1.0	215.500	56	0.500	100
0.0	215.750	84	0.250	100
0.0	216.0	85	0.250	100
1.0	216.0	55	0.500	100
1.0	216.0	61	0.500	100
0.0	216.250	83	0.250	100
1.0	216.500	54	0.500	100
0.0	216.500	85	0.250	100
1.0	216.500	61	0.500	100
0.0	216.750	82	0.250	100
0.0	217.0	86	0.250	100
1.0	217.0	47	0.500	100
0.0	217.250	85	0.250	100
0.0	217.500	86	0.250	100
1.0	217.500	59	0.500	100
1.0	217.500	54	0.500	100
0.0	217.750	85	0.250	100
1.0	218.0	59	0.500	100
0.0	218.0	86	0.250	100
1.0	218.0	54	0.500	100
0.0	218.250	85	0.250	100
0.0	218.500	86	0.250	100
1.0	218.500	59	0.500	100
1.0	218.500	54	0.500	100
0.0	218.750	85	0.250	100
1.0	219.0	47	0.500	100
0.0	219.0	86	0.250	100
0.0	219.250	85	0.250	100
1.0	219.500	59	0.500	100
0.0	219.500	83	0.250	100
1.0	219.500	56	0.500	100
0.0	219.750	81	0.250	100
0.0	220.0	80	0.250	100
1.0	220.0	59	0.500	100
1.0	220.0	56	0.500	100
0.0	220.250	81	0.250	100
1.0	220.500	59	0.500	100
0.0	220.500	83	0.250	100
1.0	220.500	56	0.500	100
0.0	220.750	80	0.250	100
0.0	221.0	81	0.250	100
1.0	221.0	49	0.500	100
0.0	221.250	83	0.250	100
0.0	221.500	85	0.250	100
1.0	221.500	57	0.500	100
1.0	221.500	54	0.500	100
0.0	221.750	78	0.250	100
1.0	222.0	49	0.500	100
0.0	222.0	77	0.250	100
0.0	222.250	78	0.250	100
1.0	222.500	59	0.500	100
0.0	222.500	80	0.250	100
1.0	222.500	56	0.500	100
0.0	222.750	77	0.250	100
0.0	223.0	78	1.0	100
1.0	223.0	57	1.0	100
1.0	223.0	54	1.0	100
4.0	224.0	69	0.500	100
4.0	224.0	81	0.500	100
4.0	224.500	71	0.500	100
4.0	224.500	83	0.500	100
5.0	225.0	57	0.500	100
4.0	225.0	85	1.0	100
4.0	225.0	73	1.0	100
5.0	225.500	57	0.500	100
5.0	226.0	57	0.500	100
4.0	226.0	81	0.500	100
4.0	226.0	69	0.500	100
5.0	226.500	57	0.500	100
4.0	226.500	71	0.500	100
4.0	226.500	83	0.500	100
5.0	227.0	57	0.500	100
4.0	227.0	85	0.500	100
4.0	227.0	73	0.500	100
5.0	227.500	57	0.500	100
4.0	227.500	71	0.500	100
4.0	227.500	83	0.500	100
5.0	228.0	57	0.500	100
4.0	228.0	81	0.500	100
4.0	228.0	69	0.500	100
5.0	228.500	57	0.500	100
4.0	228.500	68	0.500	100
4.0	228.500	80	0.500	100
5.0	229.0	50	0.500	100
4.0	229.0	66	0.500	100
4.0	229.0	78	0.500	100
5.0	229.500	50	0.500	100
4.0	229.500	80	0.500	100
4.0	229.500	68	0.500	100
5.0	230.0	51	0.500	100
4.0	230.0	69	0.500	100
4.0	230.0	81	0.500	100
5.0	230.500	51	0.500	100
4.0	230.500	83	0.500	100
4.0	230.500	71	0.500	100
5.0	231.0	52	0.500	100
4.0	231.0	68	0.500	100
4.0	231.0	80	0.500	100
5.0	231.500	52	0.500	100
4.0	231.500	76	0.500	100
4.0	231.500	64	0.500	100
5.0	232.0	52	0.500	100
4.0	232.0	69	0.500	100
4.0	232.0	81	0.500	100
5.0	232.500	52	0.500	100
4.0	232.500	83	0.500	100
4.0	232.500	71	0.500	100
5.0	233.0	57	0.500	100
4.0	233.0	85	1.0	100
4.0	233.0	73	1.0	100
5.0	233.500	57	0.500	100
5.0	234.0	57	0.500	100
4.0	234.0	69	0.500	100
4.0	234.0	81	0.500	100
5.0	234.500	57	0.500	100
4.0	234.500	83	0.500	100
4.0	234.500	71	0.500	100
5.0	235.0	57	0.500	100
4.0	235.0	85	0.500	100
4.0	235.0	73	0.500	100
5.0	235.500	57	0.500	100
4.0	235.500	71	0.500	100
4.0	235.500	83	0.500	100
5.0	236.0	57	0.500	100
4.0	236.0	81	0.500	100
4.0	236.0	69	0.500	100
5.0	236.500	57	0.500	100
4.0	236.500	68	0.500	100
4.0	236.500	80	0.500	100
5.0	237.0	50	0.500	100
4.0	237.0	66	0.500	100
4.0	237.0	78	0.500	100
5.0	237.500	50	0.500	100
4.0	237.500	83	0.500	100
4.0	237.500	71	0.500	100
5.0	238.0	52	0.500	100
4.0	238.0	68	0.500	100
4.0	238.0	80	0.500	100
5.0	238.500	52	0.500	100
4.0	238.500	76	0.500	100
4.0	238.500	64	0.500	100
5.0	239.0	45	1.0	100
4.0	239.0	81	1.0	100
4.0	239.0	69	1.0	100
6.0	240.0	69	0.500	100
6.0	240.0	81	0.500	100
6.0	240.500	71	0.500	100
6.0	240.500	83	0.500	100
7.0	241.0	57	0.500	100
6.0	241.0	85	1.0	100
6.0	241.0	73	1.0	100
7.0	241.500	57	0.500	100
7.0	242.0	57	0.500	100
6.0	242.0	81	0.500	100
6.0	242.0	69	0.500	100
7.0	242.500	57	0.500	100
6.0	242.500	71	0.500	100
6.0	242.500	83	0.500	100
7.0	243.0	57	0.500	100
6.0	243.0	85	0.500	100
6.0	243.0	73	0.500	100
7.0	243.500	57	0.500	100
6.0	243.500	71	0.500	100
6.0	243.500	83	0.500	100
7.0	244.0	57	0.500	100
6.0	244.0	81	0.500	100
6.0	244.0	69	0.500	100
7.0	244.500	57	0.500	100
6.0	244.500	68	0.500	100
6.0	244.500	80	0.500	100
7.0	245.0	50	0.500	100
6.0	245.0	66	0.500	100
6.0	245.0	78	0.500	100
7.0	245.500	50	0.500	100
6.0	245.500	80	0.500	100
6.0	245.500	68	0.500	100
7.0	246.0	51	0.500	100
6.0	246.0	69	0.500	100
6.0	246.0	81	0.500	100
7.0	246.500	51	0.500	100
6.0	246.500	83	0.500	100
6.0	246.500	71	0.500	100
7.0	247.0	52	0.500	100
6.0	247.0	68	0.500	100
6.0	247.0	80	0.500	100
7.0	247.500	52	0.500	100
6.0	247.500	76	0.500	100
6.0	247.500	64	0.500	100
7.0	248.0	52	0.500	100
6.0	248.0	69	0.500	100
6.0	248.0	81	0.500	100
7.0	248.500	52	0.500	100
6.0	248.500	83	0.500	100
6.0	248.500	71	0.500	100
7.0	249.0	57	0.500	100
6.0	249.0	85	1.0	100
6.0	249.0	73	1.0	100
7.0	249.500	57	0.500	100
7.0	250.0	57	0.500	100
6.0	250.0	69	0.500	100
6.0	250.0	81	0.500	100
7.0	250.500	57	0.500	100
6.0	250.500	83	0.500	100
6.0	250.500	71	0.500	100
7.0	251.0	57	0.500	100
6.0	251.0	85	0.500	100
6.0	251.0	73	0.500	100
7.0	251.500	57	0.500	100
6.0	251.500	71	0.500	100
6.0	251.500	83	0.500	100
7.0	252.0	57	0.500	100
6.0	252.0	81	0.500	100
6.0	252.0	69	0.500	100
7.0	252.500	57	0.500	100
6.0	252.500	68	0.500	100
6.0	252.500	80	0.500	100
7.0	253.0	50	0.500	100
6.0	253.0	66	0.500	100
6.0	253.0	78	0.500	100
7.0	253.500	50	0.500	100
6.0	253.500	83	0.500	100
6.0	253.500	71	0.500	100
7.0	254.0	52	0.500	100
6.0	254.0	68	0.500	100
6.0	254.0	80	0.500	100
7.0	254.500	52	0.500	100
6.0	254.500	76	0.500	100
6.0	254.500	64	0.500	100
7.0	255.0	45	1.0	100
6.0	255.0	81	1.0	100
6.0	255.0	69	1.0	100
0.0	256.0	71	0.250	100
0.0	256.250	69	0.250	100
0.0	256.500	68	0.250	100
0.0	256.750	69	0.250	100
1.0	257.0	57	0.500	100
0.0	257.0	72	0.500	100
1.0	257.500	60	0.500	100
1.0	257.500	64	0.500	100
1.0	258.0	60	0.500	100
1.0	258.0	64	0.500	100
0.0	258.0	74	0.250	100
0.0	258.250	72	0.250	100
1.0	258.500	60	0.500	100
0.0	258.500	71	0.250	100
1.0	258.500	64	0.500	100
0.0	258.750	72	0.250	100
0.0	259.0	76	0.500	100
1.0	259.0	57	0.500	100
1.0	259.500	60	0.500	100
1.0	259.500	64	0.500	100
1.0	260.0	60	0.500	100
0.0	260.0	77	0.250	100
1.0	260.0	64	0.500	100
0.0	260.250	76	0.250	100
1.0	260.500	60	0.500	100
1.0	260.500	64	0.500	100
0.0	260.500	75	0.250	100
0.0	260.750	76	0.250	100
1.0	261.0	57	0.500	100
0.0	261.0	83	0.250	100
0.0	261.250	81	0.250	100
1.0	261.500	60	0.500	100
0.0	261.500	80	0.250	100
1.0	261.500	64	0.500	100
0.0	261.750	81	0.250	100
0.0	262.0	83	0.250	100
1.0	262.0	57	0.500	100
0.0	262.250	81	0.250	100
1.0	262.500	60	0.500	100
1.0	262.500	64	0.500	100
0.0	262.500	80	0.250	100
0.0	262.750	81	0.250	100
1.0	263.0	57	0.500	100
0.0	263.0	84	1.0	100
1.0	263.500	60	0.500	100
1.0	263.500	64	0.500	100
1.0	264.0	60	0.500	100
1.0	264.0	64	0.500	100
0.0	264.0	81	0.500	100
1.0	264.500	60	0.500	100
0.0	264.500	84	0.500	100
1.0	264.500	64	0.500	100
0.0	265.0	79	0.130	100
1.0	265.0	52	0.500	100
0.0	265.130	81	0.130	100
0.0	265.250	83	0.250	100
1.0	265.500	59	0.500	100
1.0	265.500	64	0.500	100
0.0	265.500	81	0.500	100
0.0	265.500	78	0.500	100
1.0	266.0	59	0.500	100
0.0	266.0	79	0.500	100
0.0	266.0	76	0.500	100
1.0	266.0	64	0.500	100
1.0	266.500	59	0.500	100
0.0	266.500	81	0.500	100
1.0	266.500	64	0.500	100
0.0	266.500	78	0.500	100
1.0	267.0	52	0.500	100
0.0	267.0	79	0.130	100
0.0	267.130	81	0.130	100
0.0	267.250	83	0.250	100
1.0	267.500	59	0.500	100
1.0	267.500	64	0.500	100
0.0	267.500	81	0.500	100
0.0	267.500	78	0.500	100
1.0	268.0	59	0.500	100
0.0	268.0	79	0.500	100
0.0	268.0	76	0.500	100
1.0	268.0	64	0.500	100
1.0	268.500	59	0.500	100
0.0	268.500	78	0.500	100
1.0	268.500	64	0.500	100
0.0	268.500	81	0.500	100
0.0	269.0	79	0.130	100
1.0	269.0	52	0.500	100
0.0	269.130	81	0.130	100
0.0	269.250	83	0.250	100
1.0	269.500	59	0.500	100
1.0	269.500	64	0.500	100
0.0	269.500	81	0.500	100
0.0	269.500	78	0.500	100
1.0	270.0	47	0.500	100
0.0	270.0	79	0.500	100
0.0	270.0	76	0.500	100
1.0	270.500	59	0.500	100
0.0	270.500	75	0.500	100
0.0	270.500	78	0.500	100
1.0	271.0	52	1.0	100
0.0	271.0	76	1.0	100
2.0	272.0	71	0.250	100
2.0	272.250	69	0.250	100
2.0	272.500	68	0.250	100
2.0	272.750	69	0.250	100
2.0	273.0	72	0.500	100
3.0	273.0	57	0.500	100
3.0	273.500	64	0.500	100
3.0	273.500	60	0.500	100
3.0	274.0	60	0.500	100
3.0	274.0	64	0.500	100
2.0	274.0	74	0.250	100
2.0	274.250	72	0.250	100
3.0	274.500	60	0.500	100
2.0	274.500	71	0.250	100
3.0	274.500	64	0.500	100
2.0	274.750	72	0.250	100
3.0	275.0	57	0.500	100
2.0	275.0	76	0.500	100
3.0	275.500	64	0.500	100
3.0	275.500	60	0.500	100
3.0	276.0	60	0.500	100
2.0	276.0	77	0.250	100
3.0	276.0	64	0.500	100
2.0	276.250	76	0.250	100
3.0	276.500	60	0.500	100
3.0	276.500	64	0.500	100
2.0	276.500	75	0.250	100
2.0	276.750	76	0.250	100
2.0	277.0	83	0.250	100
3.0	277.0	57	0.500	100
2.0	277.250	81	0.250	100
3.0	277.500	60	0.500	100
2.0	277.500	80	0.250	100
3.0	277.500	64	0.500	100
2.0	277.750	81	0.250	100
3.0	278.0	57	0.500	100
2.0	278.0	83	0.250	100
2.0	278.250	81	0.250	100
3.0	278.500	60	0.500	100
3.0	278.500	64	0.500	100
2.0	278.500	80	0.250	100
2.0	278.750	81	0.250	100
2.0	279.0	84	1.0	100
3.0	279.0	57	0.500	100
3.0	279.500	64	0.500	100
3.0	279.500	60	0.500	100
3.0	280.0	60	0.500	100
3.0	280.0	64	0.500	100
2.0	280.0	81	0.500	100
3.0	280.500	60	0.500	100
2.0	280.500	84	0.500	100
3.0	280.500	64	0.500	100
3.0	281.0	52	0.500	100
2.0	281.0	79	0.130	100
2.0	281.130	81	0.130	100
2.0	281.250	83	0.250	100
2.0	281.500	78	0.500	100
3.0	281.500	59	0.500	100
3.0	281.500	64	0.500	100
2.0	281.500	81	0.500	100
3.0	282.0	64	0.500	100
3.0	282.0	59	0.500	100
2.0	282.0	79	0.500	100
2.0	282.0	76	0.500	100
2.0	282.500	78	0.500	100
3.0	282.500	59	0.500	100
2.0	282.500	81	0.500	100
3.0	282.500	64	0.500	100
2.0	283.0	79	0.130	100
3.0	283.0	52	0.500	100
2.0	283.130	81	0.130	100
2.0	283.250	83	0.250	100
2.0	283.500	78	0.500	100
3.0	283.500	59	0.500	100
3.0	283.500	64	0.500	100
2.0	283.500	81	0.500	100
3.0	284.0	64	0.500	100
3.0	284.0	59	0.500	100
2.0	284.0	79	0.500	100
2.0	284.0	76	0.500	100
2.0	284.500	81	0.500	100
3.0	284.500	59	0.500	100
2.0	284.500	78	0.500	100
3.0	284.500	64	0.500	100
3.0	285.0	52	0.500	100
2.0	285.0	79	0.130	100
2.0	285.130	81	0.130	100
2.0	285.250	83	0.250	100
2.0	285.500	78	0.500	100
3.0	285.500	59	0.500	100
3.0	285.500	64	0.500	100
2.0	285.500	81	0.500	100
3.0	286.0	47	0.500	100
2.0	286.0	79	0.500	100
2.0	286.0	76	0.500	100
3.0	286.500	59	0.500	100
2.0	286.500	75	0.500	100
2.0	286.500	78	0.500	100
2.0	287.0	76	1.0	100
3.0	287.0	52	1.0	100
4.0	288.0	72	0.500	100
4.0	288.0	76	0.500	100
4.0	288.500	74	0.500	100
4.0	288.500	77	0.500	100
5.0	289.0	48	0.500	100
4.0	289.0	79	0.500	100
4.0	289.0	76	0.500	100
5.0	289.500	60	0.500	100
4.0	289.500	76	0.500	100
4.0	289.500	79	0.500	100
4.0	290.0	81	0.250	100
5.0	290.0	52	0.500	100
4.0	290.250	79	0.250	100
4.0	290.500	77	0.250	100
5.0	290.500	64	0.500	100
4.0	290.750	76	0.250	100
5.0	291.0	55	1.0	100
4.0	291.0	71	0.500	100
4.0	291.0	74	1.0	100
4.0	291.500	67	0.500	100
4.0	292.0	72	0.500	100
4.0	292.0	76	0.500	100
4.0	292.500	74	0.500	100
4.0	292.500	77	0.500	100
5.0	293.0	48	0.500	100
4.0	293.0	76	0.500	100
4.0	293.0	79	0.500	100
5.0	293.500	60	0.500	100
4.0	293.500	79	0.500	100
4.0	293.500	76	0.500	100
4.0	294.0	81	0.250	100
5.0	294.0	52	0.500	100
4.0	294.250	79	0.250	100
4.0	294.500	77	0.250	100
5.0	294.500	64	0.500	100
4.0	294.750	76	0.250	100
5.0	295.0	55	1.0	100
4.0	295.0	74	1.0	100
4.0	295.0	71	1.0	100
4.0	296.0	69	0.500	100
4.0	296.0	72	0.500	100
4.0	296.500	71	0.500	100
4.0	296.500	74	0.500	100
5.0	297.0	45	0.500	100
4.0	297.0	72	0.500	100
4.0	297.0	76	0.500	100
5.0	297.500	57	0.500	100
4.0	297.500	76	0.500	100
4.0	297.500	72	0.500	100
4.0	298.0	77	0.250	100
5.0	298.0	48	0.500	100
4.0	298.250	76	0.250	100
4.0	298.500	74	0.250	100
5.0	298.500	60	0.500	100
4.0	298.750	72	0.250	100
5.0	299.0	52	1.0	100
4.0	299.0	68	0.500	100
4.0	299.0	71	1.0	100
4.0	299.500	64	0.500	100
4.0	300.0	69	0.500	100
4.0	300.0	72	0.500	100
4.0	300.500	71	0.500	100
4.0	300.500	74	0.500	100
5.0	301.0	45	0.500	100
4.0	301.0	76	0.500	100
4.0	301.0	72	0.500	100
5.0	301.500	57	0.500	100
4.0	301.500	72	0.500	100
4.0	301.500	76	0.500	100
4.0	302.0	77	0.250	100
5.0	302.0	48	0.500	100
4.0	302.250	76	0.250	100
4.0	302.500	74	0.250	100
5.0	302.500	60	0.500	100
4.0	302.750	72	0.250	100
5.0	303.0	52	1.0	100
4.0	303.0	71	1.0	100
4.0	303.0	68	1.0	100
0.0	304.0	71	0.250	100
0.0	304.250	69	0.250	100
0.0	304.500	68	0.250	100
0.0	304.750	69	0.250	100
1.0	305.0	57	0.500	100
0.0	305.0	72	0.500	100
1.0	305.500	60	0.500	100
1.0	305.500	64	0.500	100
1.0	306.0	64	0.500	100
0.0	306.0	74	0.250	100
1.0	306.0	60	0.500	100
0.0	306.250	72	0.250	100
0.0	306.500	71	0.250	100
1.0	306.500	64	0.500	100
1.0	306.500	60	0.500	100
0.0	306.750	72	0.250	100
0.0	307.0	76	0.500	100
1.0	307.0	57	0.500	100
1.0	307.500	60	0.500	100
1.0	307.500	64	0.500	100
0.0	308.0	77	0.250	100
1.0	308.0	64	0.500	100
1.0	308.0	60	0.500	100
0.0	308.250	76	0.250	100
1.0	308.500	64	0.500	100
0.0	308.500	75	0.250	100
1.0	308.500	60	0.500	100
0.0	308.750	76	0.250	100
1.0	309.0	57	0.500	100
0.0	309.0	83	0.250	100
0.0	309.250	81	0.250	100
0.0	309.500	80	0.250	100
1.0	309.500	64	0.500	100
1.0	309.500	60	0.500	100
0.0	309.750	81	0.250	100
0.0	310.0	83	0.250	100
1.0	310.0	57	0.500	100
0.0	310.250	81	0.250	100
1.0	310.500	64	0.500	100
0.0	310.500	80	0.250	100
1.0	310.500	60	0.500	100
0.0	310.750	81	0.250	100
1.0	311.0	53	0.500	100
0.0	311.0	84	1.0	100
1.0	311.500	57	0.500	100
1.0	311.500	63	0.500	100
1.0	312.0	63	0.500	100
0.0	312.0	81	0.500	100
1.0	312.0	57	0.500	100
0.0	312.500	83	0.500	100
1.0	312.500	63	0.500	100
1.0	312.500	57	0.500	100
0.0	313.0	84	0.500	100
1.0	313.0	52	0.500	100
1.0	313.500	64	0.500	100
0.0	313.500	83	0.500	100
1.0	313.500	57	0.500	100
1.0	314.0	50	0.500	100
0.0	314.0	81	0.500	100
0.0	314.500	80	0.500	100
1.0	314.500	59	0.500	100
1.0	314.500	53	0.500	100
0.0	315.0	81	0.500	100
1.0	315.0	48	0.500	100
1.0	315.500	57	0.500	100
0.0	315.500	76	0.500	100
1.0	315.500	52	0.500	100
1.0	316.0	50	0.500	100
0.0	316.0	77	0.500	100
0.0	316.500	74	0.500	100
1.0	316.500	59	0.500	100
1.0	316.500	53	0.500	100
1.0	317.0	52	0.500	100
0.0	317.0	72	1.0	100
1.0	317.0	57	0.500	100
1.0	317.500	57	0.500	100
1.0	317.500	52	0.500	100
1.0	318.0	52	0.500	100
0.0	318.0	72	0.130	100
1.0	318.0	56	0.500	100
0.0	318.130	71	0.130	100
0.0	318.250	72	0.130	100
0.0	318.380	71	0.130	100
0.0	318.500	72	0.130	100
1.0	318.500	52	0.500	100
1.0	318.500	56	0.500	100
0.0	318.630	71	0.130	100
0.0	318.750	69	0.130	100
0.0	318.880	71	0.130	100
0.0	319.0	69	1.0	100
1.0	319.0	45	1.0	100
1.0	319.0	57	1.0	100
6.0	320.0	72	0.500	100
6.0	320.0	76	0.500	100
6.0	320.500	74	0.500	100
6.0	320.500	77	0.500	100
7.0	321.0	48	0.500	100
6.0	321.0	79	0.500	100
6.0	321.0	76	0.500	100
7.0	321.500	60	0.500	100
6.0	321.500	76	0.500	100
6.0	321.500	79	0.500	100
6.0	322.0	81	0.250	100
7.0	322.0	52	0.500	100
6.0	322.250	79	0.250	100
6.0	322.500	77	0.250	100
7.0	322.500	64	0.500	100
6.0	322.750	76	0.250	100
7.0	323.0	55	1.0	100
6.0	323.0	71	0.500	100
6.0	323.0	74	1.0	100
6.0	323.500	67	0.500	100
6.0	324.0	72	0.500	100
6.0	324.0	76	0.500	100
6.0	324.500	74	0.500	100
6.0	324.500	77	0.500	100
7.0	325.0	48	0.500	100
6.0	325.0	76	0.500	100
6.0	325.0	79	0.500	100
7.0	325.500	60	0.500	100
6.0	325.500	79	0.500	100
6.0	325.500	76	0.500	100
6.0	326.0	81	0.250	100
7.0	326.0	52	0.500	100
6.0	326.250	79	0.250	100
6.0	326.500	77	0.250	100
7.0	326.500	64	0.500	100
6.0	326.750	76	0.250	100
7.0	327.0	55	1.0	100
6.0	327.0	74	1.0	100
6.0	327.0	71	1.0	100
6.0	328.0	69	0.500	100
6.0	328.0	72	0.500	100
6.0	328.500	71	0.500	100
6.0	328.500	74	0.500	100
7.0	329.0	45	0.500	100
6.0	329.0	72	0.500	100
6.0	329.0	76	0.500	100
7.0	329.500	57	0.500	100
6.0	329.500	76	0.500	100
6.0	329.500	72	0.500	100
6.0	330.0	77	0.250	100
7.0	330.0	48	0.500	100
6.0	330.250	76	0.250	100
6.0	330.500	74	0.250	100
7.0	330.500	60	0.500	100
6.0	330.750	72	0.250	100
7.0	331.0	52	1.0	100
6.0	331.0	68	0.500	100
6.0	331.0	71	1.0	100
6.0	331.500	64	0.500	100
6.0	332.0	69	0.500	100
6.0	332.0	72	0.500	100
6.0	332.500	71	0.500	100
6.0	332.500	74	0.500	100
7.0	333.0	45	0.500	100
6.0	333.0	76	0.500	100
6.0	333.0	72	0.500	100
7.0	333.500	57	0.500	100
6.0	333.500	72	0.500	100
6.0	333.500	76	0.500	100
6.0	334.0	77	0.250	100
7.0	334.0	48	0.500	100
6.0	334.250	76	0.250	100
6.0	334.500	74	0.250	100
7.0	334.500	60	0.500	100
6.0	334.750	72	0.250	100
7.0	335.0	52	1.0	100
6.0	335.0	71	1.0	100
6.0	335.0	68	1.0	100
2.0	336.0	71	0.250	100
2.0	336.250	69	0.250	100
2.0	336.500	68	0.250	100
2.0	336.750	69	0.250	100
2.0	337.0	72	0.500	100
3.0	337.0	57	0.500	100
3.0	337.500	64	0.500	100
3.0	337.500	60	0.500	100
3.0	338.0	60	0.500	100
3.0	338.0	64	0.500	100
2.0	338.0	74	0.250	100
2.0	338.250	72	0.250	100
3.0	338.500	60	0.500	100
2.0	338.500	71	0.250	100
3.0	338.500	64	0.500	100
2.0	338.750	72	0.250	100
3.0	339.0	57	0.500	100
2.0	339.0	76	0.500	100
3.0	339.500	64	0.500	100
3.0	339.500	60	0.500	100
3.0	340.0	60	0.500	100
2.0	340.0	77	0.250	100
3.0	340.0	64	0.500	100
2.0	340.250	76	0.250	100
3.0	340.500	60	0.500	100
3.0	340.500	64	0.500	100
2.0	340.500	75	0.250	100
2.0	340.750	76	0.250	100
2.0	341.0	83	0.250	100
3.0	341.0	57	0.500	100
2.0	341.250	81	0.250	100
3.0	341.500	60	0.500	100
2.0	341.500	80	0.250	100
3.0	341.500	64	0.500	100
2.0	341.750	81	0.250	100
3.0	342.0	57	0.500	100
2.0	342.0	83	0.250	100
2.0	342.250	81	0.250	100
3.0	342.500	60	0.500	100
3.0	342.500	64	0.500	100
2.0	342.500	80	0.250	100
2.0	342.750	81	0.250	100
2.0	343.0	84	1.0	100
3.0	343.0	53	0.500	100
3.0	343.500	63	0.500	100
3.0	343.500	57	0.500	100
3.0	344.0	57	0.500	100
3.0	344.0	63	0.500	100
2.0	344.0	81	0.500	100
3.0	344.500	57	0.500	100
2.0	344.500	83	0.500	100
3.0	344.500	63	0.500	100
3.0	345.0	52	0.500	100
2.0	345.0	84	0.500	100
3.0	345.500	57	0.500	100
3.0	345.500	64	0.500	100
2.0	345.500	83	0.500	100
2.0	346.0	81	0.500	100
3.0	346.0	50	0.500	100
3.0	346.500	53	0.500	100
2.0	346.500	80	0.500	100
3.0	346.500	59	0.500	100
3.0	347.0	48	0.500	100
2.0	347.0	81	0.500	100
3.0	347.500	52	0.500	100
3.0	347.500	57	0.500	100
2.0	347.500	76	0.500	100
2.0	348.0	77	0.500	100
3.0	348.0	50	0.500	100
3.0	348.500	53	0.500	100
2.0	348.500	74	0.500	100
3.0	348.500	59	0.500	100
3.0	349.0	57	0.500	100
3.0	349.0	52	0.500	100
2.0	349.0	72	1.0	100
3.0	349.500	52	0.500	100
3.0	349.500	57	0.500	100
3.0	350.0	56	0.500	100
3.0	350.0	52	0.500	100
2.0	350.0	72	0.130	100
2.0	350.130	71	0.130	100
2.0	350.250	72	0.130	100
2.0	350.380	71	0.130	100
3.0	350.500	56	0.500	100
2.0	350.500	72	0.130	100
3.0	350.500	52	0.500	100
2.0	350.630	71	0.130	100
2.0	350.750	69	0.130	100
2.0	350.880	71	0.130	100
3.0	351.0	45	1.0	100
3.0	351.0	57	1.0	100
2.0	351.0	69	1.0	100
2.0	352.0	69	0.250	100
2.0	352.250	81	0.250	100
2.0	352.500	71	0.250	100
2.0	352.750	83	0.250	100
2.0	353.0	73	0.250	100
3.0	353.0	57	0.500	100
2.0	353.250	85	0.250	100
3.0	353.500	57	0.500	100
2.0	354.0	69	0.250	100
3.0	354.0	57	0.500	100
2.0	354.250	81	0.250	100
2.0	354.500	71	0.250	100
3.0	354.500	57	0.500	100
2.0	354.750	83	0.250	100
2.0	355.0	73	0.250	100
3.0	355.0	57	0.500	100
2.0	355.250	85	0.250	100
2.0	355.500	71	0.250	100
3.0	355.500	57	0.500	100
2.0	355.750	83	0.250	100
2.0	356.0	69	0.250	100
3.0	356.0	57	0.500	100
2.0	356.250	81	0.250	100
2.0	356.500	68	0.250	100
3.0	356.500	57	0.500	100
2.0	356.750	80	0.250	100
2.0	357.0	66	0.250	100
3.0	357.0	50	0.500	100
2.0	357.250	78	0.250	100
2.0	357.500	68	0.250	100
3.0	357.500	50	0.500	100
2.0	357.750	80	0.250	100
2.0	358.0	69	0.250	100
3.0	358.0	51	0.500	100
2.0	358.250	81	0.250	100
2.0	358.500	71	0.250	100
3.0	358.500	51	0.500	100
2.0	358.750	83	0.250	100
2.0	359.0	68	0.250	100
3.0	359.0	52	0.500	100
2.0	359.250	80	0.250	100
2.0	359.500	64	0.250	100
3.0	359.500	52	0.500	100
2.0	359.750	76	0.250	100
2.0	360.0	69	0.250	100
3.0	360.0	52	0.500	100
2.0	360.250	81	0.250	100
2.0	360.500	71	0.250	100
3.0	360.500	52	0.500	100
2.0	360.750	83	0.250	100
2.0	361.0	73	0.250	100
3.0	361.0	57	0.500	100
2.0	361.250	85	0.250	100
3.0	361.500	57	0.500	100
2.0	362.0	69	0.250	100
3.0	362.0	57	0.500	100
2.0	362.250	81	0.250	100
2.0	362.500	71	0.250	100
3.0	362.500	57	0.500	100
2.0	362.750	83	0.250	100
2.0	363.0	73	0.250	100
3.0	363.0	57	0.500	100
2.0	363.250	85	0.250	100
2.0	363.500	71	0.250	100
3.0	363.500	57	0.500	100
2.0	363.750	83	0.250	100
2.0	364.0	69	0.250	100
3.0	364.0	57	0.500	100
2.0	364.250	81	0.250	100
2.0	364.500	68	0.250	100
3.0	364.500	57	0.500	100
2.0	364.750	80	0.250	100
2.0	365.0	66	0.250	100
3.0	365.0	50	0.500	100
2.0	365.250	78	0.250	100
2.0	365.500	71	0.250	100
3.0	365.500	50	0.500	100
2.0	365.750	83	0.250	100
2.0	366.0	68	0.250	100
3.0	366.0	52	0.500	100
2.0	366.250	80	0.250	100
2.0	366.500	64	0.250	100
3.0	366.500	52	0.500	100
2.0	366.750	76	0.250	100
2.0	367.0	81	1.0	100
2.0	367.0	69	1.0	100
3.0	367.0	45	1.0	100
2.0	368.0	69	0.250	100
2.0	368.250	81	0.250	100
2.0	368.500	71	0.250	100
2.0	368.750	83	0.250	100
2.0	369.0	73	0.250	100
3.0	369.0	57	0.500	100
2.0	369.250	85	0.250	100
3.0	369.500	57	0.500	100
2.0	370.0	69	0.250	100
3.0	370.0	57	0.500	100
2.0	370.250	81	0.250	100
2.0	370.500	71	0.250	100
3.0	370.500	57	0.500	100
2.0	370.750	83	0.250	100
2.0	371.0	73	0.250	100
3.0	371.0	57	0.500	100
2.0	371.250	85	0.250	100
2.0	371.500	71	0.250	100
3.0	371.500	57	0.500	100
2.0	371.750	83	0.250	100
2.0	372.0	69	0.250	100
3.0	372.0	57	0.500	100
2.0	372.250	81	0.250	100
2.0	372.500	68	0.250	100
3.0	372.500	57	0.500	100
2.0	372.750	80	0.250	100
2.0	373.0	66	0.250	100
3.0	373.0	50	0.500	100
2.0	373.250	78	0.250	100
2.0	373.500	68	0.250	100
3.0	373.500	50	0.500	100
2.0	373.750	80	0.250	100
2.0	374.0	69	0.250	100
3.0	374.0	51	0.500	100
2.0	374.250	81	0.250	100
2.0	374.500	71	0.250	100
3.0	374.500	51	0.500	100
2.0	374.750	83	0.250	100
2.0	375.0	68	0.250	100
3.0	375.0	52	0.500	100
2.0	375.250	80	0.250	100
2.0	375.500	64	0.250	100
3.0	375.500	52	0.500	100
2.0	375.750	76	0.250	100
2.0	376.0	69	0.250	100
3.0	376.0	52	0.500	100
2.0	376.250	81	0.250	100
2.0	376.500	71	0.250	100
3.0	376.500	52	0.500	100
2.0	376.750	83	0.250	100
2.0	377.0	73	0.250	100
3.0	377.0	57	0.500	100
2.0	377.250	85	0.250	100
3.0	377.500	57	0.500	100
2.0	378.0	69	0.250	100
3.0	378.0	57	0.500	100
2.0	378.250	81	0.250	100
2.0	378.500	71	0.250	100
3.0	378.500	57	0.500	100
2.0	378.750	83	0.250	100
2.0	379.0	73	0.250	100
3.0	379.0	57	0.500	100
2.0	379.250	85	0.250	100
2.0	379.500	71	0.250	100
3.0	379.500	57	0.500	100
2.0	379.750	83	0.250	100
2.0	380.0	69	0.250	100
3.0	380.0	57	0.500	100
2.0	380.250	81	0.250	100
2.0	380.500	68	0.250	100
3.0	380.500	57	0.500	100
2.0	380.750	80	0.250	100
2.0	381.0	66	0.250	100
3.0	381.0	50	0.500	100
2.0	381.250	78	0.250	100
2.0	381.500	71	0.250	100
3.0	381.500	50	0.500	100
2.0	381.750	83	0.250	100
2.0	382.0	68	0.250	100
3.0	382.0	52	0.500	100
2.0	382.250	80	0.250	100
2.0	382.500	64	0.250	100
3.0	382.500	52	0.500	100
2.0	382.750	76	0.250	100
2.0	383.0	69	1.0	100
2.0	383.0	81	1.0	100
3.0	383.0	57	0.500	100
3.0	383.500	57	0.500	100
2.0	384.0	73	1.0	100
2.0	384.0	85	0.750	100
3.0	384.0	57	0.500	100
3.0	384.500	57	0.500	100
2.0	384.750	85	0.250	100
2.0	385.0	73	1.0	100
3.0	385.0	57	0.500	100
2.0	385.170	81	0.830	100
2.0	385.250	85	1.750	100
3.0	385.500	57	0.500	100
2.0	385.800	76	0.920	100
3.0	386.0	57	0.500	100
3.0	386.500	57	0.500	100
2.0	387.0	73	1.0	100
3.0	387.0	57	0.500	100
2.0	387.170	81	0.830	100
2.0	387.250	85	1.750	100
3.0	387.500	57	0.500	100
2.0	387.800	76	0.920	100
3.0	388.0	57	0.500	100
3.0	388.500	57	0.500	100
2.0	389.0	86	0.250	100
3.0	389.0	57	0.500	100
2.0	389.250	85	0.250	100
2.0	389.500	83	0.250	100
3.0	389.500	57	0.500	100
2.0	389.750	85	0.250	100
2.0	390.0	86	0.250	100
3.0	390.0	57	0.500	100
2.0	390.250	85	0.250	100
2.0	390.500	83	0.250	100
3.0	390.500	57	0.500	100
2.0	390.750	85	0.250	100
2.0	391.0	78	1.880	100
2.0	391.0	81	1.880	100
2.0	391.0	86	1.880	100
3.0	391.0	50	0.500	100
3.0	391.500	50	0.500	100
3.0	392.0	50	0.500	100
3.0	392.500	50	0.500	100
2.0	392.870	86	0.130	100
2.0	393.0	85	0.380	100
2.0	393.0	76	0.380	100
2.0	393.0	81	0.380	100
3.0	393.0	57	0.500	100
2.0	393.370	86	0.130	100
2.0	393.500	76	0.380	100
2.0	393.500	85	0.380	100
2.0	393.500	81	0.380	100
3.0	393.500	57	0.500	100
2.0	393.870	86	0.130	100
2.0	394.0	81	0.380	100
2.0	394.0	85	0.380	100
2.0	394.0	76	0.380	100
3.0	394.0	57	0.500	100
2.0	394.370	86	0.130	100
2.0	394.500	81	0.500	100
2.0	394.500	85	0.500	100
2.0	394.500	76	0.500	100
3.0	394.500	57	0.500	100
2.0	395.0	76	2.0	100
2.0	395.0	80	2.0	100
2.0	395.0	83	1.500	100
3.0	395.0	52	0.500	100
3.0	395.500	52	0.500	100
3.0	396.0	52	0.500	100
2.0	396.500	88	0.500	100
3.0	396.500	52	0.500	100
2.0	397.0	73	1.0	100
3.0	397.0	57	0.500	100
2.0	397.170	81	0.830	100
2.0	397.250	85	1.750	100
3.0	397.500	57	0.500	100
2.0	397.800	76	0.920	100
3.0	398.0	57	0.500	100
3.0	398.500	57	0.500	100
2.0	399.0	73	1.0	100
3.0	399.0	57	0.500	100
2.0	399.170	81	0.830	100
2.0	399.250	85	1.750	100
3.0	399.500	57	0.500	100
2.0	399.800	76	0.920	100
3.0	400.0	57	0.500	100
3.0	400.500	57	0.500	100
2.0	401.0	86	0.250	100
3.0	401.0	57	0.500	100
2.0	401.250	85	0.250	100
2.0	401.500	83	0.250	100
3.0	401.500	57	0.500	100
2.0	401.750	85	0.250	100
2.0	402.0	86	0.250	100
3.0	402.0	57	0.500	100
2.0	402.250	85	0.250	100
2.0	402.500	83	0.250	100
3.0	402.500	57	0.500	100
2.0	402.750	85	0.250	100
2.0	403.0	86	1.880	100
2.0	403.0	78	1.880	100
2.0	403.0	81	1.880	100
3.0	403.0	50	0.500	100
3.0	403.500	50	0.500	100
3.0	404.0	50	0.500	100
3.0	404.500	50	0.500	100
2.0	404.870	86	0.130	100
2.0	405.0	81	1.880	100
2.0	405.0	85	1.880	100
2.0	405.0	76	1.880	100
3.0	405.0	57	0.500	100
3.0	405.500	57	0.500	100
3.0	406.0	57	0.500	100
3.0	406.500	57	0.500	100
2.0	406.870	85	0.130	100
2.0	407.0	80	0.380	100
2.0	407.0	83	0.380	100
2.0	407.0	76	0.380	100
3.0	407.0	52	0.500	100
2.0	407.370	85	0.130	100
2.0	407.500	83	0.380	100
2.0	407.500	80	0.380	100
2.0	407.500	76	0.380	100
3.0	407.500	52	0.500	100
2.0	407.870	85	0.130	100
2.0	408.0	76	0.380	100
2.0	408.0	80	0.380	100
2.0	408.0	83	0.380	100
3.0	408.0	52	0.500	100
2.0	408.370	85	0.130	100
2.0	408.500	76	0.500	100
2.0	408.500	83	0.500	100
2.0	408.500	80	0.500	100
3.0	408.500	52	0.500	100
2.0	409.0	81	1.0	100
3.0	409.0	57	0.250	100
3.0	409.250	64	0.250	100
3.0	409.500	61	0.250	100
3.0	409.750	64	0.250	100
2.0	410.0	76	0.250	100
3.0	410.0	57	0.250	100
2.0	410.250	81	0.250	100
3.0	410.250	64	0.250	100
2.0	410.500	85	0.250	100
3.0	410.500	61	0.250	100
2.0	410.750	85	0.250	100
3.0	410.750	64	0.250	100
2.0	411.0	76	0.250	100
3.0	411.0	57	0.250	100
2.0	411.250	81	0.250	100
3.0	411.250	64	0.250	100
2.0	411.500	85	1.500	100
3.0	411.500	61	0.250	100
3.0	411.750	64	0.250	100
3.0	412.0	57	0.250	100
3.0	412.250	64	0.250	100
3.0	412.500	61	0.250	100
3.0	412.750	64	0.250	100
2.0	413.0	76	0.250	100
3.0	413.0	57	0.250	100
2.0	413.250	81	0.250	100
3.0	413.250	64	0.250	100
2.0	413.500	85	1.500	100
3.0	413.500	61	0.250	100
3.0	413.750	64	0.250	100
3.0	414.0	57	0.250	100
3.0	414.250	64	0.250	100
3.0	414.500	61	0.250	100
3.0	414.750	64	0.250	100
2.0	415.0	86	0.250	100
3.0	415.0	57	0.250	100
2.0	415.250	85	0.250	100
3.0	415.250	64	0.250	100
2.0	415.500	83	0.250	100
3.0	415.500	61	0.250	100
2.0	415.750	85	0.250	100
3.0	415.750	64	0.250	100
2.0	416.0	86	0.250	100
3.0	416.0	57	0.250	100
2.0	416.250	85	0.250	100
3.0	416.250	64	0.250	100
2.0	416.500	83	0.250	100
3.0	416.500	61	0.250	100
2.0	416.750	85	0.250	100
3.0	416.750	64	0.250	100
2.0	417.0	86	1.880	100
3.0	417.0	57	0.250	100
3.0	417.250	66	0.250	100
3.0	417.500	62	0.250	100
3.0	417.750	66	0.250	100
3.0	418.0	57	0.250	100
3.0	418.250	66	0.250	100
3.0	418.500	62	0.250	100
3.0	418.750	66	0.250	100
2.0	418.870	86	0.130	100
2.0	419.0	85	0.380	100
3.0	419.0	57	0.250	100
3.0	419.250	64	0.250	100
2.0	419.370	86	0.130	100
2.0	419.500	85	0.380	100
3.0	419.500	61	0.250	100
3.0	419.750	64	0.250	100
2.0	419.870	86	0.130	100
2.0	420.0	85	0.380	100
3.0	420.0	57	0.250	100
3.0	420.250	64	0.250	100
2.0	420.370	86	0.130	100
2.0	420.500	85	0.500	100
3.0	420.500	61	0.250	100
3.0	420.750	64	0.250	100
2.0	421.0	83	1.500	100
3.0	421.0	52	0.250	100
3.0	421.250	64	0.250	100
3.0	421.500	59	0.250	100
3.0	421.750	64	0.250	100
3.0	422.0	52	0.250	100
3.0	422.250	64	0.250	100
2.0	422.500	88	0.500	100
3.0	422.500	59	0.250	100
3.0	422.750	64	0.250	100
2.0	423.0	73	1.0	100
3.0	423.0	57	0.500	100
2.0	423.170	81	0.830	100
2.0	423.250	85	1.750	100
3.0	423.500	57	0.500	100
2.0	423.800	76	0.920	100
3.0	424.0	57	0.500	100
3.0	424.500	57	0.500	100
2.0	425.0	73	1.0	100
3.0	425.0	57	0.500	100
2.0	425.170	81	0.830	100
2.0	425.250	85	1.750	100
3.0	425.500	57	0.500	100
2.0	425.800	76	0.920	100
3.0	426.0	57	0.500	100
3.0	426.500	57	0.500	100
2.0	427.0	86	0.250	100
3.0	427.0	57	0.500	100
2.0	427.250	85	0.250	100
2.0	427.500	83	0.250	100
3.0	427.500	57	0.500	100
2.0	427.750	85	0.250	100
2.0	428.0	86	0.250	100
3.0	428.0	57	0.500	100
2.0	428.250	85	0.250	100
2.0	428.500	83	0.250	100
3.0	428.500	57	0.500	100
2.0	428.750	85	0.250	100
2.0	429.0	78	1.880	100
2.0	429.0	81	1.880	100
2.0	429.0	86	1.880	100
3.0	429.0	50	0.500	100
3.0	429.500	50	0.500	100
3.0	430.0	50	0.500	100
3.0	430.500	50	0.500	100
2.0	430.870	86	0.130	100
2.0	431.0	85	1.880	100
2.0	431.0	76	1.880	100
2.0	431.0	81	1.880	100
3.0	431.0	57	0.500	100
3.0	431.500	57	0.500	100
3.0	432.0	57	0.500	100
3.0	432.500	57	0.500	100
2.0	432.870	85	0.130	100
2.0	433.0	83	0.380	100
2.0	433.0	76	0.380	100
2.0	433.0	80	0.380	100
3.0	433.0	52	0.500	100
2.0	433.370	85	0.130	100
2.0	433.500	80	0.380	100
2.0	433.500	76	0.380	100
2.0	433.500	83	0.380	100
3.0	433.500	52	0.500	100
2.0	433.870	85	0.130	100
2.0	434.0	80	0.380	100
2.0	434.0	83	0.380	100
2.0	434.0	76	0.380	100
3.0	434.0	52	0.500	100
2.0	434.370	85	0.130	100
2.0	434.500	83	0.500	100
2.0	434.500	80	0.500	100
2.0	434.500	76	0.500	100
3.0	434.500	52	0.500	100
2.0	435.0	76	1.500	100
2.0	435.0	73	1.500	100
2.0	435.0	69	1.500	100
2.0	435.0	81	1.500	100
3.0	435.0	57	0.500	100
3.0	435.500	57	0.500	100
3.0	436.0	57	0.500	100
2.0	436.500	85	0.500	100
2.0	436.500	73	0.500	100
3.0	436.500	57	0.500	100
2.0	437.0	69	1.500	100
2.0	437.0	81	1.500	100
3.0	437.0	57	0.500	100
3.0	437.500	57	0.500	100
3.0	438.0	57	0.500	100
2.0	438.500	88	0.500	100
2.0	438.500	76	0.500	100
3.0	438.500	57	0.500	100
2.0	439.0	69	1.500	100
2.0	439.0	81	1.500	100
3.0	439.0	57	0.500	100
3.0	439.500	57	0.500	100
3.0	440.0	57	0.500	100
2.0	440.500	85	0.500	100
2.0	440.500	73	0.500	100
3.0	440.500	57	0.500	100
2.0	441.0	69	0.500	100
2.0	441.0	81	0.500	100
3.0	441.0	57	0.500	100
2.0	441.500	85	0.500	100
2.0	441.500	73	0.500	100
3.0	441.500	57	0.500	100
2.0	442.0	69	0.500	100
2.0	442.0	81	0.500	100
3.0	442.0	57	0.500	100
2.0	442.500	88	0.500	100
2.0	442.500	76	0.500	100
3.0	442.500	57	0.500	100
2.0	443.0	69	1.0	100
2.0	443.0	81	1.0	100
3.0	443.0	45	1.0	100
2.0	444.0	76	1.0	100
2.0	444.0	69	1.0	100
2.0	444.0	81	1.0	100
2.0	444.0	73	1.0	100
3.0	444.0	57	1.0	100
3.0	444.0	52	1.0	100
3.0	444.0	49	1.0	100
3.0	444.0	45	1.0	100
2.0	445.0	76	1.0	100
3.0	445.0	57	1.0	100
2.0	445.0	69	1.0	100
3.0	445.0	52	1.0	100
2.0	445.0	73	1.0	100
3.0	445.0	49	1.0	100
2.0	445.0	81	1.0	100
3.0	445.0	45	1.0	100
