Track	Start_Time	Pitch	Duration	Dynamic
0.0	0.0	74	1.0	80
0.0	1.0	81	1.0	80
0.0	2.0	74	1.0	80
0.0	3.0	81	1.0	80
0.0	4.0	74	1.0	80
0.0	5.0	81	1.0	80
0.0	6.0	74	1.0	80
0.0	7.0	81	1.0	80
0.0	8.0	74	1.0	80
1.0	8.0	34	8.0	80
0.0	9.0	81	1.0	80
0.0	10.0	74	1.0	80
0.0	11.0	81	1.0	80
0.0	12.0	74	1.0	80
0.0	13.0	81	1.0	80
0.0	14.0	74	1.0	80
0.0	15.0	81	1.0	80
0.0	16.0	74	1.0	80
1.0	16.0	38	1.0	80
0.0	17.0	81	1.0	80
1.0	17.0	38	0.500	80
1.0	17.500	38	0.250	80
1.0	17.750	38	0.250	80
0.0	18.0	74	1.0	80
1.0	18.0	38	0.250	80
1.0	18.250	38	0.250	80
1.0	18.500	38	0.500	80
0.0	19.0	81	1.0	80
1.0	19.0	38	0.500	80
1.0	19.500	38	0.250	80
1.0	19.750	38	0.250	80
0.0	20.0	74	1.0	80
1.0	20.0	38	0.500	80
1.0	20.500	38	0.500	80
0.0	21.0	81	1.0	80
1.0	21.0	38	0.500	80
1.0	21.500	38	0.250	80
1.0	21.750	38	0.250	80
0.0	22.0	74	1.0	80
1.0	22.0	38	0.250	80
1.0	22.250	38	0.250	80
1.0	22.500	38	0.500	80
0.0	23.0	81	1.0	80
1.0	23.0	38	0.500	80
1.0	23.500	38	0.500	80
0.0	24.0	74	1.0	80
1.0	24.0	34	0.500	80
1.0	24.500	34	0.500	80
0.0	25.0	81	1.0	80
1.0	25.0	34	0.500	80
1.0	25.500	34	0.250	80
1.0	25.750	34	0.250	80
0.0	26.0	74	1.0	80
1.0	26.0	34	0.250	80
1.0	26.250	34	0.250	80
1.0	26.500	34	0.500	80
0.0	27.0	81	1.0	80
1.0	27.0	34	0.500	80
1.0	27.500	34	0.250	80
1.0	27.750	34	0.250	80
0.0	28.0	74	1.0	80
1.0	28.0	34	0.500	80
1.0	28.500	34	0.500	80
0.0	29.0	81	1.0	80
1.0	29.0	34	0.500	80
1.0	29.500	34	0.250	80
1.0	29.750	34	0.250	80
0.0	30.0	74	1.0	80
1.0	30.0	34	0.250	80
1.0	30.250	34	0.250	80
1.0	30.500	34	0.500	80
0.0	31.0	81	1.0	80
1.0	31.0	34	0.500	80
1.0	31.500	34	0.500	80
0.0	32.0	74	1.0	80
1.0	32.0	41	1.0	80
2.0	32.0	60	1.0	80
2.0	32.0	57	1.0	80
2.0	32.0	53	1.0	80
2.0	32.0	48	1.0	80
2.0	32.0	41	1.0	80
2.0	33.0	57	0.500	80
0.0	33.0	81	1.0	80
2.0	33.0	53	0.500	80
2.0	33.0	60	0.500	80
2.0	33.0	48	0.500	80
1.0	33.0	41	0.500	80
2.0	33.0	41	0.500	80
2.0	33.500	57	0.250	80
1.0	33.500	41	0.250	80
2.0	33.500	48	0.250	80
2.0	33.500	60	0.250	80
2.0	33.500	53	0.250	80
2.0	33.500	41	0.250	80
2.0	33.750	57	0.250	80
2.0	33.750	48	0.250	80
2.0	33.750	53	0.250	80
2.0	33.750	60	0.250	80
1.0	33.750	41	0.250	80
2.0	33.750	41	0.250	80
2.0	34.0	57	0.250	80
2.0	34.0	48	0.250	80
2.0	34.0	53	0.250	80
1.0	34.0	41	0.250	80
2.0	34.0	60	0.250	80
0.0	34.0	74	1.0	80
2.0	34.0	41	0.250	80
2.0	34.250	60	0.250	80
1.0	34.250	41	0.250	80
2.0	34.250	53	0.250	80
2.0	34.250	57	0.250	80
2.0	34.250	48	0.250	80
2.0	34.250	41	0.250	80
2.0	34.500	53	0.500	80
1.0	34.500	41	0.500	80
2.0	34.500	60	0.500	80
2.0	34.500	48	0.500	80
2.0	34.500	57	0.500	80
2.0	34.500	41	0.500	80
1.0	35.0	41	0.500	80
2.0	35.0	53	0.500	80
2.0	35.0	57	0.500	80
0.0	35.0	81	1.0	80
2.0	35.0	48	0.500	80
2.0	35.0	60	0.500	80
2.0	35.0	41	0.500	80
2.0	35.500	53	0.250	80
2.0	35.500	48	0.250	80
2.0	35.500	57	0.250	80
1.0	35.500	41	0.250	80
2.0	35.500	60	0.250	80
2.0	35.500	41	0.250	80
2.0	35.750	48	0.250	80
1.0	35.750	41	0.250	80
2.0	35.750	57	0.250	80
2.0	35.750	53	0.250	80
2.0	35.750	60	0.250	80
2.0	35.750	41	0.250	80
2.0	36.0	47	0.500	80
2.0	36.0	40	0.500	80
0.0	36.0	74	1.0	80
2.0	36.0	52	0.500	80
1.0	36.0	40	0.500	80
2.0	36.0	56	0.500	80
2.0	36.500	47	0.500	80
2.0	36.500	52	0.500	80
2.0	36.500	56	0.500	80
1.0	36.500	40	0.500	80
2.0	36.500	40	0.500	80
1.0	37.0	40	0.500	80
2.0	37.0	40	0.500	80
2.0	37.0	56	0.500	80
2.0	37.0	52	0.500	80
2.0	37.0	47	0.500	80
0.0	37.0	81	1.0	80
2.0	37.500	52	0.500	80
2.0	37.500	56	0.500	80
2.0	37.500	47	0.500	80
1.0	37.500	40	0.500	80
2.0	37.500	40	0.500	80
0.0	38.0	74	1.0	80
2.0	38.0	40	0.250	80
2.0	38.0	47	0.250	80
1.0	38.0	40	0.250	80
2.0	38.0	52	0.250	80
2.0	38.0	56	0.250	80
0.0	39.0	81	1.0	80
2.0	40.0	57	4.0	80
2.0	40.0	50	4.0	80
2.0	40.0	62	4.0	80
1.0	40.0	38	1.0	80
0.0	40.0	74	1.0	80
2.0	40.0	65	4.0	80
2.0	40.0	45	4.0	80
3.0	40.0	61	0.500	80
3.0	40.500	57	0.500	80
1.0	41.0	38	0.500	80
0.0	41.0	81	1.0	80
3.0	41.0	61	0.500	80
1.0	41.500	38	0.250	80
3.0	41.500	57	0.500	80
1.0	41.750	38	0.250	80
1.0	42.0	38	0.250	80
0.0	42.0	74	1.0	80
3.0	42.0	62	0.500	80
1.0	42.250	38	0.250	80
1.0	42.500	38	0.500	80
3.0	42.500	57	0.500	80
1.0	43.0	38	0.500	80
0.0	43.0	81	1.0	80
3.0	43.0	62	0.500	80
1.0	43.500	38	0.250	80
3.0	43.500	57	0.500	80
1.0	43.750	38	0.250	80
1.0	44.0	38	0.500	80
0.0	44.0	74	1.0	80
3.0	44.0	64	0.500	80
1.0	44.500	38	0.500	80
3.0	44.500	57	0.500	80
1.0	45.0	38	0.500	80
0.0	45.0	81	1.0	80
3.0	45.0	64	0.500	80
1.0	45.500	38	0.250	80
3.0	45.500	57	0.500	80
1.0	45.750	38	0.250	80
1.0	46.0	38	0.250	80
0.0	46.0	74	1.0	80
3.0	46.0	65	0.500	80
1.0	46.250	38	0.250	80
1.0	46.500	38	0.500	80
3.0	46.500	57	0.500	80
1.0	47.0	38	0.500	80
0.0	47.0	81	1.0	80
3.0	47.0	65	0.500	80
1.0	47.500	38	0.500	80
3.0	47.500	57	0.500	80
0.0	48.0	74	1.0	80
2.0	48.0	61	4.0	80
2.0	48.0	58	4.0	80
1.0	48.0	34	1.0	80
2.0	48.0	46	4.0	80
2.0	48.0	53	4.0	80
2.0	48.0	65	4.0	80
3.0	48.0	61	0.500	80
3.0	48.500	57	0.500	80
0.0	49.0	81	1.0	80
1.0	49.0	34	0.500	80
3.0	49.0	61	0.500	80
1.0	49.500	34	0.250	80
3.0	49.500	57	0.500	80
1.0	49.750	34	0.250	80
0.0	50.0	74	1.0	80
1.0	50.0	34	0.250	80
3.0	50.0	62	0.500	80
1.0	50.250	34	0.250	80
1.0	50.500	34	0.500	80
3.0	50.500	57	0.500	80
0.0	51.0	81	1.0	80
1.0	51.0	34	0.500	80
3.0	51.0	62	0.500	80
1.0	51.500	34	0.250	80
3.0	51.500	57	0.500	80
1.0	51.750	34	0.250	80
0.0	52.0	74	1.0	80
1.0	52.0	34	0.500	80
3.0	52.0	64	0.500	80
1.0	52.500	34	0.500	80
3.0	52.500	57	0.500	80
0.0	53.0	81	1.0	80
1.0	53.0	34	0.500	80
3.0	53.0	64	0.500	80
1.0	53.500	34	0.250	80
3.0	53.500	57	0.500	80
1.0	53.750	34	0.250	80
0.0	54.0	74	1.0	80
1.0	54.0	34	0.250	80
3.0	54.0	65	0.500	80
1.0	54.250	34	0.250	80
1.0	54.500	34	0.500	80
3.0	54.500	57	0.500	80
0.0	55.0	81	1.0	80
1.0	55.0	34	0.500	80
3.0	55.0	65	0.500	80
1.0	55.500	34	0.500	80
3.0	55.500	57	0.500	80
0.0	56.0	74	1.0	80
2.0	56.0	48	4.0	80
2.0	56.0	41	4.0	80
2.0	56.0	57	4.0	80
2.0	56.0	60	4.0	80
2.0	56.0	53	4.0	80
1.0	56.0	41	1.0	80
3.0	56.0	61	0.500	80
3.0	56.500	57	0.500	80
1.0	57.0	41	0.500	80
0.0	57.0	81	1.0	80
3.0	57.0	61	0.500	80
1.0	57.500	41	0.250	80
3.0	57.500	57	0.500	80
1.0	57.750	41	0.250	80
1.0	58.0	41	0.250	80
0.0	58.0	74	1.0	80
3.0	58.0	62	0.500	80
1.0	58.250	41	0.250	80
1.0	58.500	41	0.500	80
3.0	58.500	57	0.500	80
1.0	59.0	41	0.500	80
0.0	59.0	81	1.0	80
3.0	59.0	62	0.500	80
1.0	59.500	41	0.250	80
3.0	59.500	57	0.500	80
1.0	59.750	41	0.250	80
1.0	60.0	41	0.500	80
0.0	60.0	74	1.0	80
3.0	60.0	64	0.500	80
1.0	60.500	41	0.500	80
3.0	60.500	57	0.500	80
1.0	61.0	41	0.500	80
0.0	61.0	81	1.0	80
3.0	61.0	64	0.500	80
1.0	61.500	41	0.250	80
3.0	61.500	57	0.500	80
1.0	61.750	41	0.250	80
1.0	62.0	41	0.250	80
0.0	62.0	74	1.0	80
3.0	62.0	65	0.500	80
1.0	62.250	41	0.250	80
1.0	62.500	41	0.500	80
3.0	62.500	57	0.500	80
1.0	63.0	41	0.500	80
0.0	63.0	81	1.0	80
3.0	63.0	65	0.500	80
1.0	63.500	41	0.250	80
3.0	63.500	57	0.500	80
1.0	63.750	41	0.250	80
2.0	64.0	43	4.0	80
2.0	64.0	55	4.0	80
2.0	64.0	62	4.0	80
2.0	64.0	58	4.0	80
0.0	64.0	74	1.0	80
2.0	64.0	50	4.0	80
1.0	64.0	43	1.0	80
3.0	64.0	61	0.500	80
3.0	64.500	57	0.500	80
0.0	65.0	81	1.0	80
1.0	65.0	43	0.500	80
3.0	65.0	61	0.500	80
1.0	65.500	43	0.250	80
3.0	65.500	57	0.500	80
1.0	65.750	43	0.250	80
0.0	66.0	74	1.0	80
1.0	66.0	43	0.250	80
3.0	66.0	62	0.500	80
1.0	66.250	43	0.250	80
1.0	66.500	43	0.500	80
3.0	66.500	57	0.500	80
0.0	67.0	81	1.0	80
1.0	67.0	43	0.500	80
3.0	67.0	62	0.500	80
1.0	67.500	43	0.250	80
3.0	67.500	57	0.500	80
1.0	67.750	43	0.250	80
0.0	68.0	74	1.0	80
1.0	68.0	43	0.500	80
3.0	68.0	64	0.500	80
1.0	68.500	43	0.500	80
3.0	68.500	57	0.500	80
0.0	69.0	81	1.0	80
1.0	69.0	43	0.500	80
3.0	69.0	64	0.500	80
1.0	69.500	43	0.250	80
3.0	69.500	57	0.500	80
1.0	69.750	43	0.250	80
0.0	70.0	74	1.0	80
1.0	70.0	43	0.250	80
3.0	70.0	65	0.500	80
1.0	70.250	43	0.250	80
1.0	70.500	43	0.500	80
3.0	70.500	57	0.500	80
0.0	71.0	81	1.0	80
1.0	71.0	43	0.500	80
3.0	71.0	65	0.500	80
1.0	71.500	43	0.250	80
3.0	71.500	57	0.500	80
1.0	71.750	43	0.250	80
2.0	72.0	65	1.0	80
1.0	72.0	38	1.0	80
2.0	72.0	50	1.0	80
2.0	72.0	57	1.0	80
2.0	72.0	62	1.0	80
2.0	72.0	45	1.0	80
0.0	72.0	74	1.0	80
3.0	72.0	61	0.500	80
6.0	72.0	45	1.0	80
3.0	72.500	57	0.500	80
0.0	73.0	81	1.0	80
1.0	73.0	38	0.500	80
2.0	73.0	45	0.500	80
2.0	73.0	62	0.500	80
2.0	73.0	57	0.500	80
2.0	73.0	50	0.500	80
3.0	73.0	61	0.500	80
2.0	73.0	65	0.500	80
6.0	73.0	45	0.500	80
2.0	73.500	50	0.250	80
1.0	73.500	38	0.250	80
2.0	73.500	45	0.250	80
2.0	73.500	62	0.250	80
3.0	73.500	57	0.500	80
2.0	73.500	57	0.250	80
2.0	73.500	65	0.250	80
6.0	73.500	45	0.250	80
2.0	73.750	45	0.250	80
2.0	73.750	65	0.250	80
2.0	73.750	62	0.250	80
2.0	73.750	50	0.250	80
1.0	73.750	38	0.250	80
2.0	73.750	57	0.250	80
6.0	73.750	45	0.250	80
2.0	74.0	62	0.250	80
2.0	74.0	65	0.250	80
1.0	74.0	38	0.250	80
3.0	74.0	62	0.500	80
2.0	74.0	50	0.250	80
2.0	74.0	45	0.250	80
0.0	74.0	74	1.0	80
2.0	74.0	57	0.250	80
6.0	74.0	45	0.250	80
2.0	74.250	65	0.250	80
2.0	74.250	62	0.250	80
2.0	74.250	57	0.250	80
2.0	74.250	45	0.250	80
2.0	74.250	50	0.250	80
1.0	74.250	38	0.250	80
6.0	74.250	45	0.250	80
3.0	74.500	57	0.500	80
1.0	74.500	38	0.500	80
2.0	74.500	50	0.500	80
2.0	74.500	45	0.500	80
2.0	74.500	62	0.500	80
2.0	74.500	65	0.500	80
2.0	74.500	57	0.500	80
6.0	74.500	45	0.500	80
3.0	75.0	62	0.500	80
2.0	75.0	57	0.500	80
1.0	75.0	38	0.500	80
2.0	75.0	50	0.500	80
2.0	75.0	62	0.500	80
2.0	75.0	65	0.500	80
0.0	75.0	81	1.0	80
2.0	75.0	45	0.500	80
6.0	75.0	45	0.500	80
1.0	75.500	38	0.250	80
2.0	75.500	62	0.250	80
2.0	75.500	50	0.250	80
2.0	75.500	57	0.250	80
2.0	75.500	65	0.250	80
3.0	75.500	57	0.500	80
2.0	75.500	45	0.250	80
6.0	75.500	45	0.250	80
2.0	75.750	62	0.250	80
1.0	75.750	38	0.250	80
2.0	75.750	45	0.250	80
2.0	75.750	57	0.250	80
2.0	75.750	50	0.250	80
2.0	75.750	65	0.250	80
6.0	75.750	45	0.250	80
2.0	76.0	65	0.500	80
2.0	76.0	50	0.500	80
2.0	76.0	45	0.500	80
2.0	76.0	57	0.500	80
1.0	76.0	38	0.500	80
3.0	76.0	64	0.500	80
0.0	76.0	74	1.0	80
2.0	76.0	62	0.500	80
6.0	76.0	45	0.500	80
2.0	76.500	45	0.500	80
2.0	76.500	62	0.500	80
3.0	76.500	57	0.500	80
2.0	76.500	57	0.500	80
1.0	76.500	38	0.500	80
2.0	76.500	65	0.500	80
2.0	76.500	50	0.500	80
6.0	76.500	45	0.500	80
2.0	77.0	57	0.500	80
2.0	77.0	62	0.500	80
2.0	77.0	50	0.500	80
3.0	77.0	64	0.500	80
0.0	77.0	81	1.0	80
2.0	77.0	65	0.500	80
2.0	77.0	45	0.500	80
1.0	77.0	38	0.500	80
6.0	77.0	45	0.500	80
3.0	77.500	57	0.500	80
2.0	77.500	62	0.250	80
1.0	77.500	38	0.250	80
2.0	77.500	45	0.250	80
2.0	77.500	65	0.250	80
2.0	77.500	57	0.250	80
2.0	77.500	50	0.250	80
6.0	77.500	45	0.250	80
2.0	77.750	65	0.250	80
2.0	77.750	50	0.250	80
1.0	77.750	38	0.250	80
2.0	77.750	62	0.250	80
2.0	77.750	57	0.250	80
2.0	77.750	45	0.250	80
6.0	77.750	45	0.250	80
3.0	78.0	65	0.500	80
2.0	78.0	45	0.250	80
2.0	78.0	50	0.250	80
2.0	78.0	57	0.250	80
0.0	78.0	74	1.0	80
2.0	78.0	62	0.250	80
1.0	78.0	38	0.250	80
2.0	78.0	65	0.250	80
6.0	78.0	45	0.250	80
1.0	78.250	38	0.250	80
2.0	78.250	50	0.250	80
2.0	78.250	45	0.250	80
2.0	78.250	57	0.250	80
2.0	78.250	62	0.250	80
2.0	78.250	65	0.250	80
6.0	78.250	45	0.250	80
2.0	78.500	57	0.500	80
2.0	78.500	50	0.500	80
1.0	78.500	38	0.500	80
3.0	78.500	57	0.500	80
2.0	78.500	45	0.500	80
2.0	78.500	65	0.500	80
2.0	78.500	62	0.500	80
6.0	78.500	45	0.500	80
2.0	79.0	50	0.500	80
2.0	79.0	62	0.500	80
0.0	79.0	81	1.0	80
2.0	79.0	45	0.500	80
2.0	79.0	57	0.500	80
3.0	79.0	65	0.500	80
2.0	79.0	65	0.500	80
1.0	79.0	38	0.500	80
6.0	79.0	45	0.500	80
1.0	79.500	38	0.500	80
3.0	79.500	57	0.500	80
2.0	79.500	50	0.250	80
2.0	79.500	65	0.250	80
2.0	79.500	57	0.250	80
2.0	79.500	62	0.250	80
2.0	79.500	45	0.250	80
6.0	79.500	45	0.250	80
2.0	79.750	57	0.250	80
2.0	79.750	50	0.250	80
2.0	79.750	62	0.250	80
2.0	79.750	65	0.250	80
2.0	79.750	45	0.250	80
6.0	79.750	45	0.250	80
1.0	80.0	34	1.0	80
2.0	80.0	65	1.0	80
3.0	80.0	61	0.500	80
0.0	80.0	74	1.0	80
2.0	80.0	61	1.0	80
2.0	80.0	58	1.0	80
2.0	80.0	46	1.0	80
2.0	80.0	53	1.0	80
6.0	80.0	45	1.0	80
3.0	80.500	57	0.500	80
1.0	81.0	34	0.500	80
3.0	81.0	61	0.500	80
2.0	81.0	53	0.500	80
2.0	81.0	46	0.500	80
0.0	81.0	81	1.0	80
2.0	81.0	61	0.500	80
2.0	81.0	65	0.500	80
2.0	81.0	58	0.500	80
6.0	81.0	45	0.500	80
2.0	81.500	65	0.250	80
2.0	81.500	53	0.250	80
2.0	81.500	61	0.250	80
2.0	81.500	58	0.250	80
3.0	81.500	57	0.500	80
2.0	81.500	46	0.250	80
1.0	81.500	34	0.250	80
6.0	81.500	45	0.250	80
2.0	81.750	65	0.250	80
2.0	81.750	53	0.250	80
2.0	81.750	58	0.250	80
1.0	81.750	34	0.250	80
2.0	81.750	61	0.250	80
2.0	81.750	46	0.250	80
6.0	81.750	45	0.250	80
2.0	82.0	61	0.250	80
2.0	82.0	53	0.250	80
2.0	82.0	58	0.250	80
2.0	82.0	65	0.250	80
0.0	82.0	74	1.0	80
2.0	82.0	46	0.250	80
3.0	82.0	62	0.500	80
1.0	82.0	34	0.250	80
6.0	82.0	45	0.250	80
2.0	82.250	65	0.250	80
2.0	82.250	53	0.250	80
2.0	82.250	46	0.250	80
1.0	82.250	34	0.250	80
2.0	82.250	61	0.250	80
2.0	82.250	58	0.250	80
6.0	82.250	45	0.250	80
3.0	82.500	57	0.500	80
2.0	82.500	65	0.500	80
2.0	82.500	61	0.500	80
2.0	82.500	53	0.500	80
1.0	82.500	34	0.500	80
2.0	82.500	46	0.500	80
2.0	82.500	58	0.500	80
6.0	82.500	45	0.500	80
2.0	83.0	46	0.500	80
1.0	83.0	34	0.500	80
0.0	83.0	81	1.0	80
3.0	83.0	62	0.500	80
2.0	83.0	58	0.500	80
2.0	83.0	61	0.500	80
2.0	83.0	65	0.500	80
2.0	83.0	53	0.500	80
6.0	83.0	45	0.500	80
2.0	83.500	61	0.250	80
2.0	83.500	46	0.250	80
2.0	83.500	58	0.250	80
2.0	83.500	53	0.250	80
1.0	83.500	34	0.250	80
3.0	83.500	57	0.500	80
2.0	83.500	65	0.250	80
6.0	83.500	45	0.250	80
1.0	83.750	34	0.250	80
2.0	83.750	46	0.250	80
2.0	83.750	53	0.250	80
2.0	83.750	61	0.250	80
2.0	83.750	65	0.250	80
2.0	83.750	58	0.250	80
6.0	83.750	45	0.250	80
3.0	84.0	64	0.500	80
2.0	84.0	61	0.500	80
2.0	84.0	65	0.500	80
2.0	84.0	46	0.500	80
0.0	84.0	74	1.0	80
2.0	84.0	58	0.500	80
2.0	84.0	53	0.500	80
1.0	84.0	34	0.500	80
6.0	84.0	45	0.500	80
2.0	84.500	53	0.500	80
2.0	84.500	58	0.500	80
3.0	84.500	57	0.500	80
2.0	84.500	46	0.500	80
2.0	84.500	65	0.500	80
1.0	84.500	34	0.500	80
2.0	84.500	61	0.500	80
6.0	84.500	45	0.500	80
2.0	85.0	53	0.500	80
0.0	85.0	81	1.0	80
2.0	85.0	61	0.500	80
2.0	85.0	58	0.500	80
1.0	85.0	34	0.500	80
2.0	85.0	65	0.500	80
3.0	85.0	64	0.500	80
2.0	85.0	46	0.500	80
6.0	85.0	45	0.500	80
3.0	85.500	57	0.500	80
2.0	85.500	53	0.250	80
2.0	85.500	65	0.250	80
1.0	85.500	34	0.250	80
2.0	85.500	58	0.250	80
2.0	85.500	46	0.250	80
2.0	85.500	61	0.250	80
6.0	85.500	45	0.250	80
2.0	85.750	61	0.250	80
2.0	85.750	58	0.250	80
1.0	85.750	34	0.250	80
2.0	85.750	65	0.250	80
2.0	85.750	46	0.250	80
2.0	85.750	53	0.250	80
6.0	85.750	45	0.250	80
0.0	86.0	74	1.0	80
2.0	86.0	46	0.250	80
2.0	86.0	65	0.250	80
3.0	86.0	65	0.500	80
1.0	86.0	34	0.250	80
2.0	86.0	58	0.250	80
2.0	86.0	53	0.250	80
2.0	86.0	61	0.250	80
6.0	86.0	45	0.250	80
2.0	86.250	61	0.250	80
2.0	86.250	46	0.250	80
1.0	86.250	34	0.250	80
2.0	86.250	65	0.250	80
2.0	86.250	58	0.250	80
2.0	86.250	53	0.250	80
6.0	86.250	45	0.250	80
2.0	86.500	58	0.500	80
2.0	86.500	65	0.500	80
2.0	86.500	53	0.500	80
3.0	86.500	57	0.500	80
1.0	86.500	34	0.500	80
2.0	86.500	61	0.500	80
2.0	86.500	46	0.500	80
6.0	86.500	45	0.500	80
3.0	87.0	65	0.500	80
0.0	87.0	81	1.0	80
2.0	87.0	61	0.500	80
1.0	87.0	34	0.500	80
2.0	87.0	46	0.500	80
2.0	87.0	53	0.500	80
2.0	87.0	65	0.500	80
2.0	87.0	58	0.500	80
6.0	87.0	45	0.500	80
1.0	87.500	34	0.500	80
3.0	87.500	57	0.500	80
2.0	87.500	46	0.250	80
2.0	87.500	53	0.250	80
2.0	87.500	58	0.250	80
2.0	87.500	61	0.250	80
2.0	87.500	65	0.250	80
6.0	87.500	45	0.250	80
2.0	87.750	61	0.250	80
2.0	87.750	58	0.250	80
2.0	87.750	46	0.250	80
2.0	87.750	53	0.250	80
2.0	87.750	65	0.250	80
6.0	87.750	45	0.250	80
0.0	88.0	74	1.0	80
2.0	88.0	53	1.0	80
2.0	88.0	60	1.0	80
2.0	88.0	48	1.0	80
1.0	88.0	41	1.0	80
3.0	88.0	61	0.500	80
2.0	88.0	57	1.0	80
2.0	88.0	41	1.0	80
6.0	88.0	45	1.0	80
3.0	88.500	57	0.500	80
2.0	89.0	60	0.500	80
0.0	89.0	81	1.0	80
2.0	89.0	53	0.500	80
2.0	89.0	41	0.500	80
3.0	89.0	61	0.500	80
1.0	89.0	41	0.500	80
2.0	89.0	57	0.500	80
2.0	89.0	48	0.500	80
6.0	89.0	45	0.500	80
2.0	89.500	41	0.250	80
2.0	89.500	57	0.250	80
2.0	89.500	48	0.250	80
2.0	89.500	53	0.250	80
3.0	89.500	57	0.500	80
2.0	89.500	60	0.250	80
1.0	89.500	41	0.250	80
6.0	89.500	45	0.250	80
2.0	89.750	60	0.250	80
2.0	89.750	57	0.250	80
1.0	89.750	41	0.250	80
2.0	89.750	53	0.250	80
2.0	89.750	41	0.250	80
2.0	89.750	48	0.250	80
6.0	89.750	45	0.250	80
0.0	90.0	74	1.0	80
3.0	90.0	62	0.500	80
2.0	90.0	57	0.250	80
2.0	90.0	60	0.250	80
2.0	90.0	53	0.250	80
2.0	90.0	48	0.250	80
2.0	90.0	41	0.250	80
1.0	90.0	41	0.250	80
6.0	90.0	45	0.250	80
2.0	90.250	57	0.250	80
2.0	90.250	41	0.250	80
2.0	90.250	53	0.250	80
1.0	90.250	41	0.250	80
2.0	90.250	60	0.250	80
2.0	90.250	48	0.250	80
6.0	90.250	45	0.250	80
3.0	90.500	57	0.500	80
2.0	90.500	41	0.500	80
2.0	90.500	57	0.500	80
2.0	90.500	60	0.500	80
2.0	90.500	48	0.500	80
2.0	90.500	53	0.500	80
1.0	90.500	41	0.500	80
6.0	90.500	45	0.500	80
2.0	91.0	60	0.500	80
2.0	91.0	41	0.500	80
0.0	91.0	81	1.0	80
1.0	91.0	41	0.500	80
2.0	91.0	48	0.500	80
2.0	91.0	57	0.500	80
3.0	91.0	62	0.500	80
2.0	91.0	53	0.500	80
6.0	91.0	45	0.500	80
2.0	91.500	57	0.250	80
2.0	91.500	53	0.250	80
2.0	91.500	60	0.250	80
2.0	91.500	41	0.250	80
2.0	91.500	48	0.250	80
3.0	91.500	57	0.500	80
1.0	91.500	41	0.250	80
6.0	91.500	45	0.250	80
2.0	91.750	41	0.250	80
1.0	91.750	41	0.250	80
2.0	91.750	53	0.250	80
2.0	91.750	60	0.250	80
2.0	91.750	57	0.250	80
2.0	91.750	48	0.250	80
6.0	91.750	45	0.250	80
2.0	92.0	53	0.500	80
2.0	92.0	57	0.500	80
2.0	92.0	48	0.500	80
3.0	92.0	64	0.500	80
2.0	92.0	41	0.500	80
2.0	92.0	60	0.500	80
1.0	92.0	41	0.500	80
0.0	92.0	74	1.0	80
6.0	92.0	45	0.500	80
2.0	92.500	53	0.500	80
2.0	92.500	48	0.500	80
3.0	92.500	57	0.500	80
1.0	92.500	41	0.500	80
2.0	92.500	60	0.500	80
2.0	92.500	41	0.500	80
2.0	92.500	57	0.500	80
6.0	92.500	45	0.500	80
2.0	93.0	60	0.500	80
3.0	93.0	64	0.500	80
1.0	93.0	41	0.500	80
2.0	93.0	57	0.500	80
2.0	93.0	48	0.500	80
0.0	93.0	81	1.0	80
2.0	93.0	53	0.500	80
2.0	93.0	41	0.500	80
6.0	93.0	45	0.500	80
3.0	93.500	57	0.500	80
2.0	93.500	41	0.250	80
2.0	93.500	48	0.250	80
2.0	93.500	60	0.250	80
2.0	93.500	53	0.250	80
2.0	93.500	57	0.250	80
1.0	93.500	41	0.250	80
6.0	93.500	45	0.250	80
1.0	93.750	41	0.250	80
2.0	93.750	57	0.250	80
2.0	93.750	48	0.250	80
2.0	93.750	41	0.250	80
2.0	93.750	53	0.250	80
2.0	93.750	60	0.250	80
6.0	93.750	45	0.250	80
2.0	94.0	53	0.250	80
1.0	94.0	41	0.250	80
2.0	94.0	41	0.250	80
2.0	94.0	48	0.250	80
2.0	94.0	60	0.250	80
0.0	94.0	74	1.0	80
3.0	94.0	65	0.500	80
2.0	94.0	57	0.250	80
6.0	94.0	45	0.250	80
2.0	94.250	41	0.250	80
2.0	94.250	53	0.250	80
2.0	94.250	57	0.250	80
2.0	94.250	48	0.250	80
2.0	94.250	60	0.250	80
1.0	94.250	41	0.250	80
6.0	94.250	45	0.250	80
1.0	94.500	41	0.500	80
2.0	94.500	41	0.500	80
2.0	94.500	60	0.500	80
3.0	94.500	57	0.500	80
2.0	94.500	48	0.500	80
2.0	94.500	57	0.500	80
2.0	94.500	53	0.500	80
6.0	94.500	45	0.500	80
1.0	95.0	41	0.500	80
2.0	95.0	48	0.500	80
2.0	95.0	53	0.500	80
3.0	95.0	65	0.500	80
2.0	95.0	57	0.500	80
2.0	95.0	41	0.500	80
0.0	95.0	81	1.0	80
2.0	95.0	60	0.500	80
6.0	95.0	45	0.500	80
2.0	95.500	60	0.250	80
3.0	95.500	57	0.500	80
2.0	95.500	53	0.250	80
2.0	95.500	48	0.250	80
2.0	95.500	41	0.250	80
2.0	95.500	57	0.250	80
1.0	95.500	41	0.250	80
6.0	95.500	45	0.250	80
2.0	95.750	57	0.250	80
2.0	95.750	53	0.250	80
2.0	95.750	60	0.250	80
2.0	95.750	48	0.250	80
1.0	95.750	41	0.250	80
2.0	95.750	41	0.250	80
6.0	95.750	45	0.250	80
3.0	96.0	61	0.500	80
2.0	96.0	50	1.0	80
1.0	96.0	43	1.0	80
2.0	96.0	62	1.0	80
2.0	96.0	55	1.0	80
0.0	96.0	74	1.0	80
2.0	96.0	58	1.0	80
2.0	96.0	43	1.0	80
6.0	96.0	45	1.0	80
3.0	96.500	57	0.500	80
2.0	97.0	58	0.500	80
2.0	97.0	62	0.500	80
1.0	97.0	43	0.500	80
2.0	97.0	50	0.500	80
2.0	97.0	43	0.500	80
0.0	97.0	81	1.0	80
2.0	97.0	55	0.500	80
3.0	97.0	61	0.500	80
6.0	97.0	45	0.500	80
2.0	97.500	58	0.250	80
2.0	97.500	55	0.250	80
2.0	97.500	43	0.250	80
2.0	97.500	50	0.250	80
3.0	97.500	57	0.500	80
1.0	97.500	43	0.250	80
2.0	97.500	62	0.250	80
6.0	97.500	45	0.250	80
2.0	97.750	55	0.250	80
1.0	97.750	43	0.250	80
2.0	97.750	50	0.250	80
2.0	97.750	43	0.250	80
2.0	97.750	58	0.250	80
2.0	97.750	62	0.250	80
6.0	97.750	45	0.250	80
2.0	98.0	55	0.250	80
1.0	98.0	43	0.250	80
2.0	98.0	50	0.250	80
2.0	98.0	58	0.250	80
3.0	98.0	62	0.500	80
2.0	98.0	62	0.250	80
0.0	98.0	74	1.0	80
2.0	98.0	43	0.250	80
6.0	98.0	45	0.250	80
2.0	98.250	43	0.250	80
1.0	98.250	43	0.250	80
2.0	98.250	58	0.250	80
2.0	98.250	50	0.250	80
2.0	98.250	55	0.250	80
2.0	98.250	62	0.250	80
6.0	98.250	45	0.250	80
3.0	98.500	57	0.500	80
2.0	98.500	58	0.500	80
1.0	98.500	43	0.500	80
2.0	98.500	43	0.500	80
2.0	98.500	55	0.500	80
2.0	98.500	50	0.500	80
2.0	98.500	62	0.500	80
6.0	98.500	45	0.500	80
2.0	99.0	50	0.500	80
3.0	99.0	62	0.500	80
2.0	99.0	43	0.500	80
2.0	99.0	55	0.500	80
1.0	99.0	43	0.500	80
0.0	99.0	81	1.0	80
2.0	99.0	58	0.500	80
2.0	99.0	62	0.500	80
6.0	99.0	45	0.500	80
2.0	99.500	58	0.250	80
2.0	99.500	55	0.250	80
1.0	99.500	43	0.250	80
2.0	99.500	62	0.250	80
2.0	99.500	50	0.250	80
3.0	99.500	57	0.500	80
2.0	99.500	43	0.250	80
6.0	99.500	45	0.250	80
1.0	99.750	43	0.250	80
2.0	99.750	58	0.250	80
2.0	99.750	62	0.250	80
2.0	99.750	50	0.250	80
2.0	99.750	55	0.250	80
2.0	99.750	43	0.250	80
6.0	99.750	45	0.250	80
2.0	100.0	50	0.500	80
1.0	100.0	43	0.500	80
2.0	100.0	58	0.500	80
2.0	100.0	55	0.500	80
2.0	100.0	43	0.500	80
2.0	100.0	62	0.500	80
3.0	100.0	64	0.500	80
0.0	100.0	74	1.0	80
6.0	100.0	45	0.500	80
2.0	100.500	43	0.500	80
2.0	100.500	62	0.500	80
3.0	100.500	57	0.500	80
2.0	100.500	50	0.500	80
1.0	100.500	43	0.500	80
2.0	100.500	58	0.500	80
2.0	100.500	55	0.500	80
6.0	100.500	45	0.500	80
2.0	101.0	43	0.500	80
2.0	101.0	50	0.500	80
2.0	101.0	55	0.500	80
0.0	101.0	81	1.0	80
3.0	101.0	64	0.500	80
2.0	101.0	58	0.500	80
1.0	101.0	43	0.500	80
2.0	101.0	62	0.500	80
6.0	101.0	45	0.500	80
3.0	101.500	57	0.500	80
1.0	101.500	43	0.250	80
2.0	101.500	50	0.250	80
2.0	101.500	43	0.250	80
2.0	101.500	55	0.250	80
2.0	101.500	58	0.250	80
2.0	101.500	62	0.250	80
6.0	101.500	45	0.250	80
2.0	101.750	50	0.250	80
1.0	101.750	43	0.250	80
2.0	101.750	43	0.250	80
2.0	101.750	62	0.250	80
2.0	101.750	58	0.250	80
2.0	101.750	55	0.250	80
6.0	101.750	45	0.250	80
2.0	102.0	58	0.250	80
3.0	102.0	65	0.500	80
0.0	102.0	74	1.0	80
2.0	102.0	43	0.250	80
2.0	102.0	55	0.250	80
2.0	102.0	62	0.250	80
1.0	102.0	43	0.250	80
2.0	102.0	50	0.250	80
6.0	102.0	45	0.250	80
1.0	102.250	43	0.250	80
2.0	102.250	50	0.250	80
2.0	102.250	62	0.250	80
2.0	102.250	55	0.250	80
2.0	102.250	58	0.250	80
2.0	102.250	43	0.250	80
6.0	102.250	45	0.250	80
2.0	102.500	62	0.500	80
1.0	102.500	43	0.500	80
2.0	102.500	58	0.500	80
3.0	102.500	57	0.500	80
2.0	102.500	43	0.500	80
2.0	102.500	50	0.500	80
2.0	102.500	55	0.500	80
6.0	102.500	45	0.500	80
1.0	103.0	43	0.500	80
2.0	103.0	62	0.500	80
0.0	103.0	81	1.0	80
2.0	103.0	58	0.500	80
2.0	103.0	55	0.500	80
2.0	103.0	43	0.500	80
3.0	103.0	65	0.500	80
2.0	103.0	50	0.500	80
6.0	103.0	45	0.500	80
1.0	103.500	43	0.250	80
3.0	103.500	57	0.500	80
2.0	103.500	55	0.250	80
2.0	103.500	58	0.250	80
2.0	103.500	50	0.250	80
2.0	103.500	62	0.250	80
2.0	103.500	43	0.250	80
6.0	103.500	45	0.250	80
2.0	103.750	62	0.250	80
2.0	103.750	50	0.250	80
2.0	103.750	58	0.250	80
2.0	103.750	55	0.250	80
2.0	103.750	43	0.250	80
1.0	103.750	43	0.250	80
6.0	103.750	45	0.250	80
2.0	104.0	45	1.0	80
2.0	104.0	62	1.0	80
0.0	104.0	74	1.0	80
3.0	104.0	61	0.500	80
4.0	104.0	74	12.0	80
4.0	104.0	62	4.0	80
2.0	104.0	65	1.0	80
2.0	104.0	50	1.0	80
1.0	104.0	38	1.0	80
2.0	104.0	57	1.0	80
6.0	104.0	51	0.250	80
6.0	104.0	35	0.250	80
6.0	104.500	51	0.250	80
3.0	104.500	57	0.500	80
0.0	105.0	81	1.0	80
2.0	105.0	45	0.500	80
1.0	105.0	38	0.500	80
2.0	105.0	62	0.500	80
2.0	105.0	50	0.500	80
2.0	105.0	57	0.500	80
3.0	105.0	61	0.500	80
6.0	105.0	51	0.250	80
2.0	105.0	65	0.500	80
6.0	105.0	38	0.250	80
6.0	105.0	35	0.250	80
1.0	105.500	38	0.250	80
2.0	105.500	62	0.250	80
2.0	105.500	57	0.250	80
2.0	105.500	65	0.250	80
6.0	105.500	51	0.250	80
2.0	105.500	50	0.250	80
3.0	105.500	57	0.500	80
6.0	105.500	35	0.250	80
2.0	105.500	45	0.250	80
1.0	105.750	38	0.250	80
2.0	105.750	45	0.250	80
2.0	105.750	57	0.250	80
2.0	105.750	65	0.250	80
2.0	105.750	62	0.250	80
2.0	105.750	50	0.250	80
2.0	106.0	50	0.250	80
3.0	106.0	62	0.500	80
2.0	106.0	45	0.250	80
1.0	106.0	38	0.250	80
6.0	106.0	51	0.250	80
0.0	106.0	74	1.0	80
2.0	106.0	57	0.250	80
2.0	106.0	62	0.250	80
2.0	106.0	65	0.250	80
2.0	106.250	57	0.250	80
2.0	106.250	50	0.250	80
1.0	106.250	38	0.250	80
2.0	106.250	65	0.250	80
2.0	106.250	62	0.250	80
2.0	106.250	45	0.250	80
2.0	106.500	45	0.500	80
2.0	106.500	50	0.500	80
3.0	106.500	57	0.500	80
6.0	106.500	51	0.250	80
2.0	106.500	62	0.500	80
2.0	106.500	65	0.500	80
2.0	106.500	57	0.500	80
6.0	106.500	35	0.250	80
1.0	106.500	38	0.500	80
2.0	107.0	50	0.500	80
1.0	107.0	38	0.500	80
2.0	107.0	62	0.500	80
6.0	107.0	51	0.250	80
2.0	107.0	65	0.500	80
2.0	107.0	45	0.500	80
0.0	107.0	81	1.0	80
3.0	107.0	62	0.500	80
6.0	107.0	38	0.250	80
2.0	107.0	57	0.500	80
6.0	107.0	35	0.250	80
6.0	107.500	51	0.250	80
2.0	107.500	45	0.250	80
2.0	107.500	65	0.250	80
1.0	107.500	38	0.250	80
2.0	107.500	62	0.250	80
3.0	107.500	57	0.500	80
2.0	107.500	50	0.250	80
2.0	107.500	57	0.250	80
2.0	107.750	65	0.250	80
2.0	107.750	62	0.250	80
2.0	107.750	45	0.250	80
1.0	107.750	38	0.250	80
2.0	107.750	57	0.250	80
2.0	107.750	50	0.250	80
2.0	108.0	50	0.500	80
2.0	108.0	45	0.500	80
6.0	108.0	51	0.250	80
2.0	108.0	65	0.500	80
2.0	108.0	57	0.500	80
1.0	108.0	38	0.500	80
3.0	108.0	64	0.500	80
0.0	108.0	74	1.0	80
6.0	108.0	35	0.250	80
2.0	108.0	62	0.500	80
4.0	108.0	45	8.0	80
2.0	108.500	65	0.500	80
3.0	108.500	57	0.500	80
2.0	108.500	45	0.500	80
2.0	108.500	50	0.500	80
2.0	108.500	62	0.500	80
2.0	108.500	57	0.500	80
1.0	108.500	38	0.500	80
6.0	108.500	51	0.250	80
6.0	109.0	51	0.250	80
2.0	109.0	45	0.500	80
2.0	109.0	65	0.500	80
1.0	109.0	38	0.500	80
2.0	109.0	57	0.500	80
2.0	109.0	50	0.500	80
2.0	109.0	62	0.500	80
6.0	109.0	38	0.250	80
3.0	109.0	64	0.500	80
0.0	109.0	81	1.0	80
6.0	109.0	35	0.250	80
2.0	109.500	50	0.250	80
2.0	109.500	62	0.250	80
2.0	109.500	45	0.250	80
1.0	109.500	38	0.250	80
3.0	109.500	57	0.500	80
6.0	109.500	35	0.250	80
6.0	109.500	51	0.250	80
2.0	109.500	65	0.250	80
2.0	109.500	57	0.250	80
2.0	109.750	62	0.250	80
2.0	109.750	45	0.250	80
2.0	109.750	57	0.250	80
2.0	109.750	65	0.250	80
2.0	109.750	50	0.250	80
1.0	109.750	38	0.250	80
1.0	110.0	38	0.250	80
2.0	110.0	45	0.250	80
3.0	110.0	65	0.500	80
2.0	110.0	50	0.250	80
2.0	110.0	65	0.250	80
2.0	110.0	57	0.250	80
6.0	110.0	51	0.250	80
0.0	110.0	74	1.0	80
2.0	110.0	62	0.250	80
2.0	110.250	50	0.250	80
2.0	110.250	57	0.250	80
2.0	110.250	62	0.250	80
2.0	110.250	65	0.250	80
1.0	110.250	38	0.250	80
2.0	110.250	45	0.250	80
2.0	110.500	62	0.500	80
3.0	110.500	57	0.500	80
2.0	110.500	57	0.500	80
2.0	110.500	50	0.500	80
6.0	110.500	51	0.250	80
6.0	110.500	35	0.250	80
2.0	110.500	45	0.500	80
1.0	110.500	38	0.500	80
2.0	110.500	65	0.500	80
2.0	111.0	65	0.500	80
2.0	111.0	50	0.500	80
1.0	111.0	38	0.500	80
2.0	111.0	62	0.500	80
2.0	111.0	45	0.500	80
6.0	111.0	51	0.250	80
6.0	111.0	38	0.250	80
0.0	111.0	81	1.0	80
2.0	111.0	57	0.500	80
3.0	111.0	65	0.500	80
6.0	111.0	35	0.250	80
2.0	111.500	50	0.250	80
6.0	111.500	51	0.250	80
2.0	111.500	65	0.250	80
2.0	111.500	57	0.250	80
3.0	111.500	57	0.500	80
2.0	111.500	45	0.250	80
2.0	111.500	62	0.250	80
1.0	111.500	38	0.500	80
2.0	111.750	50	0.250	80
2.0	111.750	62	0.250	80
2.0	111.750	65	0.250	80
2.0	111.750	45	0.250	80
2.0	111.750	57	0.250	80
2.0	112.0	58	1.0	80
1.0	112.0	34	1.0	80
2.0	112.0	65	1.0	80
6.0	112.0	51	0.250	80
3.0	112.0	61	0.500	80
6.0	112.0	35	0.250	80
0.0	112.0	74	1.0	80
2.0	112.0	61	1.0	80
2.0	112.0	46	1.0	80
2.0	112.0	53	1.0	80
6.0	112.500	51	0.250	80
3.0	112.500	57	0.500	80
3.0	113.0	61	0.500	80
2.0	113.0	46	0.500	80
6.0	113.0	51	0.250	80
1.0	113.0	34	0.500	80
0.0	113.0	81	1.0	80
6.0	113.0	38	0.250	80
2.0	113.0	61	0.500	80
2.0	113.0	65	0.500	80
2.0	113.0	58	0.500	80
2.0	113.0	53	0.500	80
6.0	113.0	35	0.250	80
2.0	113.500	46	0.250	80
2.0	113.500	58	0.250	80
1.0	113.500	34	0.250	80
6.0	113.500	35	0.250	80
2.0	113.500	65	0.250	80
3.0	113.500	57	0.500	80
2.0	113.500	53	0.250	80
6.0	113.500	51	0.250	80
2.0	113.500	61	0.250	80
2.0	113.750	58	0.250	80
1.0	113.750	34	0.250	80
2.0	113.750	46	0.250	80
2.0	113.750	61	0.250	80
2.0	113.750	65	0.250	80
2.0	113.750	53	0.250	80
2.0	114.0	58	0.250	80
2.0	114.0	65	0.250	80
2.0	114.0	46	0.250	80
0.0	114.0	74	1.0	80
3.0	114.0	62	0.500	80
1.0	114.0	34	0.250	80
2.0	114.0	53	0.250	80
2.0	114.0	61	0.250	80
6.0	114.0	51	0.250	80
2.0	114.250	46	0.250	80
2.0	114.250	53	0.250	80
1.0	114.250	34	0.250	80
2.0	114.250	61	0.250	80
2.0	114.250	58	0.250	80
2.0	114.250	65	0.250	80
2.0	114.500	53	0.500	80
3.0	114.500	57	0.500	80
2.0	114.500	46	0.500	80
6.0	114.500	35	0.250	80
1.0	114.500	34	0.500	80
2.0	114.500	58	0.500	80
6.0	114.500	51	0.250	80
2.0	114.500	65	0.500	80
2.0	114.500	61	0.500	80
0.0	115.0	81	1.0	80
3.0	115.0	62	0.500	80
2.0	115.0	58	0.500	80
2.0	115.0	61	0.500	80
6.0	115.0	38	0.250	80
2.0	115.0	53	0.500	80
2.0	115.0	46	0.500	80
2.0	115.0	65	0.500	80
6.0	115.0	51	0.250	80
1.0	115.0	34	0.500	80
6.0	115.0	35	0.250	80
2.0	115.500	65	0.250	80
2.0	115.500	46	0.250	80
6.0	115.500	51	0.250	80
2.0	115.500	61	0.250	80
3.0	115.500	57	0.500	80
2.0	115.500	58	0.250	80
2.0	115.500	53	0.250	80
1.0	115.500	34	0.250	80
2.0	115.750	61	0.250	80
2.0	115.750	65	0.250	80
2.0	115.750	58	0.250	80
2.0	115.750	46	0.250	80
1.0	115.750	34	0.250	80
2.0	115.750	53	0.250	80
2.0	116.0	65	0.500	80
0.0	116.0	74	1.0	80
2.0	116.0	53	0.500	80
6.0	116.0	35	0.250	80
2.0	116.0	58	0.500	80
1.0	116.0	34	0.500	80
6.0	116.0	51	0.250	80
3.0	116.0	64	0.500	80
2.0	116.0	61	0.500	80
2.0	116.0	46	0.500	80
3.0	116.500	57	0.500	80
6.0	116.500	51	0.250	80
2.0	116.500	61	0.500	80
2.0	116.500	53	0.500	80
2.0	116.500	46	0.500	80
2.0	116.500	58	0.500	80
2.0	116.500	65	0.500	80
1.0	116.500	34	0.500	80
1.0	117.0	34	0.500	80
2.0	117.0	46	0.500	80
3.0	117.0	64	0.500	80
6.0	117.0	38	0.250	80
2.0	117.0	53	0.500	80
6.0	117.0	51	0.250	80
2.0	117.0	65	0.500	80
0.0	117.0	81	1.0	80
2.0	117.0	61	0.500	80
2.0	117.0	58	0.500	80
6.0	117.0	35	0.250	80
2.0	117.500	61	0.250	80
6.0	117.500	35	0.250	80
2.0	117.500	53	0.250	80
2.0	117.500	65	0.250	80
1.0	117.500	34	0.250	80
3.0	117.500	57	0.500	80
2.0	117.500	46	0.250	80
2.0	117.500	58	0.250	80
6.0	117.500	51	0.250	80
2.0	117.750	61	0.250	80
2.0	117.750	58	0.250	80
1.0	117.750	34	0.250	80
2.0	117.750	46	0.250	80
2.0	117.750	65	0.250	80
2.0	117.750	53	0.250	80
2.0	118.0	58	0.250	80
6.0	118.0	51	0.250	80
2.0	118.0	61	0.250	80
2.0	118.0	46	0.250	80
0.0	118.0	74	1.0	80
2.0	118.0	65	0.250	80
3.0	118.0	65	0.500	80
1.0	118.0	34	0.250	80
2.0	118.0	53	0.250	80
2.0	118.250	53	0.250	80
2.0	118.250	46	0.250	80
2.0	118.250	61	0.250	80
1.0	118.250	34	0.250	80
2.0	118.250	65	0.250	80
2.0	118.250	58	0.250	80
2.0	118.500	61	0.500	80
6.0	118.500	35	0.250	80
3.0	118.500	57	0.500	80
2.0	118.500	58	0.500	80
2.0	118.500	65	0.500	80
2.0	118.500	53	0.500	80
1.0	118.500	34	0.500	80
6.0	118.500	51	0.250	80
2.0	118.500	46	0.500	80
6.0	119.0	51	0.250	80
2.0	119.0	65	0.500	80
6.0	119.0	38	0.250	80
2.0	119.0	58	0.500	80
3.0	119.0	65	0.500	80
0.0	119.0	81	1.0	80
2.0	119.0	61	0.500	80
2.0	119.0	46	0.500	80
2.0	119.0	53	0.500	80
1.0	119.0	34	0.500	80
6.0	119.0	35	0.250	80
1.0	119.500	34	0.500	80
2.0	119.500	53	0.250	80
2.0	119.500	58	0.250	80
6.0	119.500	51	0.250	80
3.0	119.500	57	0.500	80
2.0	119.500	61	0.250	80
2.0	119.500	65	0.250	80
2.0	119.500	46	0.250	80
2.0	119.750	61	0.250	80
2.0	119.750	58	0.250	80
2.0	119.750	46	0.250	80
2.0	119.750	53	0.250	80
2.0	119.750	65	0.250	80
2.0	120.0	60	1.0	80
1.0	120.0	41	1.0	80
3.0	120.0	61	0.500	80
6.0	120.0	35	0.250	80
2.0	120.0	41	1.0	80
6.0	120.0	51	0.250	80
4.0	120.0	65	8.0	80
2.0	120.0	57	1.0	80
0.0	120.0	74	1.0	80
4.0	120.0	53	16.0	80
2.0	120.0	53	1.0	80
2.0	120.0	48	1.0	80
6.0	120.500	51	0.250	80
3.0	120.500	57	0.500	80
2.0	121.0	41	0.500	80
6.0	121.0	38	0.250	80
2.0	121.0	53	0.500	80
3.0	121.0	61	0.500	80
1.0	121.0	41	0.500	80
2.0	121.0	48	0.500	80
2.0	121.0	57	0.500	80
6.0	121.0	51	0.250	80
2.0	121.0	60	0.500	80
0.0	121.0	81	1.0	80
6.0	121.0	35	0.250	80
2.0	121.500	41	0.250	80
6.0	121.500	51	0.250	80
1.0	121.500	41	0.250	80
3.0	121.500	57	0.500	80
2.0	121.500	57	0.250	80
2.0	121.500	48	0.250	80
2.0	121.500	53	0.250	80
2.0	121.500	60	0.250	80
6.0	121.500	35	0.250	80
2.0	121.750	57	0.250	80
1.0	121.750	41	0.250	80
2.0	121.750	41	0.250	80
2.0	121.750	53	0.250	80
2.0	121.750	48	0.250	80
2.0	121.750	60	0.250	80
2.0	122.0	48	0.250	80
2.0	122.0	41	0.250	80
2.0	122.0	53	0.250	80
6.0	122.0	51	0.250	80
1.0	122.0	41	0.250	80
0.0	122.0	74	1.0	80
3.0	122.0	62	0.500	80
2.0	122.0	57	0.250	80
2.0	122.0	60	0.250	80
2.0	122.250	41	0.250	80
2.0	122.250	57	0.250	80
2.0	122.250	53	0.250	80
1.0	122.250	41	0.250	80
2.0	122.250	60	0.250	80
2.0	122.250	48	0.250	80
6.0	122.500	51	0.250	80
2.0	122.500	48	0.500	80
2.0	122.500	53	0.500	80
2.0	122.500	41	0.500	80
1.0	122.500	41	0.500	80
2.0	122.500	57	0.500	80
2.0	122.500	60	0.500	80
3.0	122.500	57	0.500	80
6.0	122.500	35	0.250	80
6.0	123.0	38	0.250	80
1.0	123.0	41	0.500	80
2.0	123.0	57	0.500	80
6.0	123.0	51	0.250	80
3.0	123.0	62	0.500	80
2.0	123.0	53	0.500	80
2.0	123.0	41	0.500	80
2.0	123.0	60	0.500	80
0.0	123.0	81	1.0	80
2.0	123.0	48	0.500	80
6.0	123.0	35	0.250	80
2.0	123.500	53	0.250	80
3.0	123.500	57	0.500	80
2.0	123.500	41	0.250	80
2.0	123.500	60	0.250	80
6.0	123.500	51	0.250	80
2.0	123.500	48	0.250	80
1.0	123.500	41	0.250	80
2.0	123.500	57	0.250	80
2.0	123.750	53	0.250	80
2.0	123.750	60	0.250	80
2.0	123.750	57	0.250	80
2.0	123.750	41	0.250	80
2.0	123.750	48	0.250	80
1.0	123.750	41	0.250	80
2.0	124.0	57	0.500	80
6.0	124.0	51	0.250	80
2.0	124.0	60	0.500	80
1.0	124.0	41	0.500	80
0.0	124.0	74	1.0	80
2.0	124.0	53	0.500	80
2.0	124.0	48	0.500	80
2.0	124.0	41	0.500	80
3.0	124.0	64	0.500	80
6.0	124.0	35	0.250	80
2.0	124.500	53	0.500	80
2.0	124.500	48	0.500	80
1.0	124.500	41	0.500	80
6.0	124.500	51	0.250	80
2.0	124.500	41	0.500	80
2.0	124.500	60	0.500	80
3.0	124.500	57	0.500	80
2.0	124.500	57	0.500	80
6.0	125.0	51	0.250	80
0.0	125.0	81	1.0	80
2.0	125.0	41	0.500	80
2.0	125.0	53	0.500	80
2.0	125.0	60	0.500	80
3.0	125.0	64	0.500	80
1.0	125.0	41	0.500	80
2.0	125.0	48	0.500	80
2.0	125.0	57	0.500	80
6.0	125.0	38	0.250	80
6.0	125.0	35	0.250	80
2.0	125.500	48	0.250	80
2.0	125.500	60	0.250	80
6.0	125.500	51	0.250	80
3.0	125.500	57	0.500	80
2.0	125.500	53	0.250	80
2.0	125.500	57	0.250	80
6.0	125.500	35	0.250	80
2.0	125.500	41	0.250	80
1.0	125.500	41	0.250	80
2.0	125.750	60	0.250	80
1.0	125.750	41	0.250	80
2.0	125.750	57	0.250	80
2.0	125.750	41	0.250	80
2.0	125.750	48	0.250	80
2.0	125.750	53	0.250	80
2.0	126.0	57	0.250	80
2.0	126.0	53	0.250	80
2.0	126.0	41	0.250	80
2.0	126.0	48	0.250	80
1.0	126.0	41	0.250	80
6.0	126.0	51	0.250	80
2.0	126.0	60	0.250	80
0.0	126.0	74	1.0	80
3.0	126.0	65	0.500	80
2.0	126.250	60	0.250	80
2.0	126.250	41	0.250	80
1.0	126.250	41	0.250	80
2.0	126.250	53	0.250	80
2.0	126.250	57	0.250	80
2.0	126.250	48	0.250	80
2.0	126.500	41	0.500	80
6.0	126.500	51	0.250	80
1.0	126.500	41	0.500	80
2.0	126.500	60	0.500	80
2.0	126.500	48	0.500	80
2.0	126.500	57	0.500	80
6.0	126.500	35	0.250	80
2.0	126.500	53	0.500	80
3.0	126.500	57	0.500	80
0.0	127.0	81	1.0	80
2.0	127.0	60	0.500	80
2.0	127.0	48	0.500	80
1.0	127.0	41	0.500	80
2.0	127.0	53	0.500	80
6.0	127.0	51	0.250	80
3.0	127.0	65	0.500	80
2.0	127.0	41	0.500	80
6.0	127.0	38	0.250	80
2.0	127.0	57	0.500	80
6.0	127.0	35	0.250	80
2.0	127.500	48	0.250	80
3.0	127.500	57	0.500	80
2.0	127.500	57	0.250	80
1.0	127.500	41	0.250	80
2.0	127.500	60	0.250	80
6.0	127.500	51	0.250	80
2.0	127.500	53	0.250	80
2.0	127.500	41	0.250	80
2.0	127.750	57	0.250	80
2.0	127.750	53	0.250	80
2.0	127.750	60	0.250	80
2.0	127.750	48	0.250	80
2.0	127.750	41	0.250	80
1.0	127.750	41	0.250	80
2.0	128.0	50	1.0	80
3.0	128.0	61	0.500	80
2.0	128.0	58	1.0	80
6.0	128.0	51	0.250	80
1.0	128.0	43	1.0	80
2.0	128.0	62	1.0	80
2.0	128.0	55	1.0	80
6.0	128.0	35	0.250	80
0.0	128.0	74	1.0	80
2.0	128.0	43	1.0	80
6.0	128.500	51	0.250	80
3.0	128.500	57	0.500	80
2.0	129.0	62	0.500	80
2.0	129.0	50	0.500	80
6.0	129.0	51	0.250	80
2.0	129.0	43	0.500	80
1.0	129.0	43	0.500	80
0.0	129.0	81	1.0	80
2.0	129.0	55	0.500	80
6.0	129.0	38	0.250	80
3.0	129.0	61	0.500	80
2.0	129.0	58	0.500	80
6.0	129.0	35	0.250	80
2.0	129.500	62	0.250	80
2.0	129.500	58	0.250	80
3.0	129.500	57	0.500	80
6.0	129.500	51	0.250	80
6.0	129.500	35	0.250	80
2.0	129.500	43	0.250	80
2.0	129.500	55	0.250	80
2.0	129.500	50	0.250	80
1.0	129.500	43	0.250	80
2.0	129.750	58	0.250	80
2.0	129.750	62	0.250	80
2.0	129.750	55	0.250	80
1.0	129.750	43	0.250	80
2.0	129.750	43	0.250	80
2.0	129.750	50	0.250	80
2.0	130.0	58	0.250	80
3.0	130.0	62	0.500	80
2.0	130.0	62	0.250	80
2.0	130.0	43	0.250	80
0.0	130.0	74	1.0	80
2.0	130.0	55	0.250	80
2.0	130.0	50	0.250	80
6.0	130.0	51	0.250	80
1.0	130.0	43	0.250	80
2.0	130.250	50	0.250	80
2.0	130.250	55	0.250	80
2.0	130.250	43	0.250	80
2.0	130.250	62	0.250	80
1.0	130.250	43	0.250	80
2.0	130.250	58	0.250	80
2.0	130.500	55	0.500	80
2.0	130.500	50	0.500	80
6.0	130.500	51	0.250	80
2.0	130.500	62	0.500	80
6.0	130.500	35	0.250	80
2.0	130.500	58	0.500	80
2.0	130.500	43	0.500	80
1.0	130.500	43	0.500	80
3.0	130.500	57	0.500	80
2.0	131.0	62	0.500	80
2.0	131.0	55	0.500	80
1.0	131.0	43	0.500	80
0.0	131.0	81	1.0	80
2.0	131.0	58	0.500	80
2.0	131.0	50	0.500	80
6.0	131.0	38	0.250	80
2.0	131.0	43	0.500	80
6.0	131.0	51	0.250	80
3.0	131.0	62	0.500	80
6.0	131.0	35	0.250	80
2.0	131.500	55	0.250	80
3.0	131.500	57	0.500	80
1.0	131.500	43	0.250	80
2.0	131.500	62	0.250	80
2.0	131.500	43	0.250	80
2.0	131.500	50	0.250	80
6.0	131.500	51	0.250	80
2.0	131.500	58	0.250	80
2.0	131.750	55	0.250	80
1.0	131.750	43	0.250	80
2.0	131.750	58	0.250	80
2.0	131.750	62	0.250	80
2.0	131.750	50	0.250	80
2.0	131.750	43	0.250	80
2.0	132.0	43	0.500	80
2.0	132.0	55	0.500	80
2.0	132.0	62	0.500	80
3.0	132.0	64	0.500	80
2.0	132.0	50	0.500	80
6.0	132.0	35	0.250	80
6.0	132.0	51	0.250	80
0.0	132.0	74	1.0	80
1.0	132.0	43	0.500	80
2.0	132.0	58	0.500	80
2.0	132.500	55	0.500	80
2.0	132.500	62	0.500	80
2.0	132.500	50	0.500	80
1.0	132.500	43	0.500	80
2.0	132.500	58	0.500	80
6.0	132.500	51	0.250	80
3.0	132.500	57	0.500	80
2.0	132.500	43	0.500	80
3.0	133.0	64	0.500	80
2.0	133.0	58	0.500	80
1.0	133.0	43	0.500	80
2.0	133.0	43	0.500	80
6.0	133.0	51	0.250	80
6.0	133.0	38	0.250	80
2.0	133.0	50	0.500	80
2.0	133.0	62	0.500	80
2.0	133.0	55	0.500	80
0.0	133.0	81	1.0	80
6.0	133.0	35	0.250	80
2.0	133.500	43	0.250	80
2.0	133.500	50	0.250	80
6.0	133.500	35	0.250	80
3.0	133.500	57	0.500	80
2.0	133.500	55	0.250	80
6.0	133.500	51	0.250	80
2.0	133.500	58	0.250	80
2.0	133.500	62	0.250	80
1.0	133.500	43	0.250	80
2.0	133.750	43	0.250	80
1.0	133.750	43	0.250	80
6.0	133.750	43	0.250	80
2.0	133.750	62	0.250	80
2.0	133.750	58	0.250	80
2.0	133.750	55	0.250	80
2.0	133.750	50	0.250	80
1.0	134.0	43	0.250	80
6.0	134.0	51	0.250	80
2.0	134.0	58	0.250	80
3.0	134.0	65	0.500	80
6.0	134.0	43	0.250	80
2.0	134.0	43	0.250	80
0.0	134.0	74	1.0	80
2.0	134.0	55	0.250	80
2.0	134.0	62	0.250	80
2.0	134.0	50	0.250	80
2.0	134.250	62	0.250	80
6.0	134.250	43	0.250	80
2.0	134.250	55	0.250	80
2.0	134.250	43	0.250	80
2.0	134.250	58	0.250	80
1.0	134.250	43	0.250	80
2.0	134.250	50	0.250	80
2.0	134.500	58	0.500	80
2.0	134.500	50	0.500	80
6.0	134.500	43	0.250	80
6.0	134.500	51	0.250	80
2.0	134.500	55	0.500	80
3.0	134.500	57	0.500	80
2.0	134.500	62	0.500	80
1.0	134.500	43	0.500	80
2.0	134.500	43	0.500	80
6.0	134.500	35	0.250	80
6.0	134.750	43	0.250	80
0.0	135.0	81	1.0	80
2.0	135.0	58	0.500	80
2.0	135.0	43	0.500	80
6.0	135.0	38	0.250	80
2.0	135.0	50	0.500	80
3.0	135.0	65	0.500	80
2.0	135.0	55	0.500	80
1.0	135.0	43	0.500	80
6.0	135.0	51	0.250	80
2.0	135.0	62	0.500	80
6.0	135.0	43	0.250	80
6.0	135.0	35	0.250	80
6.0	135.250	43	0.250	80
2.0	135.500	55	0.250	80
2.0	135.500	58	0.250	80
2.0	135.500	50	0.250	80
3.0	135.500	57	0.500	80
2.0	135.500	43	0.250	80
2.0	135.500	62	0.250	80
6.0	135.500	51	0.250	80
1.0	135.500	43	0.250	80
6.0	135.500	43	0.250	80
2.0	135.750	43	0.250	80
2.0	135.750	55	0.250	80
6.0	135.750	43	0.250	80
1.0	135.750	43	0.250	80
2.0	135.750	62	0.250	80
2.0	135.750	50	0.250	80
2.0	135.750	58	0.250	80
2.0	136.0	45	1.0	80
2.0	136.0	57	1.0	80
4.0	136.0	62	4.0	80
2.0	136.0	62	1.0	80
0.0	136.0	74	1.0	80
6.0	136.0	35	0.250	80
3.0	136.0	61	0.500	80
6.0	136.0	57	0.250	80
2.0	136.0	50	1.0	80
2.0	136.0	65	1.0	80
4.0	136.0	74	12.0	80
1.0	136.0	38	1.0	80
6.0	136.500	51	0.250	80
3.0	136.500	57	0.500	80
2.0	137.0	65	0.500	80
6.0	137.0	38	0.250	80
2.0	137.0	45	0.500	80
6.0	137.0	51	0.250	80
0.0	137.0	81	1.0	80
1.0	137.0	38	0.500	80
2.0	137.0	50	0.500	80
2.0	137.0	62	0.500	80
2.0	137.0	57	0.500	80
6.0	137.0	35	0.250	80
3.0	137.0	61	0.500	80
2.0	137.500	57	0.250	80
2.0	137.500	65	0.250	80
6.0	137.500	51	0.250	80
2.0	137.500	45	0.250	80
2.0	137.500	50	0.250	80
1.0	137.500	38	0.250	80
2.0	137.500	62	0.250	80
6.0	137.500	35	0.250	80
3.0	137.500	57	0.500	80
2.0	137.750	50	0.250	80
2.0	137.750	45	0.250	80
1.0	137.750	38	0.250	80
2.0	137.750	57	0.250	80
2.0	137.750	65	0.250	80
2.0	137.750	62	0.250	80
2.0	138.0	50	0.250	80
2.0	138.0	45	0.250	80
3.0	138.0	62	0.500	80
2.0	138.0	65	0.250	80
1.0	138.0	38	0.250	80
0.0	138.0	74	1.0	80
2.0	138.0	57	0.250	80
6.0	138.0	51	0.250	80
2.0	138.0	62	0.250	80
2.0	138.250	62	0.250	80
2.0	138.250	57	0.250	80
2.0	138.250	50	0.250	80
1.0	138.250	38	0.250	80
2.0	138.250	65	0.250	80
2.0	138.250	45	0.250	80
2.0	138.500	62	0.500	80
6.0	138.500	51	0.250	80
2.0	138.500	65	0.500	80
2.0	138.500	57	0.500	80
3.0	138.500	57	0.500	80
2.0	138.500	45	0.500	80
1.0	138.500	38	0.500	80
6.0	138.500	35	0.250	80
2.0	138.500	50	0.500	80
6.0	139.0	38	0.250	80
3.0	139.0	62	0.500	80
2.0	139.0	50	0.500	80
2.0	139.0	57	0.500	80
1.0	139.0	38	0.500	80
2.0	139.0	62	0.500	80
2.0	139.0	45	0.500	80
2.0	139.0	65	0.500	80
6.0	139.0	51	0.250	80
6.0	139.0	35	0.250	80
0.0	139.0	81	1.0	80
2.0	139.500	62	0.250	80
2.0	139.500	50	0.250	80
2.0	139.500	45	0.250	80
2.0	139.500	57	0.250	80
6.0	139.500	51	0.250	80
3.0	139.500	57	0.500	80
2.0	139.500	65	0.250	80
1.0	139.500	38	0.250	80
2.0	139.750	50	0.250	80
2.0	139.750	65	0.250	80
2.0	139.750	45	0.250	80
2.0	139.750	62	0.250	80
1.0	139.750	38	0.250	80
2.0	139.750	57	0.250	80
2.0	140.0	45	0.500	80
2.0	140.0	62	0.500	80
2.0	140.0	65	0.500	80
2.0	140.0	57	0.500	80
1.0	140.0	38	0.500	80
3.0	140.0	64	0.500	80
6.0	140.0	51	0.250	80
0.0	140.0	74	1.0	80
2.0	140.0	50	0.500	80
6.0	140.0	35	0.250	80
2.0	140.500	62	0.500	80
3.0	140.500	57	0.500	80
2.0	140.500	57	0.500	80
6.0	140.500	51	0.250	80
1.0	140.500	38	0.500	80
2.0	140.500	45	0.500	80
2.0	140.500	65	0.500	80
2.0	140.500	50	0.500	80
2.0	141.0	57	0.500	80
2.0	141.0	62	0.500	80
3.0	141.0	64	0.500	80
2.0	141.0	45	0.500	80
0.0	141.0	81	1.0	80
6.0	141.0	51	0.250	80
2.0	141.0	65	0.500	80
1.0	141.0	38	0.500	80
2.0	141.0	50	0.500	80
6.0	141.0	35	0.250	80
6.0	141.0	38	0.250	80
2.0	141.500	45	0.250	80
2.0	141.500	62	0.250	80
1.0	141.500	38	0.250	80
6.0	141.500	51	0.250	80
2.0	141.500	65	0.250	80
6.0	141.500	35	0.250	80
2.0	141.500	57	0.250	80
2.0	141.500	50	0.250	80
3.0	141.500	57	0.500	80
2.0	141.750	50	0.250	80
1.0	141.750	38	0.250	80
2.0	141.750	45	0.250	80
2.0	141.750	62	0.250	80
2.0	141.750	57	0.250	80
2.0	141.750	65	0.250	80
6.0	142.0	51	0.250	80
2.0	142.0	62	0.250	80
2.0	142.0	45	0.250	80
2.0	142.0	50	0.250	80
3.0	142.0	65	0.500	80
1.0	142.0	38	0.250	80
2.0	142.0	65	0.250	80
2.0	142.0	57	0.250	80
0.0	142.0	74	1.0	80
2.0	142.250	45	0.250	80
1.0	142.250	38	0.250	80
2.0	142.250	50	0.250	80
2.0	142.250	57	0.250	80
2.0	142.250	62	0.250	80
2.0	142.250	65	0.250	80
2.0	142.500	57	0.500	80
2.0	142.500	45	0.500	80
6.0	142.500	51	0.250	80
2.0	142.500	50	0.500	80
3.0	142.500	57	0.500	80
6.0	142.500	35	0.250	80
1.0	142.500	38	0.500	80
2.0	142.500	65	0.500	80
2.0	142.500	62	0.500	80
0.0	143.0	81	1.0	80
6.0	143.0	51	0.250	80
2.0	143.0	57	0.500	80
3.0	143.0	65	0.500	80
2.0	143.0	50	0.500	80
2.0	143.0	65	0.500	80
1.0	143.0	38	0.500	80
2.0	143.0	45	0.500	80
6.0	143.0	38	0.250	80
6.0	143.0	35	0.250	80
2.0	143.0	62	0.500	80
2.0	143.500	45	0.250	80
2.0	143.500	57	0.250	80
2.0	143.500	62	0.250	80
1.0	143.500	38	0.500	80
3.0	143.500	57	0.500	80
6.0	143.500	51	0.250	80
2.0	143.500	50	0.250	80
2.0	143.500	65	0.250	80
2.0	143.750	65	0.250	80
2.0	143.750	45	0.250	80
2.0	143.750	57	0.250	80
2.0	143.750	50	0.250	80
2.0	143.750	62	0.250	80
0.0	144.0	74	1.0	80
2.0	144.0	46	1.0	80
2.0	144.0	53	1.0	80
2.0	144.0	61	1.0	80
2.0	144.0	58	1.0	80
1.0	144.0	34	1.0	80
2.0	144.0	65	1.0	80
6.0	144.0	35	0.250	80
3.0	144.0	61	0.500	80
6.0	144.0	49	0.250	80
6.0	144.500	51	0.250	80
3.0	144.500	57	0.500	80
2.0	145.0	61	0.500	80
2.0	145.0	65	0.500	80
2.0	145.0	53	0.500	80
2.0	145.0	46	0.500	80
3.0	145.0	61	0.500	80
2.0	145.0	58	0.500	80
1.0	145.0	34	0.500	80
6.0	145.0	38	0.250	80
6.0	145.0	51	0.250	80
6.0	145.0	35	0.250	80
0.0	145.0	81	1.0	80
2.0	145.500	58	0.250	80
1.0	145.500	34	0.250	80
2.0	145.500	65	0.250	80
6.0	145.500	35	0.250	80
2.0	145.500	53	0.250	80
6.0	145.500	51	0.250	80
2.0	145.500	46	0.250	80
2.0	145.500	61	0.250	80
3.0	145.500	57	0.500	80
2.0	145.750	65	0.250	80
2.0	145.750	53	0.250	80
2.0	145.750	58	0.250	80
2.0	145.750	46	0.250	80
1.0	145.750	34	0.250	80
2.0	145.750	61	0.250	80
2.0	146.0	61	0.250	80
2.0	146.0	58	0.250	80
6.0	146.0	51	0.250	80
2.0	146.0	46	0.250	80
2.0	146.0	65	0.250	80
0.0	146.0	74	1.0	80
3.0	146.0	62	0.500	80
2.0	146.0	53	0.250	80
1.0	146.0	34	0.250	80
2.0	146.250	58	0.250	80
2.0	146.250	46	0.250	80
2.0	146.250	65	0.250	80
2.0	146.250	53	0.250	80
1.0	146.250	34	0.250	80
2.0	146.250	61	0.250	80
2.0	146.500	53	0.500	80
1.0	146.500	34	0.500	80
2.0	146.500	58	0.500	80
6.0	146.500	35	0.250	80
6.0	146.500	51	0.250	80
3.0	146.500	57	0.500	80
2.0	146.500	65	0.500	80
2.0	146.500	61	0.500	80
2.0	146.500	46	0.500	80
2.0	147.0	61	0.500	80
2.0	147.0	65	0.500	80
1.0	147.0	34	0.500	80
6.0	147.0	51	0.250	80
0.0	147.0	81	1.0	80
3.0	147.0	62	0.500	80
6.0	147.0	38	0.250	80
2.0	147.0	58	0.500	80
2.0	147.0	53	0.500	80
6.0	147.0	35	0.250	80
2.0	147.0	46	0.500	80
2.0	147.500	61	0.250	80
2.0	147.500	58	0.250	80
2.0	147.500	53	0.250	80
1.0	147.500	34	0.250	80
3.0	147.500	57	0.500	80
2.0	147.500	46	0.250	80
6.0	147.500	51	0.250	80
2.0	147.500	65	0.250	80
1.0	147.750	34	0.250	80
2.0	147.750	53	0.250	80
2.0	147.750	61	0.250	80
2.0	147.750	65	0.250	80
2.0	147.750	46	0.250	80
2.0	147.750	58	0.250	80
3.0	148.0	64	0.500	80
6.0	148.0	51	0.250	80
2.0	148.0	46	0.500	80
2.0	148.0	61	0.500	80
2.0	148.0	65	0.500	80
6.0	148.0	35	0.250	80
2.0	148.0	53	0.500	80
0.0	148.0	74	1.0	80
2.0	148.0	58	0.500	80
1.0	148.0	34	0.500	80
2.0	148.500	53	0.500	80
3.0	148.500	57	0.500	80
2.0	148.500	58	0.500	80
2.0	148.500	65	0.500	80
1.0	148.500	34	0.500	80
6.0	148.500	51	0.250	80
2.0	148.500	61	0.500	80
2.0	148.500	46	0.500	80
6.0	149.0	51	0.250	80
0.0	149.0	81	1.0	80
2.0	149.0	61	0.500	80
2.0	149.0	58	0.500	80
2.0	149.0	46	0.500	80
6.0	149.0	38	0.250	80
2.0	149.0	53	0.500	80
3.0	149.0	64	0.500	80
1.0	149.0	34	0.500	80
6.0	149.0	35	0.250	80
2.0	149.0	65	0.500	80
2.0	149.500	53	0.250	80
6.0	149.500	35	0.250	80
2.0	149.500	65	0.250	80
2.0	149.500	46	0.250	80
1.0	149.500	34	0.250	80
2.0	149.500	58	0.250	80
6.0	149.500	51	0.250	80
2.0	149.500	61	0.250	80
3.0	149.500	57	0.500	80
2.0	149.750	65	0.250	80
2.0	149.750	53	0.250	80
2.0	149.750	61	0.250	80
2.0	149.750	58	0.250	80
2.0	149.750	46	0.250	80
1.0	149.750	34	0.250	80
2.0	150.0	53	0.250	80
1.0	150.0	34	0.250	80
2.0	150.0	58	0.250	80
2.0	150.0	46	0.250	80
6.0	150.0	51	0.250	80
2.0	150.0	61	0.250	80
0.0	150.0	74	1.0	80
2.0	150.0	65	0.250	80
3.0	150.0	65	0.500	80
2.0	150.250	65	0.250	80
2.0	150.250	58	0.250	80
2.0	150.250	46	0.250	80
2.0	150.250	53	0.250	80
2.0	150.250	61	0.250	80
1.0	150.250	34	0.250	80
2.0	150.500	58	0.500	80
6.0	150.500	35	0.250	80
2.0	150.500	65	0.500	80
2.0	150.500	53	0.500	80
3.0	150.500	57	0.500	80
6.0	150.500	51	0.250	80
2.0	150.500	46	0.500	80
1.0	150.500	34	0.500	80
2.0	150.500	61	0.500	80
2.0	151.0	46	0.500	80
2.0	151.0	53	0.500	80
2.0	151.0	61	0.500	80
1.0	151.0	34	0.500	80
6.0	151.0	38	0.250	80
2.0	151.0	65	0.500	80
6.0	151.0	51	0.250	80
2.0	151.0	58	0.500	80
3.0	151.0	65	0.500	80
6.0	151.0	35	0.250	80
0.0	151.0	81	1.0	80
2.0	151.500	58	0.250	80
2.0	151.500	61	0.250	80
2.0	151.500	46	0.250	80
2.0	151.500	65	0.250	80
3.0	151.500	57	0.500	80
1.0	151.500	34	0.500	80
2.0	151.500	53	0.250	80
6.0	151.500	51	0.250	80
2.0	151.750	46	0.250	80
2.0	151.750	53	0.250	80
2.0	151.750	65	0.250	80
2.0	151.750	61	0.250	80
2.0	151.750	58	0.250	80
4.0	152.0	65	8.0	80
6.0	152.0	57	0.250	80
2.0	152.0	48	1.0	80
2.0	152.0	53	1.0	80
2.0	152.0	60	1.0	80
2.0	152.0	41	1.0	80
4.0	152.0	53	16.0	80
3.0	152.0	61	0.500	80
1.0	152.0	41	1.0	80
6.0	152.0	35	0.250	80
2.0	152.0	57	1.0	80
0.0	152.0	74	1.0	80
6.0	152.500	51	0.250	80
3.0	152.500	57	0.500	80
2.0	153.0	57	0.500	80
2.0	153.0	60	0.500	80
6.0	153.0	51	0.250	80
6.0	153.0	38	0.250	80
2.0	153.0	41	0.500	80
0.0	153.0	81	1.0	80
2.0	153.0	53	0.500	80
3.0	153.0	61	0.500	80
2.0	153.0	48	0.500	80
6.0	153.0	35	0.250	80
1.0	153.0	41	0.500	80
2.0	153.500	60	0.250	80
1.0	153.500	41	0.250	80
2.0	153.500	57	0.250	80
2.0	153.500	48	0.250	80
2.0	153.500	53	0.250	80
3.0	153.500	57	0.500	80
2.0	153.500	41	0.250	80
6.0	153.500	51	0.250	80
6.0	153.500	35	0.250	80
2.0	153.750	48	0.250	80
2.0	153.750	60	0.250	80
2.0	153.750	57	0.250	80
2.0	153.750	41	0.250	80
1.0	153.750	41	0.250	80
2.0	153.750	53	0.250	80
2.0	154.0	57	0.250	80
2.0	154.0	48	0.250	80
2.0	154.0	41	0.250	80
2.0	154.0	60	0.250	80
2.0	154.0	53	0.250	80
1.0	154.0	41	0.250	80
6.0	154.0	51	0.250	80
0.0	154.0	74	1.0	80
3.0	154.0	62	0.500	80
2.0	154.250	60	0.250	80
2.0	154.250	41	0.250	80
2.0	154.250	48	0.250	80
2.0	154.250	57	0.250	80
2.0	154.250	53	0.250	80
1.0	154.250	41	0.250	80
2.0	154.500	41	0.500	80
2.0	154.500	53	0.500	80
3.0	154.500	57	0.500	80
1.0	154.500	41	0.500	80
2.0	154.500	57	0.500	80
2.0	154.500	60	0.500	80
6.0	154.500	51	0.250	80
2.0	154.500	48	0.500	80
6.0	154.500	35	0.250	80
2.0	155.0	53	0.500	80
2.0	155.0	60	0.500	80
6.0	155.0	38	0.250	80
2.0	155.0	48	0.500	80
0.0	155.0	81	1.0	80
1.0	155.0	41	0.500	80
2.0	155.0	57	0.500	80
3.0	155.0	62	0.500	80
6.0	155.0	51	0.250	80
6.0	155.0	35	0.250	80
2.0	155.0	41	0.500	80
6.0	155.500	51	0.250	80
2.0	155.500	48	0.250	80
3.0	155.500	57	0.500	80
1.0	155.500	41	0.250	80
2.0	155.500	57	0.250	80
2.0	155.500	41	0.250	80
2.0	155.500	53	0.250	80
2.0	155.500	60	0.250	80
2.0	155.750	48	0.250	80
1.0	155.750	41	0.250	80
2.0	155.750	53	0.250	80
2.0	155.750	60	0.250	80
2.0	155.750	41	0.250	80
2.0	155.750	57	0.250	80
2.0	156.0	41	0.500	80
6.0	156.0	35	0.250	80
2.0	156.0	53	0.500	80
3.0	156.0	64	0.500	80
2.0	156.0	57	0.500	80
2.0	156.0	60	0.500	80
6.0	156.0	51	0.250	80
1.0	156.0	41	0.500	80
0.0	156.0	74	1.0	80
2.0	156.0	48	0.500	80
2.0	156.500	41	0.500	80
1.0	156.500	41	0.500	80
2.0	156.500	60	0.500	80
2.0	156.500	57	0.500	80
2.0	156.500	53	0.500	80
2.0	156.500	48	0.500	80
3.0	156.500	57	0.500	80
6.0	156.500	51	0.250	80
2.0	157.0	48	0.500	80
6.0	157.0	38	0.250	80
1.0	157.0	41	0.500	80
2.0	157.0	57	0.500	80
2.0	157.0	41	0.500	80
6.0	157.0	51	0.250	80
0.0	157.0	81	1.0	80
2.0	157.0	53	0.500	80
2.0	157.0	60	0.500	80
6.0	157.0	35	0.250	80
3.0	157.0	64	0.500	80
6.0	157.500	51	0.250	80
2.0	157.500	60	0.250	80
2.0	157.500	53	0.250	80
2.0	157.500	41	0.250	80
2.0	157.500	57	0.250	80
3.0	157.500	57	0.500	80
6.0	157.500	35	0.250	80
1.0	157.500	41	0.250	80
2.0	157.500	48	0.250	80
2.0	157.750	48	0.250	80
2.0	157.750	53	0.250	80
2.0	157.750	60	0.250	80
1.0	157.750	41	0.250	80
2.0	157.750	41	0.250	80
2.0	157.750	57	0.250	80
0.0	158.0	74	1.0	80
3.0	158.0	65	0.500	80
2.0	158.0	57	0.250	80
2.0	158.0	41	0.250	80
2.0	158.0	48	0.250	80
2.0	158.0	53	0.250	80
1.0	158.0	41	0.250	80
2.0	158.0	60	0.250	80
6.0	158.0	51	0.250	80
2.0	158.250	57	0.250	80
2.0	158.250	48	0.250	80
2.0	158.250	41	0.250	80
2.0	158.250	60	0.250	80
1.0	158.250	41	0.250	80
2.0	158.250	53	0.250	80
1.0	158.500	41	0.500	80
2.0	158.500	60	0.500	80
3.0	158.500	57	0.500	80
2.0	158.500	48	0.500	80
2.0	158.500	57	0.500	80
2.0	158.500	41	0.500	80
6.0	158.500	35	0.250	80
2.0	158.500	53	0.500	80
6.0	158.500	51	0.250	80
6.0	159.0	38	0.250	80
6.0	159.0	51	0.250	80
2.0	159.0	53	0.500	80
2.0	159.0	57	0.500	80
0.0	159.0	81	1.0	80
2.0	159.0	48	0.500	80
2.0	159.0	60	0.500	80
1.0	159.0	41	0.500	80
2.0	159.0	41	0.500	80
6.0	159.0	35	0.250	80
3.0	159.0	65	0.500	80
2.0	159.500	60	0.250	80
6.0	159.500	51	0.250	80
3.0	159.500	57	0.500	80
2.0	159.500	41	0.250	80
2.0	159.500	53	0.250	80
2.0	159.500	48	0.250	80
2.0	159.500	57	0.250	80
1.0	159.500	41	0.250	80
2.0	159.750	48	0.250	80
1.0	159.750	41	0.250	80
2.0	159.750	57	0.250	80
2.0	159.750	53	0.250	80
2.0	159.750	60	0.250	80
2.0	159.750	41	0.250	80
2.0	160.0	62	1.0	80
2.0	160.0	55	1.0	80
2.0	160.0	43	1.0	80
2.0	160.0	50	1.0	80
0.0	160.0	74	1.0	80
3.0	160.0	61	0.500	80
2.0	160.0	58	1.0	80
1.0	160.0	43	1.0	80
6.0	160.0	49	0.250	80
6.0	160.0	35	0.250	80
6.0	160.0	43	0.250	80
6.0	160.250	43	0.250	80
3.0	160.500	57	0.500	80
6.0	160.500	43	0.250	80
6.0	160.500	51	0.250	80
6.0	160.750	43	0.250	80
2.0	161.0	50	0.500	80
2.0	161.0	43	0.500	80
2.0	161.0	62	0.500	80
1.0	161.0	43	0.500	80
0.0	161.0	81	1.0	80
6.0	161.0	51	0.250	80
2.0	161.0	55	0.500	80
3.0	161.0	61	0.500	80
6.0	161.0	38	0.250	80
6.0	161.0	43	0.250	80
2.0	161.0	58	0.500	80
6.0	161.0	35	0.250	80
6.0	161.250	43	0.250	80
1.0	161.500	43	0.250	80
2.0	161.500	62	0.250	80
6.0	161.500	43	0.250	80
2.0	161.500	43	0.250	80
2.0	161.500	58	0.250	80
2.0	161.500	55	0.250	80
2.0	161.500	50	0.250	80
6.0	161.500	35	0.250	80
6.0	161.500	51	0.250	80
3.0	161.500	57	0.500	80
2.0	161.750	55	0.250	80
6.0	161.750	43	0.250	80
2.0	161.750	43	0.250	80
1.0	161.750	43	0.250	80
2.0	161.750	50	0.250	80
2.0	161.750	58	0.250	80
2.0	161.750	62	0.250	80
6.0	162.0	51	0.250	80
0.0	162.0	74	1.0	80
2.0	162.0	50	0.250	80
2.0	162.0	55	0.250	80
1.0	162.0	43	0.250	80
6.0	162.0	43	0.250	80
2.0	162.0	58	0.250	80
3.0	162.0	62	0.500	80
2.0	162.0	43	0.250	80
2.0	162.0	62	0.250	80
6.0	162.250	43	0.250	80
1.0	162.250	43	0.250	80
2.0	162.250	58	0.250	80
2.0	162.250	50	0.250	80
2.0	162.250	43	0.250	80
2.0	162.250	55	0.250	80
2.0	162.250	62	0.250	80
2.0	162.500	43	0.500	80
6.0	162.500	43	0.250	80
2.0	162.500	58	0.500	80
1.0	162.500	43	0.500	80
6.0	162.500	51	0.250	80
2.0	162.500	55	0.500	80
2.0	162.500	50	0.500	80
6.0	162.500	35	0.250	80
2.0	162.500	62	0.500	80
3.0	162.500	57	0.500	80
6.0	162.750	43	0.250	80
2.0	163.0	62	0.500	80
2.0	163.0	55	0.500	80
1.0	163.0	43	0.500	80
0.0	163.0	81	1.0	80
6.0	163.0	38	0.250	80
2.0	163.0	50	0.500	80
2.0	163.0	43	0.500	80
6.0	163.0	51	0.250	80
6.0	163.0	43	0.250	80
2.0	163.0	58	0.500	80
3.0	163.0	62	0.500	80
6.0	163.0	35	0.250	80
6.0	163.250	43	0.250	80
2.0	163.500	50	0.250	80
2.0	163.500	58	0.250	80
2.0	163.500	55	0.250	80
1.0	163.500	43	0.250	80
2.0	163.500	43	0.250	80
2.0	163.500	62	0.250	80
3.0	163.500	57	0.500	80
6.0	163.500	43	0.250	80
6.0	163.500	51	0.250	80
2.0	163.750	62	0.250	80
6.0	163.750	43	0.250	80
2.0	163.750	43	0.250	80
2.0	163.750	50	0.250	80
2.0	163.750	55	0.250	80
1.0	163.750	43	0.250	80
2.0	163.750	58	0.250	80
2.0	164.0	62	0.500	80
0.0	164.0	74	1.0	80
6.0	164.0	43	0.250	80
6.0	164.0	51	0.250	80
1.0	164.0	43	0.500	80
2.0	164.0	43	0.500	80
2.0	164.0	58	0.500	80
6.0	164.0	35	0.250	80
2.0	164.0	55	0.500	80
2.0	164.0	50	0.500	80
3.0	164.0	64	0.500	80
6.0	164.250	43	0.250	80
2.0	164.500	50	0.500	80
1.0	164.500	43	0.500	80
2.0	164.500	43	0.500	80
2.0	164.500	58	0.500	80
6.0	164.500	51	0.250	80
2.0	164.500	55	0.500	80
6.0	164.500	43	0.250	80
2.0	164.500	62	0.500	80
3.0	164.500	57	0.500	80
6.0	164.750	43	0.250	80
0.0	165.0	81	1.0	80
6.0	165.0	38	0.250	80
3.0	165.0	64	0.500	80
2.0	165.0	58	0.500	80
2.0	165.0	43	0.500	80
2.0	165.0	50	0.500	80
1.0	165.0	43	0.500	80
6.0	165.0	43	0.250	80
2.0	165.0	62	0.500	80
2.0	165.0	55	0.500	80
6.0	165.0	51	0.250	80
6.0	165.0	35	0.250	80
6.0	165.250	43	0.250	80
6.0	165.500	51	0.250	80
1.0	165.500	43	0.250	80
2.0	165.500	50	0.250	80
2.0	165.500	55	0.250	80
6.0	165.500	43	0.250	80
6.0	165.500	35	0.250	80
2.0	165.500	58	0.250	80
2.0	165.500	62	0.250	80
3.0	165.500	57	0.500	80
2.0	165.500	43	0.250	80
6.0	165.750	43	0.250	80
2.0	165.750	43	0.250	80
2.0	165.750	50	0.250	80
1.0	165.750	43	0.250	80
2.0	165.750	62	0.250	80
2.0	165.750	58	0.250	80
2.0	165.750	55	0.250	80
2.0	166.0	43	0.250	80
3.0	166.0	65	0.500	80
2.0	166.0	58	0.250	80
0.0	166.0	74	1.0	80
6.0	166.0	51	0.250	80
2.0	166.0	55	0.250	80
2.0	166.0	50	0.250	80
2.0	166.0	62	0.250	80
6.0	166.0	43	0.250	80
1.0	166.0	43	0.250	80
1.0	166.250	43	0.250	80
2.0	166.250	50	0.250	80
2.0	166.250	62	0.250	80
2.0	166.250	43	0.250	80
2.0	166.250	55	0.250	80
2.0	166.250	58	0.250	80
6.0	166.250	43	0.250	80
2.0	166.500	58	0.500	80
2.0	166.500	50	0.500	80
2.0	166.500	55	0.500	80
6.0	166.500	43	0.250	80
2.0	166.500	62	0.500	80
6.0	166.500	35	0.250	80
2.0	166.500	43	0.500	80
6.0	166.500	51	0.250	80
1.0	166.500	43	0.500	80
3.0	166.500	57	0.500	80
6.0	166.750	43	0.250	80
2.0	167.0	50	0.500	80
6.0	167.0	51	0.250	80
2.0	167.0	58	0.500	80
3.0	167.0	65	0.500	80
2.0	167.0	55	0.500	80
1.0	167.0	43	0.500	80
6.0	167.0	43	0.250	80
2.0	167.0	62	0.500	80
6.0	167.0	38	0.250	80
0.0	167.0	81	1.0	80
2.0	167.0	43	0.500	80
6.0	167.0	35	0.250	80
6.0	167.250	43	0.250	80
6.0	167.500	43	0.250	80
6.0	167.500	51	0.250	80
2.0	167.500	43	0.250	80
2.0	167.500	50	0.250	80
2.0	167.500	62	0.250	80
1.0	167.500	43	0.250	80
3.0	167.500	57	0.500	80
2.0	167.500	55	0.250	80
2.0	167.500	58	0.250	80
6.0	167.750	43	0.250	80
2.0	167.750	43	0.250	80
2.0	167.750	58	0.250	80
2.0	167.750	55	0.250	80
1.0	167.750	43	0.250	80
2.0	167.750	62	0.250	80
2.0	167.750	50	0.250	80
4.0	168.0	74	12.0	80
2.0	168.0	62	8.0	80
6.0	168.0	57	0.250	80
6.0	168.0	35	0.250	80
3.0	168.0	73	0.250	80
1.0	168.0	38	1.0	80
2.0	168.0	50	8.0	80
2.0	168.0	57	8.0	80
4.0	168.0	62	4.0	80
5.0	168.0	73	2.0	80
5.0	168.0	61	2.0	80
0.0	168.0	74	1.0	80
3.0	168.250	73	0.250	80
6.0	168.500	51	0.250	80
3.0	168.500	73	0.250	80
3.0	168.750	73	0.250	80
6.0	169.0	38	0.250	80
1.0	169.0	38	0.500	80
0.0	169.0	81	1.0	80
6.0	169.0	57	0.250	80
3.0	169.0	73	0.250	80
3.0	169.250	73	0.250	80
6.0	169.500	51	0.250	80
3.0	169.500	73	0.250	80
1.0	169.500	38	0.250	80
1.0	169.750	38	0.250	80
3.0	169.750	73	0.250	80
5.0	170.0	62	2.0	80
0.0	170.0	74	1.0	80
3.0	170.0	74	0.250	80
6.0	170.0	57	0.250	80
6.0	170.0	35	0.250	80
5.0	170.0	74	2.0	80
1.0	170.0	38	0.250	80
1.0	170.250	38	0.250	80
3.0	170.250	74	0.250	80
3.0	170.500	74	0.250	80
1.0	170.500	38	0.500	80
6.0	170.500	51	0.250	80
3.0	170.750	74	0.250	80
6.0	171.0	38	0.250	80
6.0	171.0	57	0.250	80
3.0	171.0	74	0.250	80
1.0	171.0	38	0.500	80
0.0	171.0	81	1.0	80
3.0	171.250	74	0.250	80
1.0	171.500	38	0.250	80
6.0	171.500	51	0.250	80
3.0	171.500	74	0.250	80
1.0	171.750	38	0.250	80
3.0	171.750	74	0.250	80
1.0	172.0	38	0.500	80
6.0	172.0	57	0.250	80
5.0	172.0	76	2.0	80
0.0	172.0	74	1.0	80
6.0	172.0	35	0.250	80
3.0	172.0	76	0.250	80
5.0	172.0	64	2.0	80
3.0	172.250	76	0.250	80
6.0	172.500	51	0.250	80
3.0	172.500	76	0.250	80
1.0	172.500	38	0.500	80
3.0	172.750	76	0.250	80
6.0	173.0	38	0.250	80
1.0	173.0	38	0.500	80
0.0	173.0	81	1.0	80
6.0	173.0	49	0.250	80
3.0	173.0	76	0.250	80
3.0	173.250	76	0.250	80
3.0	173.500	76	0.250	80
1.0	173.500	38	0.250	80
6.0	173.500	51	0.250	80
1.0	173.750	38	0.250	80
3.0	173.750	76	0.250	80
5.0	174.0	77	2.0	80
3.0	174.0	77	0.250	80
1.0	174.0	38	0.250	80
0.0	174.0	74	1.0	80
6.0	174.0	35	0.250	80
5.0	174.0	65	2.0	80
6.0	174.0	57	0.250	80
1.0	174.250	38	0.250	80
3.0	174.250	77	0.250	80
1.0	174.500	38	0.500	80
6.0	174.500	51	0.250	80
3.0	174.500	77	0.250	80
3.0	174.750	77	0.250	80
6.0	175.0	38	0.250	80
6.0	175.0	49	0.250	80
3.0	175.0	77	0.250	80
1.0	175.0	38	0.500	80
0.0	175.0	81	1.0	80
3.0	175.250	77	0.250	80
6.0	175.500	51	0.250	80
3.0	175.500	77	0.250	80
1.0	175.500	38	0.500	80
3.0	175.750	77	0.250	80
5.0	176.0	73	2.0	80
2.0	176.0	53	8.0	80
2.0	176.0	46	8.0	80
3.0	176.0	73	0.250	80
2.0	176.0	58	8.0	80
6.0	176.0	35	0.250	80
5.0	176.0	61	2.0	80
0.0	176.0	74	1.0	80
6.0	176.0	57	0.250	80
1.0	176.0	34	1.0	80
3.0	176.250	73	0.250	80
6.0	176.500	51	0.250	80
3.0	176.500	73	0.250	80
3.0	176.750	73	0.250	80
6.0	177.0	38	0.250	80
0.0	177.0	81	1.0	80
1.0	177.0	34	0.500	80
6.0	177.0	49	0.250	80
3.0	177.0	73	0.250	80
3.0	177.250	73	0.250	80
1.0	177.500	34	0.250	80
6.0	177.500	51	0.250	80
3.0	177.500	73	0.250	80
1.0	177.750	34	0.250	80
3.0	177.750	73	0.250	80
5.0	178.0	74	2.0	80
6.0	178.0	57	0.250	80
1.0	178.0	34	0.250	80
5.0	178.0	62	2.0	80
6.0	178.0	35	0.250	80
3.0	178.0	74	0.250	80
0.0	178.0	74	1.0	80
1.0	178.250	34	0.250	80
3.0	178.250	74	0.250	80
6.0	178.500	51	0.250	80
3.0	178.500	74	0.250	80
1.0	178.500	34	0.500	80
3.0	178.750	74	0.250	80
6.0	179.0	38	0.250	80
6.0	179.0	49	0.250	80
3.0	179.0	74	0.250	80
0.0	179.0	81	1.0	80
1.0	179.0	34	0.500	80
3.0	179.250	74	0.250	80
3.0	179.500	74	0.250	80
1.0	179.500	34	0.250	80
6.0	179.500	51	0.250	80
1.0	179.750	34	0.250	80
3.0	179.750	74	0.250	80
3.0	180.0	76	0.250	80
0.0	180.0	74	1.0	80
5.0	180.0	64	2.0	80
1.0	180.0	34	0.500	80
6.0	180.0	35	0.250	80
5.0	180.0	76	2.0	80
6.0	180.0	57	0.250	80
3.0	180.250	76	0.250	80
1.0	180.500	34	0.500	80
6.0	180.500	51	0.250	80
3.0	180.500	76	0.250	80
3.0	180.750	76	0.250	80
6.0	181.0	38	0.250	80
0.0	181.0	81	1.0	80
1.0	181.0	34	0.500	80
6.0	181.0	49	0.250	80
3.0	181.0	76	0.250	80
3.0	181.250	76	0.250	80
6.0	181.500	51	0.250	80
3.0	181.500	76	0.250	80
1.0	181.500	34	0.250	80
1.0	181.750	34	0.250	80
3.0	181.750	76	0.250	80
3.0	182.0	77	0.250	80
5.0	182.0	65	2.0	80
5.0	182.0	77	2.0	80
6.0	182.0	57	0.250	80
6.0	182.0	35	0.250	80
0.0	182.0	74	1.0	80
1.0	182.0	34	0.250	80
1.0	182.250	34	0.250	80
3.0	182.250	77	0.250	80
3.0	182.500	77	0.250	80
1.0	182.500	34	0.500	80
6.0	182.500	51	0.250	80
3.0	182.750	77	0.250	80
6.0	183.0	38	0.250	80
6.0	183.0	49	0.250	80
3.0	183.0	77	0.250	80
0.0	183.0	81	1.0	80
1.0	183.0	34	0.500	80
3.0	183.250	77	0.250	80
1.0	183.500	34	0.500	80
6.0	183.500	51	0.250	80
3.0	183.500	77	0.250	80
3.0	183.750	77	0.250	80
2.0	184.0	53	8.0	80
4.0	184.0	53	16.0	80
5.0	184.0	61	2.0	80
6.0	184.0	35	0.250	80
5.0	184.0	73	2.0	80
4.0	184.0	65	8.0	80
3.0	184.0	73	0.250	80
2.0	184.0	48	8.0	80
1.0	184.0	41	1.0	80
6.0	184.0	57	0.250	80
2.0	184.0	41	8.0	80
0.0	184.0	74	1.0	80
3.0	184.250	73	0.250	80
6.0	184.500	51	0.250	80
3.0	184.500	73	0.250	80
3.0	184.750	73	0.250	80
6.0	185.0	38	0.250	80
3.0	185.0	73	0.250	80
1.0	185.0	41	0.500	80
6.0	185.0	57	0.250	80
0.0	185.0	81	1.0	80
3.0	185.250	73	0.250	80
3.0	185.500	73	0.250	80
1.0	185.500	41	0.250	80
6.0	185.500	51	0.250	80
1.0	185.750	41	0.250	80
3.0	185.750	73	0.250	80
5.0	186.0	62	2.0	80
3.0	186.0	74	0.250	80
1.0	186.0	41	0.250	80
5.0	186.0	74	2.0	80
6.0	186.0	35	0.250	80
0.0	186.0	74	1.0	80
6.0	186.0	57	0.250	80
1.0	186.250	41	0.250	80
3.0	186.250	74	0.250	80
1.0	186.500	41	0.500	80
6.0	186.500	51	0.250	80
3.0	186.500	74	0.250	80
3.0	186.750	74	0.250	80
6.0	187.0	38	0.250	80
6.0	187.0	57	0.250	80
0.0	187.0	81	1.0	80
3.0	187.0	74	0.250	80
1.0	187.0	41	0.500	80
3.0	187.250	74	0.250	80
6.0	187.500	51	0.250	80
3.0	187.500	74	0.250	80
1.0	187.500	41	0.250	80
1.0	187.750	41	0.250	80
3.0	187.750	74	0.250	80
0.0	188.0	74	1.0	80
5.0	188.0	76	2.0	80
3.0	188.0	76	0.250	80
6.0	188.0	57	0.250	80
6.0	188.0	35	0.250	80
1.0	188.0	41	0.500	80
5.0	188.0	64	2.0	80
3.0	188.250	76	0.250	80
3.0	188.500	76	0.250	80
1.0	188.500	41	0.500	80
6.0	188.500	51	0.250	80
3.0	188.750	76	0.250	80
6.0	189.0	38	0.250	80
3.0	189.0	76	0.250	80
1.0	189.0	41	0.500	80
6.0	189.0	57	0.250	80
0.0	189.0	81	1.0	80
3.0	189.250	76	0.250	80
1.0	189.500	41	0.250	80
6.0	189.500	51	0.250	80
3.0	189.500	76	0.250	80
1.0	189.750	41	0.250	80
3.0	189.750	76	0.250	80
1.0	190.0	41	0.250	80
6.0	190.0	57	0.250	80
0.0	190.0	74	1.0	80
3.0	190.0	77	0.250	80
6.0	190.0	35	0.250	80
5.0	190.0	65	2.0	80
5.0	190.0	77	2.0	80
1.0	190.250	41	0.250	80
3.0	190.250	77	0.250	80
6.0	190.500	51	0.250	80
3.0	190.500	77	0.250	80
1.0	190.500	41	0.500	80
3.0	190.750	77	0.250	80
6.0	191.0	38	0.250	80
6.0	191.0	57	0.250	80
0.0	191.0	81	1.0	80
3.0	191.0	77	0.250	80
1.0	191.0	41	0.500	80
3.0	191.250	77	0.250	80
3.0	191.500	77	0.250	80
1.0	191.500	41	0.250	80
6.0	191.500	51	0.250	80
1.0	191.750	41	0.250	80
3.0	191.750	77	0.250	80
6.0	192.0	57	0.250	80
5.0	192.0	73	2.0	80
0.0	192.0	74	1.0	80
2.0	192.0	50	8.0	80
1.0	192.0	43	1.0	80
6.0	192.0	35	0.250	80
2.0	192.0	55	8.0	80
3.0	192.0	73	0.250	80
5.0	192.0	61	2.0	80
2.0	192.0	43	8.0	80
3.0	192.250	73	0.250	80
6.0	192.500	51	0.250	80
3.0	192.500	73	0.250	80
3.0	192.750	73	0.250	80
6.0	193.0	38	0.250	80
3.0	193.0	73	0.250	80
0.0	193.0	81	1.0	80
6.0	193.0	57	0.250	80
1.0	193.0	43	0.500	80
3.0	193.250	73	0.250	80
6.0	193.500	51	0.250	80
3.0	193.500	73	0.250	80
1.0	193.500	43	0.250	80
1.0	193.750	43	0.250	80
3.0	193.750	73	0.250	80
5.0	194.0	74	2.0	80
3.0	194.0	74	0.250	80
5.0	194.0	62	2.0	80
6.0	194.0	57	0.250	80
6.0	194.0	35	0.250	80
0.0	194.0	74	1.0	80
1.0	194.0	43	0.250	80
1.0	194.250	43	0.250	80
3.0	194.250	74	0.250	80
3.0	194.500	74	0.250	80
1.0	194.500	43	0.500	80
6.0	194.500	51	0.250	80
3.0	194.750	74	0.250	80
6.0	195.0	38	0.250	80
6.0	195.0	57	0.250	80
1.0	195.0	43	0.500	80
3.0	195.0	74	0.250	80
0.0	195.0	81	1.0	80
3.0	195.250	74	0.250	80
1.0	195.500	43	0.250	80
6.0	195.500	51	0.250	80
3.0	195.500	74	0.250	80
1.0	195.750	43	0.250	80
3.0	195.750	74	0.250	80
1.0	196.0	43	0.500	80
6.0	196.0	57	0.250	80
5.0	196.0	64	2.0	80
3.0	196.0	76	0.250	80
6.0	196.0	35	0.250	80
5.0	196.0	76	2.0	80
0.0	196.0	74	1.0	80
3.0	196.250	76	0.250	80
6.0	196.500	51	0.250	80
3.0	196.500	76	0.250	80
1.0	196.500	43	0.500	80
3.0	196.750	76	0.250	80
6.0	197.0	38	0.250	80
3.0	197.0	76	0.250	80
0.0	197.0	81	1.0	80
6.0	197.0	57	0.250	80
1.0	197.0	43	0.500	80
3.0	197.250	76	0.250	80
3.0	197.500	76	0.250	80
1.0	197.500	43	0.250	80
6.0	197.500	51	0.250	80
1.0	197.750	43	0.250	80
3.0	197.750	76	0.250	80
0.0	198.0	74	1.0	80
5.0	198.0	65	2.0	80
5.0	198.0	77	2.0	80
1.0	198.0	43	0.250	80
6.0	198.0	35	0.250	80
3.0	198.0	77	0.250	80
6.0	198.0	57	0.250	80
1.0	198.250	43	0.250	80
3.0	198.250	77	0.250	80
1.0	198.500	43	0.500	80
6.0	198.500	51	0.250	80
3.0	198.500	77	0.250	80
3.0	198.750	77	0.250	80
6.0	199.0	38	0.250	80
6.0	199.0	57	0.250	80
1.0	199.0	43	0.500	80
3.0	199.0	77	0.250	80
0.0	199.0	81	1.0	80
3.0	199.250	77	0.250	80
6.0	199.500	51	0.250	80
3.0	199.500	77	0.250	80
1.0	199.500	43	0.250	80
1.0	199.750	43	0.250	80
3.0	199.750	77	0.250	80
2.0	200.0	57	1.0	80
2.0	200.0	62	1.0	80
4.0	200.0	74	12.0	80
1.0	200.0	38	1.0	80
4.0	200.0	62	4.0	80
0.0	200.0	74	1.0	80
2.0	200.0	50	1.0	80
5.0	200.0	73	2.0	80
5.0	200.0	61	2.0	80
6.0	200.0	57	0.250	80
6.0	200.0	35	0.250	80
6.0	200.500	51	0.250	80
2.0	201.0	62	1.0	80
2.0	201.0	57	1.0	80
6.0	201.0	35	0.250	80
6.0	201.0	51	0.250	80
2.0	201.0	50	1.0	80
6.0	201.0	38	0.250	80
0.0	201.0	81	1.0	80
1.0	201.0	38	0.500	80
1.0	201.500	38	0.250	80
6.0	201.500	51	0.250	80
6.0	201.500	35	0.250	80
1.0	201.750	38	0.250	80
5.0	202.0	74	2.0	80
0.0	202.0	74	1.0	80
2.0	202.0	50	1.0	80
2.0	202.0	62	1.0	80
1.0	202.0	38	0.250	80
2.0	202.0	57	1.0	80
5.0	202.0	62	2.0	80
6.0	202.0	51	0.250	80
1.0	202.250	38	0.250	80
6.0	202.500	51	0.250	80
1.0	202.500	38	0.500	80
6.0	202.500	35	0.250	80
2.0	203.0	57	1.0	80
2.0	203.0	62	1.0	80
6.0	203.0	35	0.250	80
0.0	203.0	81	1.0	80
6.0	203.0	38	0.250	80
2.0	203.0	50	1.0	80
6.0	203.0	51	0.250	80
1.0	203.0	38	0.500	80
6.0	203.500	51	0.250	80
1.0	203.500	38	0.250	80
1.0	203.750	38	0.250	80
0.0	204.0	74	1.0	80
6.0	204.0	51	0.250	80
2.0	204.0	62	1.0	80
5.0	204.0	76	2.0	80
5.0	204.0	64	2.0	80
2.0	204.0	50	1.0	80
2.0	204.0	57	1.0	80
6.0	204.0	35	0.250	80
1.0	204.0	38	0.500	80
1.0	204.500	38	0.500	80
6.0	204.500	51	0.250	80
1.0	205.0	38	0.500	80
6.0	205.0	51	0.250	80
6.0	205.0	35	0.250	80
6.0	205.0	38	0.250	80
2.0	205.0	62	1.0	80
0.0	205.0	81	1.0	80
2.0	205.0	57	1.0	80
2.0	205.0	50	1.0	80
6.0	205.500	35	0.250	80
6.0	205.500	51	0.250	80
1.0	205.500	38	0.250	80
1.0	205.750	38	0.250	80
6.0	206.0	51	0.250	80
2.0	206.0	57	1.0	80
2.0	206.0	62	1.0	80
2.0	206.0	50	1.0	80
5.0	206.0	77	2.0	80
1.0	206.0	38	0.250	80
5.0	206.0	65	2.0	80
0.0	206.0	74	1.0	80
1.0	206.250	38	0.250	80
6.0	206.500	35	0.250	80
1.0	206.500	38	0.500	80
6.0	206.500	51	0.250	80
2.0	207.0	50	1.0	80
6.0	207.0	38	0.250	80
6.0	207.0	35	0.250	80
2.0	207.0	62	1.0	80
2.0	207.0	57	1.0	80
6.0	207.0	51	0.250	80
0.0	207.0	81	1.0	80
1.0	207.0	38	0.500	80
1.0	207.500	38	0.500	80
6.0	207.500	51	0.250	80
5.0	208.0	73	2.0	80
0.0	208.0	74	1.0	80
6.0	208.0	49	0.250	80
2.0	208.0	58	1.0	80
5.0	208.0	61	2.0	80
6.0	208.0	35	0.250	80
1.0	208.0	34	1.0	80
2.0	208.0	46	1.0	80
2.0	208.0	53	1.0	80
6.0	208.500	51	0.250	80
6.0	209.0	38	0.250	80
6.0	209.0	51	0.250	80
6.0	209.0	35	0.250	80
2.0	209.0	53	1.0	80
2.0	209.0	46	1.0	80
2.0	209.0	58	1.0	80
0.0	209.0	81	1.0	80
1.0	209.0	34	0.500	80
6.0	209.500	51	0.250	80
6.0	209.500	35	0.250	80
1.0	209.500	34	0.250	80
1.0	209.750	34	0.250	80
2.0	210.0	58	1.0	80
6.0	210.0	51	0.250	80
5.0	210.0	74	2.0	80
2.0	210.0	53	1.0	80
1.0	210.0	34	0.250	80
2.0	210.0	46	1.0	80
5.0	210.0	62	2.0	80
0.0	210.0	74	1.0	80
1.0	210.250	34	0.250	80
1.0	210.500	34	0.500	80
6.0	210.500	35	0.250	80
6.0	210.500	51	0.250	80
2.0	211.0	53	1.0	80
1.0	211.0	34	0.500	80
6.0	211.0	35	0.250	80
2.0	211.0	58	1.0	80
6.0	211.0	51	0.250	80
2.0	211.0	46	1.0	80
0.0	211.0	81	1.0	80
6.0	211.0	38	0.250	80
6.0	211.500	51	0.250	80
1.0	211.500	34	0.250	80
1.0	211.750	34	0.250	80
2.0	212.0	46	1.0	80
2.0	212.0	53	1.0	80
2.0	212.0	58	1.0	80
6.0	212.0	35	0.250	80
6.0	212.0	51	0.250	80
5.0	212.0	64	2.0	80
1.0	212.0	34	0.500	80
5.0	212.0	76	2.0	80
0.0	212.0	74	1.0	80
1.0	212.500	34	0.500	80
6.0	212.500	51	0.250	80
6.0	213.0	51	0.250	80
0.0	213.0	81	1.0	80
6.0	213.0	35	0.250	80
1.0	213.0	34	0.500	80
2.0	213.0	58	1.0	80
2.0	213.0	53	1.0	80
6.0	213.0	38	0.250	80
2.0	213.0	46	1.0	80
6.0	213.500	51	0.250	80
1.0	213.500	34	0.250	80
6.0	213.500	35	0.250	80
1.0	213.750	34	0.250	80
2.0	214.0	46	1.0	80
2.0	214.0	58	1.0	80
6.0	214.0	51	0.250	80
1.0	214.0	34	0.250	80
2.0	214.0	53	1.0	80
0.0	214.0	74	1.0	80
5.0	214.0	65	2.0	80
5.0	214.0	77	2.0	80
1.0	214.250	34	0.250	80
1.0	214.500	34	0.500	80
6.0	214.500	51	0.250	80
6.0	214.500	35	0.250	80
2.0	215.0	46	1.0	80
1.0	215.0	34	0.500	80
6.0	215.0	35	0.250	80
6.0	215.0	51	0.250	80
2.0	215.0	53	1.0	80
6.0	215.0	38	0.250	80
2.0	215.0	58	1.0	80
0.0	215.0	81	1.0	80
1.0	215.500	34	0.500	80
6.0	215.500	51	0.250	80
2.0	216.0	48	1.0	80
6.0	216.0	57	0.250	80
6.0	216.0	35	0.250	80
1.0	216.0	41	1.0	80
0.0	216.0	74	1.0	80
5.0	216.0	73	2.0	80
5.0	216.0	61	2.0	80
4.0	216.0	65	8.0	80
2.0	216.0	53	1.0	80
2.0	216.0	41	1.0	80
4.0	216.0	53	16.0	80
6.0	216.500	51	0.250	80
2.0	217.0	41	1.0	80
1.0	217.0	41	0.500	80
6.0	217.0	35	0.250	80
2.0	217.0	53	1.0	80
6.0	217.0	38	0.250	80
0.0	217.0	81	1.0	80
2.0	217.0	48	1.0	80
6.0	217.0	51	0.250	80
6.0	217.500	35	0.250	80
1.0	217.500	41	0.250	80
6.0	217.500	51	0.250	80
1.0	217.750	41	0.250	80
1.0	218.0	41	0.250	80
0.0	218.0	74	1.0	80
2.0	218.0	48	1.0	80
6.0	218.0	51	0.250	80
5.0	218.0	74	2.0	80
2.0	218.0	53	1.0	80
5.0	218.0	62	2.0	80
2.0	218.0	41	1.0	80
1.0	218.250	41	0.250	80
6.0	218.500	35	0.250	80
6.0	218.500	51	0.250	80
1.0	218.500	41	0.500	80
2.0	219.0	41	1.0	80
6.0	219.0	51	0.250	80
6.0	219.0	35	0.250	80
6.0	219.0	38	0.250	80
2.0	219.0	53	1.0	80
2.0	219.0	48	1.0	80
0.0	219.0	81	1.0	80
1.0	219.0	41	0.500	80
6.0	219.500	51	0.250	80
1.0	219.500	41	0.250	80
1.0	219.750	41	0.250	80
1.0	220.0	41	0.500	80
5.0	220.0	76	2.0	80
2.0	220.0	41	1.0	80
2.0	220.0	48	1.0	80
5.0	220.0	64	2.0	80
0.0	220.0	74	1.0	80
6.0	220.0	51	0.250	80
2.0	220.0	53	1.0	80
6.0	220.0	35	0.250	80
1.0	220.500	41	0.500	80
6.0	220.500	51	0.250	80
1.0	221.0	41	0.500	80
6.0	221.0	38	0.250	80
6.0	221.0	35	0.250	80
2.0	221.0	48	1.0	80
2.0	221.0	41	1.0	80
2.0	221.0	53	1.0	80
6.0	221.0	51	0.250	80
0.0	221.0	81	1.0	80
1.0	221.500	41	0.250	80
6.0	221.500	35	0.250	80
6.0	221.500	51	0.250	80
1.0	221.750	41	0.250	80
2.0	222.0	41	1.0	80
5.0	222.0	77	2.0	80
0.0	222.0	74	1.0	80
2.0	222.0	53	1.0	80
6.0	222.0	51	0.250	80
2.0	222.0	48	1.0	80
5.0	222.0	65	2.0	80
1.0	222.0	41	0.250	80
1.0	222.250	41	0.250	80
6.0	222.500	51	0.250	80
6.0	222.500	35	0.250	80
1.0	222.500	41	0.500	80
6.0	223.0	38	0.250	80
6.0	223.0	51	0.250	80
6.0	223.0	35	0.250	80
1.0	223.0	41	0.500	80
2.0	223.0	53	1.0	80
2.0	223.0	41	1.0	80
0.0	223.0	81	1.0	80
2.0	223.0	48	1.0	80
1.0	223.500	41	0.250	80
6.0	223.500	51	0.250	80
1.0	223.750	41	0.250	80
2.0	224.0	55	1.0	80
1.0	224.0	43	1.0	80
0.0	224.0	74	1.0	80
2.0	224.0	43	1.0	80
5.0	224.0	61	2.0	80
2.0	224.0	50	1.0	80
6.0	224.0	35	0.250	80
5.0	224.0	73	2.0	80
6.0	224.0	49	0.250	80
6.0	224.500	51	0.250	80
2.0	225.0	43	1.0	80
0.0	225.0	81	1.0	80
6.0	225.0	35	0.250	80
1.0	225.0	43	0.500	80
2.0	225.0	55	1.0	80
6.0	225.0	51	0.250	80
2.0	225.0	50	1.0	80
6.0	225.0	38	0.250	80
1.0	225.500	43	0.250	80
6.0	225.500	51	0.250	80
6.0	225.500	35	0.250	80
1.0	225.750	43	0.250	80
2.0	226.0	50	1.0	80
0.0	226.0	74	1.0	80
2.0	226.0	43	1.0	80
2.0	226.0	55	1.0	80
1.0	226.0	43	0.250	80
6.0	226.0	51	0.250	80
5.0	226.0	62	2.0	80
5.0	226.0	74	2.0	80
1.0	226.250	43	0.250	80
6.0	226.500	51	0.250	80
1.0	226.500	43	0.500	80
6.0	226.500	35	0.250	80
6.0	227.0	51	0.250	80
2.0	227.0	43	1.0	80
6.0	227.0	35	0.250	80
1.0	227.0	43	0.500	80
2.0	227.0	50	1.0	80
2.0	227.0	55	1.0	80
6.0	227.0	38	0.250	80
0.0	227.0	81	1.0	80
6.0	227.500	51	0.250	80
1.0	227.500	43	0.250	80
1.0	227.750	43	0.250	80
6.0	228.0	51	0.250	80
1.0	228.0	43	0.500	80
0.0	228.0	74	1.0	80
5.0	228.0	76	2.0	80
6.0	228.0	35	0.250	80
5.0	228.0	64	2.0	80
2.0	228.0	55	1.0	80
2.0	228.0	43	1.0	80
2.0	228.0	50	1.0	80
1.0	228.500	43	0.500	80
6.0	228.500	51	0.250	80
0.0	229.0	81	1.0	80
2.0	229.0	50	1.0	80
6.0	229.0	35	0.250	80
2.0	229.0	43	1.0	80
6.0	229.0	51	0.250	80
6.0	229.0	38	0.250	80
1.0	229.0	43	0.500	80
2.0	229.0	55	1.0	80
6.0	229.500	35	0.250	80
6.0	229.500	51	0.250	80
1.0	229.500	43	0.250	80
1.0	229.750	43	0.250	80
0.0	230.0	74	1.0	80
2.0	230.0	50	1.0	80
2.0	230.0	55	1.0	80
5.0	230.0	77	2.0	80
2.0	230.0	43	1.0	80
5.0	230.0	65	2.0	80
6.0	230.0	51	0.250	80
1.0	230.0	43	0.250	80
1.0	230.250	43	0.250	80
6.0	230.500	35	0.250	80
1.0	230.500	43	0.500	80
6.0	230.500	51	0.250	80
2.0	231.0	50	1.0	80
0.0	231.0	81	1.0	80
6.0	231.0	35	0.250	80
1.0	231.0	43	0.500	80
6.0	231.0	38	0.250	80
2.0	231.0	43	1.0	80
2.0	231.0	55	1.0	80
6.0	231.0	51	0.250	80
1.0	231.500	43	0.250	80
6.0	231.500	51	0.250	80
1.0	231.750	43	0.250	80
2.0	232.0	50	1.0	80
5.0	232.0	73	2.0	80
5.0	232.0	61	2.0	80
2.0	232.0	57	1.0	80
6.0	232.0	57	0.250	80
6.0	232.0	35	0.250	80
0.0	232.0	74	1.0	80
4.0	232.0	62	4.0	80
2.0	232.0	62	1.0	80
1.0	232.0	38	1.0	80
4.0	232.0	74	12.0	80
6.0	232.500	51	0.250	80
1.0	233.0	38	0.500	80
2.0	233.0	57	1.0	80
6.0	233.0	35	0.250	80
6.0	233.0	38	0.250	80
6.0	233.0	51	0.250	80
2.0	233.0	50	1.0	80
2.0	233.0	62	1.0	80
0.0	233.0	81	1.0	80
6.0	233.500	51	0.250	80
6.0	233.500	35	0.250	80
1.0	233.500	38	0.250	80
1.0	233.750	38	0.250	80
2.0	234.0	57	1.0	80
5.0	234.0	74	2.0	80
1.0	234.0	38	0.250	80
2.0	234.0	50	1.0	80
0.0	234.0	74	1.0	80
5.0	234.0	62	2.0	80
2.0	234.0	62	1.0	80
6.0	234.0	51	0.250	80
1.0	234.250	38	0.250	80
1.0	234.500	38	0.500	80
6.0	234.500	35	0.250	80
6.0	234.500	51	0.250	80
2.0	235.0	57	1.0	80
6.0	235.0	38	0.250	80
6.0	235.0	35	0.250	80
1.0	235.0	38	0.500	80
2.0	235.0	62	1.0	80
2.0	235.0	50	1.0	80
6.0	235.0	51	0.250	80
0.0	235.0	81	1.0	80
6.0	235.500	51	0.250	80
1.0	235.500	38	0.250	80
1.0	235.750	38	0.250	80
6.0	236.0	35	0.250	80
2.0	236.0	57	1.0	80
2.0	236.0	62	1.0	80
6.0	236.0	51	0.250	80
1.0	236.0	38	0.500	80
5.0	236.0	64	2.0	80
0.0	236.0	74	1.0	80
5.0	236.0	76	2.0	80
2.0	236.0	50	1.0	80
1.0	236.500	38	0.500	80
6.0	236.500	51	0.250	80
6.0	237.0	38	0.250	80
0.0	237.0	81	1.0	80
6.0	237.0	35	0.250	80
6.0	237.0	51	0.250	80
1.0	237.0	38	0.500	80
2.0	237.0	62	1.0	80
2.0	237.0	57	1.0	80
2.0	237.0	50	1.0	80
6.0	237.500	51	0.250	80
1.0	237.500	38	0.250	80
6.0	237.500	35	0.250	80
1.0	237.750	38	0.250	80
6.0	238.0	51	0.250	80
1.0	238.0	38	0.250	80
2.0	238.0	57	1.0	80
0.0	238.0	74	1.0	80
2.0	238.0	50	1.0	80
5.0	238.0	65	2.0	80
5.0	238.0	77	2.0	80
2.0	238.0	62	1.0	80
1.0	238.250	38	0.250	80
1.0	238.500	38	0.500	80
6.0	238.500	51	0.250	80
6.0	238.500	35	0.250	80
0.0	239.0	81	1.0	80
2.0	239.0	50	1.0	80
6.0	239.0	35	0.250	80
1.0	239.0	38	0.500	80
2.0	239.0	57	1.0	80
6.0	239.0	51	0.250	80
2.0	239.0	62	1.0	80
6.0	239.0	38	0.250	80
1.0	239.500	38	0.500	80
6.0	239.500	51	0.250	80
2.0	240.0	58	1.0	80
2.0	240.0	46	1.0	80
2.0	240.0	53	1.0	80
5.0	240.0	73	2.0	80
6.0	240.0	49	0.250	80
5.0	240.0	61	2.0	80
1.0	240.0	34	1.0	80
6.0	240.0	35	0.250	80
0.0	240.0	74	1.0	80
6.0	240.500	51	0.250	80
0.0	241.0	81	1.0	80
6.0	241.0	51	0.250	80
6.0	241.0	35	0.250	80
2.0	241.0	53	1.0	80
2.0	241.0	46	1.0	80
1.0	241.0	34	0.500	80
6.0	241.0	38	0.250	80
2.0	241.0	58	1.0	80
6.0	241.500	35	0.250	80
1.0	241.500	34	0.250	80
6.0	241.500	51	0.250	80
1.0	241.750	34	0.250	80
1.0	242.0	34	0.250	80
6.0	242.0	51	0.250	80
0.0	242.0	74	1.0	80
5.0	242.0	74	2.0	80
2.0	242.0	53	1.0	80
5.0	242.0	62	2.0	80
2.0	242.0	58	1.0	80
2.0	242.0	46	1.0	80
1.0	242.250	34	0.250	80
6.0	242.500	35	0.250	80
6.0	242.500	51	0.250	80
1.0	242.500	34	0.500	80
2.0	243.0	53	1.0	80
0.0	243.0	81	1.0	80
6.0	243.0	35	0.250	80
1.0	243.0	34	0.500	80
6.0	243.0	51	0.250	80
6.0	243.0	38	0.250	80
2.0	243.0	46	1.0	80
2.0	243.0	58	1.0	80
6.0	243.500	51	0.250	80
1.0	243.500	34	0.250	80
1.0	243.750	34	0.250	80
2.0	244.0	58	1.0	80
5.0	244.0	76	2.0	80
1.0	244.0	34	0.500	80
2.0	244.0	46	1.0	80
5.0	244.0	64	2.0	80
6.0	244.0	35	0.250	80
6.0	244.0	51	0.250	80
2.0	244.0	53	1.0	80
0.0	244.0	74	1.0	80
1.0	244.500	34	0.500	80
6.0	244.500	51	0.250	80
6.0	245.0	51	0.250	80
2.0	245.0	58	1.0	80
6.0	245.0	35	0.250	80
0.0	245.0	81	1.0	80
6.0	245.0	38	0.250	80
1.0	245.0	34	0.500	80
2.0	245.0	53	1.0	80
2.0	245.0	46	1.0	80
1.0	245.500	34	0.250	80
6.0	245.500	35	0.250	80
6.0	245.500	51	0.250	80
1.0	245.750	34	0.250	80
5.0	246.0	77	2.0	80
2.0	246.0	46	1.0	80
6.0	246.0	51	0.250	80
0.0	246.0	74	1.0	80
2.0	246.0	58	1.0	80
5.0	246.0	65	2.0	80
2.0	246.0	53	1.0	80
1.0	246.0	34	0.250	80
1.0	246.250	34	0.250	80
6.0	246.500	51	0.250	80
6.0	246.500	35	0.250	80
1.0	246.500	34	0.500	80
2.0	247.0	46	1.0	80
0.0	247.0	81	1.0	80
6.0	247.0	35	0.250	80
6.0	247.0	38	0.250	80
6.0	247.0	51	0.250	80
2.0	247.0	53	1.0	80
1.0	247.0	34	0.500	80
2.0	247.0	58	1.0	80
1.0	247.500	34	0.500	80
6.0	247.500	51	0.250	80
5.0	248.0	61	2.0	80
0.0	248.0	74	1.0	80
4.0	248.0	53	8.0	80
2.0	248.0	41	1.0	80
4.0	248.0	65	8.0	80
2.0	248.0	48	1.0	80
2.0	248.0	53	1.0	80
6.0	248.0	57	0.250	80
6.0	248.0	35	0.250	80
1.0	248.0	41	1.0	80
5.0	248.0	73	2.0	80
6.0	248.500	51	0.250	80
2.0	249.0	41	1.0	80
6.0	249.0	38	0.250	80
6.0	249.0	35	0.250	80
0.0	249.0	81	1.0	80
1.0	249.0	41	0.500	80
2.0	249.0	53	1.0	80
2.0	249.0	48	1.0	80
6.0	249.0	51	0.250	80
1.0	249.500	41	0.250	80
6.0	249.500	51	0.250	80
6.0	249.500	35	0.250	80
1.0	249.750	41	0.250	80
2.0	250.0	41	1.0	80
2.0	250.0	53	1.0	80
1.0	250.0	41	0.250	80
6.0	250.0	51	0.250	80
2.0	250.0	48	1.0	80
5.0	250.0	62	2.0	80
5.0	250.0	74	2.0	80
0.0	250.0	74	1.0	80
1.0	250.250	41	0.250	80
6.0	250.500	51	0.250	80
1.0	250.500	41	0.500	80
6.0	250.500	35	0.250	80
6.0	251.0	38	0.250	80
2.0	251.0	41	1.0	80
6.0	251.0	35	0.250	80
6.0	251.0	51	0.250	80
1.0	251.0	41	0.500	80
2.0	251.0	48	1.0	80
2.0	251.0	53	1.0	80
0.0	251.0	81	1.0	80
6.0	251.500	51	0.250	80
1.0	251.500	41	0.250	80
1.0	251.750	41	0.250	80
1.0	252.0	41	0.500	80
6.0	252.0	35	0.250	80
0.0	252.0	74	1.0	80
2.0	252.0	53	1.0	80
5.0	252.0	76	2.0	80
5.0	252.0	64	2.0	80
2.0	252.0	41	1.0	80
2.0	252.0	48	1.0	80
6.0	252.0	51	0.250	80
1.0	252.500	41	0.500	80
6.0	252.500	51	0.250	80
2.0	253.0	53	1.0	80
0.0	253.0	81	1.0	80
6.0	253.0	35	0.250	80
2.0	253.0	48	1.0	80
2.0	253.0	41	1.0	80
1.0	253.0	41	0.500	80
6.0	253.0	51	0.250	80
6.0	253.0	38	0.250	80
6.0	253.500	35	0.250	80
6.0	253.500	51	0.250	80
1.0	253.500	41	0.250	80
1.0	253.750	41	0.250	80
2.0	254.0	53	1.0	80
2.0	254.0	41	1.0	80
5.0	254.0	77	2.0	80
1.0	254.0	41	0.250	80
6.0	254.0	51	0.250	80
5.0	254.0	65	2.0	80
0.0	254.0	74	1.0	80
2.0	254.0	48	1.0	80
1.0	254.250	41	0.250	80
6.0	254.500	35	0.250	80
1.0	254.500	41	0.500	80
6.0	254.500	51	0.250	80
2.0	255.0	48	1.0	80
6.0	255.0	51	0.250	80
6.0	255.0	35	0.250	80
0.0	255.0	81	1.0	80
1.0	255.0	41	0.500	80
2.0	255.0	41	1.0	80
6.0	255.0	38	0.250	80
2.0	255.0	53	1.0	80
1.0	255.500	41	0.250	80
6.0	255.500	51	0.250	80
1.0	255.750	41	0.250	80
2.0	256.0	50	1.0	80
6.0	256.0	49	0.250	80
5.0	256.0	73	2.0	80
0.0	256.0	74	1.0	80
6.0	256.0	35	0.250	80
2.0	256.0	55	1.0	80
5.0	256.0	61	2.0	80
1.0	256.0	43	1.0	80
2.0	256.0	43	1.0	80
6.0	256.0	45	0.250	80
6.0	256.250	45	0.250	80
6.0	256.500	45	0.250	80
6.0	256.500	51	0.250	80
6.0	256.750	45	0.250	80
2.0	257.0	50	1.0	80
2.0	257.0	43	1.0	80
6.0	257.0	45	0.250	80
6.0	257.0	51	0.250	80
6.0	257.0	38	0.250	80
2.0	257.0	55	1.0	80
0.0	257.0	81	1.0	80
1.0	257.0	43	0.500	80
6.0	257.0	35	0.250	80
6.0	257.250	45	0.250	80
6.0	257.500	45	0.250	80
6.0	257.500	35	0.250	80
6.0	257.500	51	0.250	80
1.0	257.500	43	0.250	80
1.0	257.750	43	0.250	80
6.0	257.750	45	0.250	80
2.0	258.0	50	1.0	80
6.0	258.0	51	0.250	80
1.0	258.0	43	0.250	80
2.0	258.0	43	1.0	80
6.0	258.0	45	0.250	80
5.0	258.0	62	2.0	80
0.0	258.0	74	1.0	80
2.0	258.0	55	1.0	80
5.0	258.0	74	2.0	80
6.0	258.250	45	0.250	80
1.0	258.250	43	0.250	80
6.0	258.500	51	0.250	80
6.0	258.500	35	0.250	80
1.0	258.500	43	0.500	80
6.0	258.500	45	0.250	80
6.0	258.750	45	0.250	80
2.0	259.0	43	1.0	80
6.0	259.0	45	0.250	80
6.0	259.0	51	0.250	80
0.0	259.0	81	1.0	80
2.0	259.0	50	1.0	80
1.0	259.0	43	0.500	80
2.0	259.0	55	1.0	80
6.0	259.0	38	0.250	80
6.0	259.0	35	0.250	80
6.0	259.250	45	0.250	80
1.0	259.500	43	0.250	80
6.0	259.500	45	0.250	80
6.0	259.500	51	0.250	80
6.0	259.750	45	0.250	80
1.0	259.750	43	0.250	80
2.0	260.0	43	1.0	80
6.0	260.0	45	0.250	80
6.0	260.0	35	0.250	80
2.0	260.0	50	1.0	80
6.0	260.0	51	0.250	80
2.0	260.0	55	1.0	80
5.0	260.0	64	2.0	80
1.0	260.0	43	0.500	80
5.0	260.0	76	2.0	80
0.0	260.0	74	1.0	80
6.0	260.250	45	0.250	80
6.0	260.500	45	0.250	80
6.0	260.500	51	0.250	80
1.0	260.500	43	0.500	80
6.0	260.750	45	0.250	80
6.0	261.0	45	0.250	80
6.0	261.0	51	0.250	80
0.0	261.0	81	1.0	80
1.0	261.0	43	0.500	80
6.0	261.0	38	0.250	80
2.0	261.0	55	1.0	80
2.0	261.0	50	1.0	80
2.0	261.0	43	1.0	80
6.0	261.0	35	0.250	80
6.0	261.250	45	0.250	80
6.0	261.500	45	0.250	80
6.0	261.500	51	0.250	80
1.0	261.500	43	0.250	80
6.0	261.500	35	0.250	80
6.0	261.750	45	0.250	80
1.0	261.750	43	0.250	80
1.0	262.0	43	0.250	80
2.0	262.0	50	0.250	80
2.0	262.0	55	0.250	80
6.0	262.0	51	0.250	80
5.0	262.0	65	0.250	80
5.0	262.0	77	0.250	80
6.0	262.0	45	0.250	80
2.0	262.0	43	0.250	80
0.0	262.0	74	1.0	80
2.0	268.0	73	1.0	80
2.0	269.0	69	1.0	80
2.0	270.0	73	1.0	80
2.0	271.0	69	1.0	80
2.0	272.0	75	1.0	80
2.0	273.0	69	1.0	80
2.0	274.0	75	1.0	80
2.0	275.0	69	1.0	80
2.0	276.0	73	1.0	80
2.0	277.0	69	1.0	80
2.0	278.0	73	1.0	80
2.0	279.0	69	1.0	80
2.0	280.0	75	1.0	80
2.0	281.0	69	1.0	80
2.0	282.0	75	1.0	80
2.0	283.0	69	1.0	80
2.0	284.0	71	1.0	80
2.0	285.0	68	1.0	80
2.0	286.0	71	1.0	80
2.0	287.0	68	1.0	80
2.0	288.0	71	1.0	80
2.0	289.0	68	1.0	80
2.0	290.0	71	1.0	80
2.0	291.0	68	1.0	80
2.0	292.0	73	1.0	80
2.0	293.0	68	1.0	80
2.0	294.0	73	1.0	80
2.0	295.0	68	1.0	80
2.0	296.0	72	1.0	80
2.0	297.0	68	1.0	80
2.0	298.0	72	2.0	80
2.0	300.0	73	1.0	80
2.0	301.0	69	1.0	80
2.0	302.0	73	1.0	80
2.0	303.0	69	1.0	80
2.0	304.0	75	1.0	80
2.0	305.0	69	1.0	80
2.0	306.0	75	1.0	80
2.0	307.0	69	1.0	80
2.0	308.0	73	1.0	80
2.0	309.0	69	1.0	80
2.0	310.0	73	1.0	80
2.0	311.0	69	1.0	80
2.0	312.0	75	1.0	80
2.0	313.0	69	1.0	80
2.0	314.0	75	1.0	80
2.0	315.0	69	1.0	80
2.0	316.0	71	1.0	80
2.0	317.0	68	1.0	80
2.0	318.0	71	1.0	80
2.0	319.0	68	1.0	80
2.0	320.0	71	1.0	80
2.0	321.0	68	1.0	80
2.0	322.0	71	1.0	80
2.0	323.0	68	1.0	80
2.0	324.0	73	1.0	80
2.0	325.0	68	1.0	80
2.0	326.0	73	1.0	80
2.0	327.0	68	1.0	80
2.0	328.0	72	1.0	80
2.0	329.0	68	1.0	80
2.0	330.0	72	2.0	80
